Epoch	Crash_ratio	alpha	entropy	critic1	critic2	LossPi	alpha_loss	critic1_loss	critic2_loss	AverageEpRet	StdEpRet	MaxEpRet	MinEpRet	AverageEpCost	StdEpCost	MaxEpCost	MinEpCost	EpLen	Buffer_size	TotalEnvInteracts	Time
1	0.71681416	0.951681	1.6051795	1.1293609	1.1202503	-2.642839	-0.32980826	0.88602	0.8888889	-7.05196	8.290694	15.878762	-25.549976	4.62771	1.5170279	9.967038	0.9189593	16.035398	6000	4000.0	258.05903339385986
2	0.6055046	0.8611654	1.59524	1.8223312	1.8224331	-3.2107852	-0.98845166	0.724458	0.7227257	-11.422882	47.66542	19.929657	-302.82333	4.342349	1.5062463	8.405957	0.5	45.57798	7000	8000.0	437.6161434650421
3	0.71794873	0.77930343	1.5814263	2.4459069	2.4457822	-3.705655	-1.643693	0.698458	0.6964817	-7.987727	32.421154	18.004496	-294.7557	4.475354	1.2741987	7.757394	1.0	30.410257	8000	12000.0	616.5120761394501
4	0.6123595	0.70531607	1.5503328	2.9927456	2.992817	-4.1435165	-2.2891386	0.69644266	0.69588673	-1.784668	23.004547	20.357649	-281.2097	4.7350364	1.5094492	9.658252	0.9406186	24.921349	9000	16000.0	794.0574944019318
5	0.5329949	0.63850427	1.5016291	3.503016	3.5031064	-4.5613685	-2.9189866	0.74876916	0.7489562	1.8480942	9.599981	21.937944	-14.353323	4.5529456	1.4333249	8.753755	0.91696906	20.258883	10000	20000.0	968.6242921352386
6	0.4450262	0.578182	1.4327645	3.972679	3.9730546	-4.955606	-3.5263617	0.8102849	0.8111888	5.2508965	8.937237	21.746906	-13.623593	4.316372	1.4636467	7.927085	1.1737516	21.047121	11000	24000.0	1143.7829866409302
7	0.43654823	0.52366406	1.3642136	4.4314246	4.4319296	-5.346415	-4.119134	0.8650234	0.8649491	7.3178835	9.397661	25.055222	-11.985439	3.9167016	1.4559019	7.858597	0.92995167	20.360407	12000	28000.0	1314.3380777835846
8	0.35051546	0.47432157	1.2972783	4.8478856	4.848203	-5.704928	-4.699167	0.9406494	0.9402977	9.496449	9.133116	24.881855	-8.927769	3.6480794	1.2701753	6.963791	1.5441418	20.453608	13000	32000.0	1484.6555259227753
9	0.27513227	0.42962846	1.2300786	5.2574306	5.2573576	-6.0640955	-5.265545	0.9854008	0.9857348	11.427972	8.640641	25.264374	-11.850458	3.5610251	1.3115914	7.6251354	0.91090876	21.195766	14000	36000.0	1654.9353454113007
10	0.3025641	0.38913855	1.1752588	5.6463327	5.6460977	-6.4023614	-5.830668	1.0340514	1.0350226	11.133129	8.66649	26.111183	-6.3684206	3.2987912	1.305407	7.2497582	0.9275815	20.492308	15000	40000.0	1823.4745047092438
11	0.2979798	0.3524266	1.1174663	5.998425	5.9986377	-6.7068996	-6.382018	1.0816836	1.0837393	11.845733	8.827717	28.273699	-6.1618505	3.2598991	1.332117	7.3228397	1.1699812	20.363636	16000	44000.0	1990.843326807022
12	0.28645834	0.31919134	1.0663298	6.3343472	6.3342547	-6.9944267	-6.9297924	1.1429063	1.1464443	12.331197	8.714013	26.775633	-4.947288	3.2267494	1.3260678	6.6932726	1.174335	20.6875	17000	48000.0	2158.7928137779236
13	0.1827957	0.28904834	1.0225809	6.6127343	6.612769	-7.226161	-7.4771266	1.1668555	1.1709539	14.751601	7.8737864	31.023352	-5.288756	2.932487	1.2926886	6.4870896	0.92897165	21.532259	18000	52000.0	2325.82138133049
14	0.23834197	0.26174134	0.9838692	6.8697424	6.86951	-7.440498	-8.02313	1.1964139	1.2007586	14.058993	8.705517	29.394188	-5.9623027	2.9744523	1.2510996	6.7971783	0.9650808	20.787565	19000	56000.0	2493.7908594608307
15	0.26903552	0.23699526	0.9397075	7.1031647	7.1029353	-7.632458	-8.553679	1.2402984	1.2468278	13.113397	8.995849	30.749435	-8.320611	2.8999717	1.3373449	6.920433	0.9095265	20.289341	20000	60000.0	2661.451017141342
16	0.24479167	0.21459971	0.89429545	7.3082967	7.3080354	-7.8010306	-9.0732765	1.2286581	1.23599	14.067241	8.514612	30.204193	-6.398241	2.873624	1.3109888	6.8251686	0.9205073	20.755209	21000	64000.0	2829.1266956329346
17	0.24226804	0.19433092	0.8452945	7.5067587	7.506588	-7.963157	-9.577743	1.2567964	1.2630843	13.879351	8.307248	26.523806	-5.8062253	2.7283332	1.2795482	5.8824096	0.90531594	20.726805	22000	68000.0	2996.476474761963
18	0.21465969	0.17597665	0.8049762	7.681225	7.6810207	-8.112402	-10.087799	1.2725003	1.2779411	15.220211	8.463358	29.219517	-3.961209	2.5993707	1.2212075	5.8176436	0.9381791	20.884817	23000	72000.0	3161.7037625312805
19	0.24615385	0.15935016	0.7577912	7.841764	7.8412557	-8.240176	-10.577222	1.2753854	1.282152	14.712405	8.7592745	28.083862	-4.340473	2.694565	1.3054204	6.5414605	0.9219435	20.564102	24000	76000.0	3327.2859678268433
20	0.20526315	0.14430402	0.7061509	8.014907	8.014542	-8.397556	-11.048205	1.282557	1.2916136	15.883187	8.391932	28.916862	-2.2636902	2.5981803	1.2270519	6.1358113	0.94689083	21.078947	25000	80000.0	3493.666635274887
21	0.20526315	0.13068841	0.6522393	8.207492	8.206603	-8.563911	-11.503974	1.2838681	1.2944719	15.467607	8.111433	27.664167	-3.5759454	2.3717694	1.207403	7.007248	0.91289353	20.757895	25000	84000.0	3659.6991670131683
22	0.1368421	0.1183525	0.6105415	8.420569	8.420635	-8.739349	-11.975292	1.280672	1.2907856	16.052195	7.5108194	29.256964	-4.25976	2.348125	1.1395707	6.23985	0.8963799	21.257895	25000	88000.0	3824.557683467865
23	0.14893617	0.107171245	0.57435524	8.658663	8.658211	-8.950132	-12.45131	1.2970531	1.3091366	16.604263	7.830638	29.47127	-2.4321587	2.3928592	1.1334918	6.0965853	0.8997868	21.367022	25000	92000.0	3990.8941366672516
24	0.16842106	0.097052865	0.5173406	8.8788395	8.877967	-9.14483	-12.871189	1.3103594	1.3216965	15.60613	7.5594425	28.156197	-0.89880913	2.3280146	1.1656922	6.254906	0.9185419	21.021053	25000	96000.0	4157.357751131058
25	0.123655915	0.08788603	0.48398542	9.131406	9.131046	-9.372367	-13.337427	1.309788	1.3184671	17.121952	7.3680334	30.047485	-3.9878323	2.1501338	1.235255	7.780248	0.6669736	21.419355	25000	100000.0	4323.108774423599
26	0.11827957	0.0795757	0.45476207	9.421801	9.421317	-9.633642	-13.808271	1.2960746	1.3015809	16.706797	7.405478	30.908154	-2.2953994	2.1900811	1.0477065	5.77843	0.899095	21.580645	25000	104000.0	4488.890659570694
27	0.10638298	0.07204271	0.43350306	9.661693	9.660979	-9.8550205	-14.295017	1.3158196	1.3191139	16.687975	7.1700954	30.791105	-4.1709094	2.1333477	1.1232941	6.659223	0.66563267	21.127659	25000	108000.0	4656.066618919373
28	0.09139785	0.06521061	0.4199576	9.934865	9.934586	-10.106336	-14.79934	1.2924497	1.2952341	17.445127	6.4990196	28.720732	-2.273701	2.051104	1.0064013	6.16986	0.91935116	21.612904	25000	112000.0	4822.998255729675
29	0.097826086	0.059026394	0.39803535	10.214164	10.215283	-10.3619795	-15.277342	1.262323	1.2648339	17.670534	6.742888	28.970669	-3.798663	2.068158	1.1378232	7.115427	0.66779524	21.782608	25000	116000.0	4990.3290894031525
30	0.06629834	0.05342855	0.38007653	10.476264	10.475359	-10.595846	-15.762562	1.1885653	1.185803	18.253702	5.880249	31.642612	-2.7315078	1.9912592	0.864037	6.8376	0.6798096	21.944752	25000	120000.0	5159.597273349762
31	0.08743169	0.04837307	0.3124717	10.693887	10.69389	-10.803268	-16.0919	1.1230161	1.117464	18.485212	6.5709734	27.74312	-5.6827884	2.022941	1.0282581	6.721249	0.9101174	21.967213	25000	124000.0	5329.731540679932
32	0.055555556	0.043814298	0.26831654	10.9042225	10.90414	-11.002717	-16.480219	1.0496777	1.0414345	19.183126	5.617432	26.47401	-3.2714505	1.8821279	0.89354366	6.1046524	0.9038508	22.15	25000	128000.0	5500.86715221405
33	0.017045455	0.039669264	0.2557876	11.133879	11.13467	-11.21882	-16.963408	0.99587846	0.9881239	19.770027	4.5502996	29.420822	-1.8178464	1.8995281	0.70649046	4.762084	0.89914393	22.789772	25000	132000.0	5673.484975337982
34	0.056818184	0.03591068	0.23145609	11.331788	11.333236	-11.412419	-17.405611	0.9086496	0.9035099	18.878649	5.821807	26.855885	-5.079058	1.949368	0.9358363	5.8563333	0.9202793	22.613636	25000	136000.0	5846.846412181854
35	0.039325844	0.032505248	0.22141819	11.540238	11.539566	-11.612789	-17.892452	0.8780672	0.87228614	19.059517	5.2135916	27.593796	-3.160569	1.8770728	0.78864956	5.1977224	0.90581733	22.533709	25000	140000.0	6020.379820585251
36	0.028409092	0.02941987	0.21070501	11.743963	11.744258	-11.813159	-18.375484	0.84922534	0.842198	19.198187	4.8621974	29.382677	-4.605027	1.8091229	0.71709645	4.9885454	0.6702615	22.744318	25000	144000.0	6193.246689319611
37	0.011494253	0.026626347	0.19925094	11.928033	11.927455	-11.990585	-18.853842	0.7816185	0.77682126	20.219385	3.8519437	28.242395	1.5378222	1.8016168	0.59840906	4.3868327	0.9114129	22.994253	25000	148000.0	6367.171902656555
38	0.028409092	0.024096442	0.19578522	12.100064	12.100999	-12.156644	-19.359964	0.7396891	0.7339147	19.55725	4.8250957	29.546682	-2.492334	1.8665811	0.7884047	5.9889107	0.6762216	22.727272	25000	152000.0	6539.355366945267
39	0.011560693	0.021806758	0.18544184	12.266352	12.267323	-12.313414	-19.839148	0.7031045	0.6962246	19.806265	4.167342	28.683382	-1.5816212	1.7856733	0.72272074	5.346074	0.66774166	23.040462	25000	156000.0	6712.212757825851
40	0.017142856	0.019734656	0.18060967	12.428856	12.429602	-12.469398	-20.337994	0.6552179	0.64509207	19.781775	4.268936	27.629208	-2.0264053	1.8495232	0.72958547	5.0491457	0.90878946	22.92	25000	160000.0	6885.6194632053375
41	0.017142856	0.017859032	0.17169052	12.565422	12.565853	-12.59649	-20.81941	0.64609075	0.63439184	20.127653	4.2905626	29.471697	-3.2013948	1.8129826	0.6662872	4.941716	0.9115607	22.982857	25000	164000.0	7060.147651433945
42	0.017142856	0.016161697	0.16652639	12.713948	12.713247	-12.734509	-21.314554	0.60309315	0.58980703	20.532564	4.3558	30.291573	-2.9365718	1.7227703	0.7097843	6.2421684	0.91077876	22.731428	25000	168000.0	7234.013002872467
43	0.022727273	0.014625984	0.15888087	12.845754	12.846711	-12.85701	-21.798214	0.56866425	0.5541411	20.314503	4.5585594	31.448822	-3.8830028	1.8595977	0.7482065	5.6856837	0.9122516	22.857954	25000	172000.0	7409.70178771019
44	0.0058139535	0.013235419	0.15538369	12.942451	12.942608	-12.948839	-22.298399	0.54744726	0.53497106	20.759747	3.726616	27.900347	-0.7299504	1.7788903	0.5767021	3.955699	0.9123426	23.16279	25000	176000.0	7581.95254611969
45	0.0	0.011977233	0.14951828	13.059324	13.059495	-13.059984	-22.787409	0.5107526	0.5011647	20.536026	3.1367254	30.35534	11.811159	1.7636496	0.5462452	3.8444114	0.9105894	22.925287	25000	180000.0	7755.365376710892
46	0.0056497175	0.010838726	0.14261022	13.173594	13.173247	-13.169577	-23.270485	0.47444087	0.4634181	20.534092	3.529403	28.162212	-2.676634	1.7812165	0.6161959	4.9287505	0.92284536	22.689266	25000	184000.0	7929.664095163345
47	0.011363637	0.009808189	0.14242184	13.272372	13.272123	-13.262733	-23.783464	0.45466486	0.44518805	20.544899	3.957872	28.79237	-2.1463537	1.8198994	0.65495014	4.956019	0.92212445	22.551136	25000	188000.0	8101.757219076157
48	0.0	0.0088752825	0.14159027	13.369152	13.36827	-13.355217	-24.293636	0.434823	0.42600903	21.066101	3.1957395	29.486885	12.473146	1.8454417	0.60251427	3.807526	0.9189362	22.818182	25000	192000.0	8275.413331508636
49	0.0056497175	0.008030484	0.14201859	13.4667225	13.466523	-13.4500065	-24.80974	0.40834093	0.40048704	20.977024	3.6949966	29.081192	-5.2383785	1.8145458	0.54700667	3.5612402	0.91150194	22.655367	25000	196000.0	8447.29323220253
50	0.0	0.007266736	0.13666147	13.568597	13.569412	-13.550582	-25.297316	0.37846148	0.37328857	21.086378	3.2743373	29.065325	10.101619	1.8333181	0.5924321	3.6156456	0.6549671	22.666666	25000	200000.0	8620.384908676147
51	0.0	0.0065759574	0.12902886	13.649967	13.650499	-13.629115	-25.772139	0.36632964	0.3615127	20.797518	3.1766787	28.892574	11.839538	1.8551983	0.6391098	3.915808	0.9003606	22.647728	25000	204000.0	8793.469161510468
52	0.0	0.005950632	0.12748066	13.742885	13.742076	-13.718023	-26.276672	0.34610224	0.34022814	21.450617	3.3543527	29.497408	10.255328	1.862214	0.56825745	3.7739663	0.9222218	22.856321	25000	208000.0	8966.539166688919
53	0.011111111	0.0053846547	0.12169436	13.822318	13.82176	-13.79432	-26.758726	0.33219752	0.32670376	20.7305	3.9158719	27.547483	-2.7531722	1.8368598	0.58288914	4.382078	0.910884	22.372223	25000	212000.0	9141.665042161942
54	0.0	0.0048728413	0.11828894	13.892754	13.891865	-13.862218	-27.252296	0.32581085	0.32229492	21.149242	3.338656	30.393639	12.999845	1.7786031	0.5646264	3.492027	0.9063742	22.58192	25000	216000.0	9314.438801527023
55	0.0056497175	0.0044094585	0.11548756	13.978457	13.9783745	-13.948024	-27.748613	0.30120382	0.29603982	20.824968	3.505649	27.722673	0.71332365	1.8234898	0.60836184	3.7738338	0.92228234	22.485876	25000	220000.0	9487.554350614548
56	0.0	0.003989881	0.11533582	14.061373	14.060497	-14.029768	-28.259102	0.29397804	0.2880619	21.210382	3.1131911	27.948317	14.397534	1.8330746	0.57394177	3.859767	0.9084697	22.61017	25000	224000.0	9660.945352554321
57	0.0056179776	0.003610422	0.113021575	14.137693	14.138471	-14.106002	-28.757444	0.28608558	0.2816091	20.65781	3.581982	29.768475	-0.78063	1.8793359	0.5595105	3.7665505	0.6786026	22.595505	25000	228000.0	9834.730021476746
58	0.011299435	0.0032669657	0.109956995	14.191774	14.192674	-14.158578	-29.250988	0.26832172	0.26406094	21.355152	3.5032108	29.039923	1.5163387	1.8202425	0.6551588	4.9649663	0.6823533	22.58757	25000	232000.0	10008.018630981445
59	0.0056179776	0.0029561508	0.10904513	14.256916	14.256666	-14.224796	-29.756468	0.25484508	0.25118995	20.855007	3.6156445	29.089539	-5.7569895	1.8194313	0.59138256	4.081919	0.6677487	22.47191	25000	236000.0	10180.75821185112
60	0.0055555557	0.0026750069	0.10395051	14.321741	14.322752	-14.286338	-30.23691	0.2496602	0.2460227	20.975443	3.8812666	28.121117	-3.1240335	1.8391113	0.5841915	4.7192917	0.9099878	22.244444	25000	240000.0	10354.116676330566
61	0.0056179776	0.0024206375	0.09960581	14.380526	14.380466	-14.346852	-30.720741	0.24802026	0.2449386	20.871386	3.5854182	28.035007	-3.884644	1.8119273	0.5384419	3.6051228	0.91840583	22.382023	25000	244000.0	10527.930082798004
62	0.011173184	0.0021904188	0.096388765	14.435047	14.435476	-14.4001255	-31.210665	0.24275586	0.2397118	20.865103	3.6708105	29.191458	0.21422054	1.8039364	0.5714116	4.0338216	0.89691615	22.340782	25000	248000.0	10701.571797132492
63	0.0056179776	0.0019820884	0.0948763	14.486785	14.486167	-14.448393	-31.710632	0.23746869	0.23534323	20.845787	3.3522246	27.766918	0.56476766	1.8811892	0.61225533	4.846414	0.9224619	22.47191	25000	252000.0	10875.728457689285
64	0.022346368	0.0017934964	0.094988376	14.536456	14.53569	-14.499411	-32.220764	0.22521128	0.22303312	21.050058	4.0898027	30.011755	-2.2113833	1.7483304	0.6305604	4.9125175	0.67523813	22.307262	25000	256000.0	11049.417993307114
65	0.022099448	0.001622777	0.09746755	14.556855	14.556613	-14.519121	-32.746284	0.22520727	0.22360577	21.008074	4.0350347	27.97833	2.0329278	1.811276	0.6541587	4.768449	0.85787004	22.303867	25000	260000.0	11223.1962621212
66	0.0056497175	0.0014683745	0.092193164	14.577551	14.5777	-14.539123	-33.221558	0.21967396	0.21875198	21.265089	3.5350587	30.106745	-0.93483627	1.8342526	0.562643	3.5967002	0.6788364	22.525423	25000	264000.0	11396.967389822006
67	0.02247191	0.0013286471	0.094196744	14.627824	14.627086	-14.589029	-33.74398	0.21190219	0.2105119	20.951698	4.363804	29.9509	-0.06401935	1.847001	0.62418073	4.756802	0.91131985	22.398876	25000	268000.0	11570.808050632477
68	0.03314917	0.0012022038	0.09040733	14.647271	14.648052	-14.608341	-34.22785	0.21834123	0.21731949	20.356632	4.5407305	28.939625	-0.11886129	1.7864257	0.7369902	5.600965	0.90020365	22.149172	25000	272000.0	11744.35064649582
69	0.027777778	0.001087876	0.08775036	14.662964	14.663292	-14.623298	-34.71846	0.21717736	0.21708764	20.980143	5.1244397	28.80804	-4.9518924	1.8420783	0.6280583	4.5875816	0.91219693	22.205555	25000	276000.0	11917.831850767136
70	0.027777778	0.0009843747	0.09001477	14.691776	14.692002	-14.650176	-35.242893	0.22357921	0.22357012	21.134434	4.13129	29.09917	-1.1343067	1.8774217	0.6136949	4.1698422	0.89656	22.25	25000	280000.0	12091.708984136581
71	0.02793296	0.0008906477	0.09163657	14.703443	14.703972	-14.662143	-35.76353	0.22243093	0.22297755	20.866165	4.3600183	29.136421	-2.2897818	1.8864818	0.673569	4.8347054	0.6738058	22.351955	25000	284000.0	12265.941643714905
72	0.022222223	0.00080584467	0.094974495	14.707121	14.707058	-14.664723	-36.296806	0.22235899	0.22340402	20.627821	4.8771563	29.06226	-4.0812774	1.8410203	0.64080805	4.53945	0.6675602	22.244444	25000	288000.0	12440.33456993103
73	0.02247191	0.0007291456	0.089778855	14.712248	14.712125	-14.668403	-36.76878	0.22540772	0.22640531	21.234701	4.2493467	29.354383	1.1063687	1.8766198	0.64113647	4.668476	0.9092875	22.382023	25000	292000.0	12614.937977790833
74	0.016759777	0.00065978646	0.08688643	14.722118	14.723633	-14.67883	-37.256306	0.22660805	0.22698611	20.924026	3.8349748	28.27217	0.0031212985	1.8376243	0.68832684	6.2545877	0.6466457	22.26257	25000	296000.0	12788.072991609573
75	0.044198897	0.00059703004	0.08572904	14.727088	14.727856	-14.684155	-37.756218	0.24103189	0.24171469	20.296787	5.298902	31.234394	-0.8389802	1.8727295	0.6625974	4.5303583	0.9151755	22.198895	25000	300000.0	12962.221253156662
76	0.044198897	0.00054019527	0.09173217	14.726975	14.7274065	-14.683174	-38.310173	0.23281184	0.23358154	20.718052	4.8179455	28.064224	-4.909336	1.9782104	0.708367	5.0412517	0.9005054	22.121548	25000	304000.0	13136.344855070114
77	0.033333335	0.00048878056	0.085990705	14.72478	14.725823	-14.6797285	-38.775642	0.23473325	0.23476271	20.825212	5.013759	28.483154	-3.8960567	1.8739749	0.64412767	4.227465	0.89401037	22.25	25000	308000.0	13309.365209579468
78	0.02259887	0.00044227685	0.085585795	14.739587	14.741215	-14.69463	-39.281017	0.25272816	0.2546779	21.32953	4.0938807	27.519741	-1.2907189	1.8347199	0.5999074	4.509194	0.66778576	22.435028	25000	312000.0	13485.883791446686
79	0.016666668	0.00040018646	0.08335604	14.736436	14.735564	-14.689289	-39.772095	0.2442826	0.24566098	21.824629	4.069227	28.304272	-0.76894945	1.7742606	0.6135005	4.5317907	0.6673776	22.45	25000	316000.0	13659.561134815216
80	0.0056818184	0.00036212278	0.08116994	14.723873	14.72441	-14.678417	-40.26292	0.25062132	0.2511752	21.833534	3.3724635	27.762968	-1.3833017	1.8505429	0.60143214	3.949853	0.9103679	22.568182	25000	320000.0	13835.97241806984
81	0.011235955	0.00032765238	0.0826698	14.743311	14.743352	-14.696623	-40.783207	0.23912357	0.24049705	21.245049	3.7566311	28.873741	0.5504237	1.8326749	0.5757633	3.8029213	0.8688499	22.494383	25000	324000.0	14011.533857584
82	0.0056179776	0.000296434	0.080476776	14.738339	14.739514	-14.692418	-41.27431	0.25575194	0.25690973	21.893127	3.2023191	29.94627	1.7277186	1.8091056	0.5224951	3.7528412	0.7219787	22.511236	25000	328000.0	14187.678089618683
83	0.016666668	0.00026818842	0.081013456	14.730621	14.729719	-14.68302	-41.787445	0.25975567	0.26260564	21.425934	4.0930257	29.529213	-1.5591291	1.8157274	0.56237704	4.178676	0.9206563	22.11111	25000	332000.0	14364.563194990158
84	0.005586592	0.00024263552	0.0801174	14.740223	14.7405405	-14.693953	-42.28881	0.25401217	0.2558762	21.395996	3.612444	31.180271	0.8121424	1.8434651	0.57671607	3.701658	0.9158212	22.418995	25000	336000.0	14538.711371660233
85	0.011111111	0.00021951635	0.07831167	14.729168	14.729641	-14.682611	-42.78222	0.24602081	0.24749231	21.903896	3.7461982	28.48959	-2.8658316	1.8297341	0.5763357	3.879901	0.9099564	22.316668	25000	340000.0	14713.338648080826
86	0.005586592	0.00019860142	0.07621556	14.729799	14.7306385	-14.683096	-43.272846	0.24641518	0.24849844	21.601467	3.2407765	29.518387	2.8134553	1.8411587	0.577745	4.0303073	0.90969205	22.26257	25000	344000.0	14889.37250161171
87	0.03314917	0.000179679	0.07363928	14.732392	14.733953	-14.684634	-43.75893	0.25555363	0.257588	21.22491	4.7650642	30.414648	-0.9141976	1.7876058	0.68476367	4.9372783	0.9208826	22.088398	25000	348000.0	15064.059738397598
88	0.016574586	0.00016255924	0.07457605	14.745346	14.746035	-14.698956	-44.275154	0.2501219	0.2523672	21.233332	3.98644	28.410515	-2.8491256	1.8448397	0.6199436	4.680367	0.66538644	22.21547	25000	352000.0	15238.533545017242
89	0.016949153	0.00014706976	0.07507917	14.742309	14.743409	-14.694901	-44.787655	0.25377253	0.2560169	21.18039	4.472898	31.16131	-1.3641361	1.8090866	0.6194734	4.94273	0.9189218	22.485876	25000	356000.0	15413.808739185333
90	0.016666668	0.00013305616	0.07461426	14.751594	14.7521305	-14.704532	-45.291718	0.24426486	0.24595298	21.452751	4.0654216	28.71929	-1.0621456	1.7902678	0.5798246	4.4245667	0.9092198	22.244444	25000	360000.0	15589.538558483124
91	0.011173184	0.00012037794	0.074391864	14.784052	14.784873	-14.73649	-45.79786	0.25025454	0.25212997	21.163002	3.8696127	28.688667	-2.5478985	1.9137522	0.5825787	3.946389	0.91894937	22.346369	25000	364000.0	15764.475144386292
92	0.0	0.00010890809	0.072990485	14.785428	14.785424	-14.737509	-46.2932	0.25144723	0.25380442	21.98827	3.012355	30.759867	13.225483	1.7746786	0.48852414	3.093863	0.914006	22.446327	25000	368000.0	15939.017073392868
93	0.0	9.853101e-05	0.07267084	14.820866	14.821429	-14.772643	-46.79818	0.24768329	0.25048277	21.466413	3.109386	27.764832	0.66880244	1.773712	0.5070145	3.417613	0.9099338	22.270718	25000	372000.0	16112.331452846527
94	0.0056497175	8.9142704e-05	0.07216693	14.847526	14.848925	-14.799299	-47.301483	0.23901112	0.24050668	21.718815	3.2796798	30.899292	4.647782	1.8752356	0.59906864	4.4580193	0.9235506	22.491526	25000	376000.0	16285.966471672058
95	0.005524862	8.064876e-05	0.07279491	14.853507	14.853589	-14.805741	-47.815243	0.24428007	0.2462381	21.340063	3.1122172	28.68187	2.1984975	1.8430462	0.54616815	3.3254368	0.9120075	22.232044	25000	380000.0	16459.561188220978
96	0.0	7.296411e-05	0.073135436	14.877724	14.878467	-14.830571	-48.32647	0.23409326	0.2359253	21.664537	3.3012927	29.429781	11.9784155	1.8884706	0.5680865	3.7754328	0.9299292	22.548023	25000	384000.0	16633.26567840576
97	0.022222223	6.6011766e-05	0.071221255	14.890351	14.892187	-14.842401	-48.816086	0.22623658	0.22917114	21.694752	4.21447	28.652533	1.2223213	1.8048922	0.6367171	4.977362	0.9156453	22.144444	25000	388000.0	16806.674498081207
98	0.011235955	5.972184e-05	0.0728499	14.918199	14.919267	-14.869875	-49.339703	0.22087479	0.22189589	21.817818	3.4644928	29.261738	1.0108916	1.7759455	0.5644173	4.9318695	0.9141647	22.505617	25000	392000.0	16980.911006212234
99	0.011299435	5.403123e-05	0.07134376	14.934097	14.935064	-14.886701	-49.83289	0.23227228	0.23386389	21.55208	4.144723	29.68537	-8.472125	1.7982157	0.5897248	5.0170155	0.92349523	22.519773	25000	396000.0	17155.768027305603
100	0.0	4.8882837e-05	0.07203664	14.969375	14.968795	-14.920076	-50.34758	0.22164941	0.22388531	21.88764	2.9008389	29.105995	13.378036	1.8046142	0.5834857	4.4977937	0.9280394	22.340782	25000	400000.0	17331.382333040237
101	0.016574586	4.422507e-05	0.07141282	14.968955	14.969986	-14.920358	-50.849236	0.21002193	0.21102875	21.036499	4.0433183	29.521912	-4.3062096	1.8612704	0.62849414	4.7636123	0.9200796	22.287292	25000	404000.0	17505.120782375336
102	0.011173184	4.001113e-05	0.0701088	14.995128	14.9952545	-14.948011	-51.343838	0.22215228	0.22455548	21.658108	3.2781112	27.371244	4.7797666	1.8046814	0.56264913	4.2148647	0.6810668	22.284916	25000	408000.0	17677.90200304985
103	0.005524862	3.6198668e-05	0.0704164	15.018895	15.019193	-14.972232	-51.85467	0.19815023	0.19920823	21.924088	2.8169107	29.508844	8.249522	1.7123544	0.5273227	3.9937866	0.91979486	22.022099	25000	412000.0	17852.134029865265
104	0.016759777	3.274946e-05	0.07039728	15.026492	15.027853	-14.979031	-52.362236	0.2214523	0.22278488	20.877384	3.916463	27.133295	-0.85383195	1.9116856	0.65842605	4.888549	0.91750336	22.441341	25000	416000.0	18026.079797029495
105	0.016853932	2.9628918e-05	0.06957053	15.048802	15.0484705	-14.999211	-52.861317	0.21449365	0.21442682	21.59333	3.789209	29.10045	3.291148	1.8774441	0.5925126	4.6562467	0.90332925	22.432585	25000	420000.0	18200.178158283234
106	0.027624309	2.680576e-05	0.07239833	15.058047	15.057424	-15.009678	-53.398743	0.2094986	0.20982173	21.448801	4.5075364	28.70229	-1.2889746	1.8931578	0.6967727	4.635207	0.67816114	22.165747	25000	424000.0	18374.408857584
107	0.0056179776	2.4251562e-05	0.07122269	15.052336	15.053514	-15.005349	-53.894142	0.21160297	0.21171978	21.854982	3.3628078	30.466799	2.197314	1.7573023	0.5440601	5.0067244	0.92380285	22.449438	25000	428000.0	18550.911856412888
108	0.032786883	2.1940765e-05	0.07164072	15.052354	15.052669	-15.005258	-54.406403	0.21638753	0.21663123	21.235739	4.7142897	28.566216	-2.8262792	1.8087852	0.655378	4.6105213	0.9094328	21.803278	25000	432000.0	18725.731370449066
109	0.011173184	1.9850186e-05	0.070593886	15.053237	15.053113	-15.003514	-54.902927	0.21370994	0.2145391	21.6875	3.645724	28.818264	6.348389	1.8654248	0.59197885	4.4451213	0.91501975	22.413408	25000	436000.0	18900.799426555634
110	0.005586592	1.7958764e-05	0.069236755	15.046598	15.047057	-14.999246	-55.395866	0.20842634	0.20865671	21.563694	3.514747	30.424368	0.04392445	1.8389612	0.58309036	4.7802563	0.9121615	22.363129	25000	440000.0	19074.410866498947
111	0.016853932	1.6247555e-05	0.071160585	15.064207	15.063685	-15.013687	-55.9247	0.21539865	0.21568559	21.440002	4.405863	28.69789	-4.654243	1.9338887	0.6242766	4.236216	0.8957248	22.460674	25000	444000.0	19250.664670944214
112	0.0055555557	1.4699403e-05	0.07043779	15.06439	15.065027	-15.016349	-56.424446	0.2200448	0.22110227	21.185253	3.2847943	27.800053	5.09181	1.9032046	0.5491293	4.1421194	0.9100668	22.322222	25000	448000.0	19424.852075099945
113	0.011173184	1.329878e-05	0.07086212	15.061611	15.061262	-15.013613	-56.936916	0.21846971	0.21935026	21.74793	3.704891	28.307835	-0.4908661	1.8325762	0.59288687	3.7855606	0.9106504	22.173183	25000	452000.0	19598.19367146492
114	0.011049724	1.2031609e-05	0.071778856	15.074	15.075854	-15.026035	-57.455082	0.20408788	0.2043241	21.610106	3.915721	30.414782	-1.1219453	1.8424598	0.5992348	4.583644	0.90913963	22.154696	25000	456000.0	19771.73929834366
115	0.0056818184	1.0885204e-05	0.06975952	15.066561	15.067303	-15.017977	-57.93988	0.20531608	0.20567743	21.933352	3.2437117	28.004278	5.324669	1.9082618	0.5562901	3.8317783	0.74591815	22.568182	25000	460000.0	19945.639038324356
116	0.022099448	9.848022e-06	0.0689698	15.069093	15.069629	-15.020752	-58.43845	0.20592065	0.20651251	21.14961	4.703512	29.468407	-1.0840491	1.8688278	0.66233253	4.671535	0.92970914	22.13812	25000	464000.0	20120.298414945602
117	0.020547945	8.909661e-06	0.07103056	15.063635	15.063594	-15.011209	-58.969955	0.25043276	0.22716354	21.16846	4.365454	28.598969	0.2810632	1.8935739	0.61942756	4.494798	0.90394807	22.130136	25000	468000.0	20314.69944190979
118	0.023391813	8.060711e-06	0.07085579	15.027093	15.025341	-14.977002	-59.47571	0.25100005	0.23499991	21.023537	5.532004	29.847345	-27.257584	1.815188	0.63589174	5.050572	0.0	27.947369	25000	472000.0	20493.453822612762
119	0.022099448	7.292645e-06	0.07243341	15.011003	15.011872	-14.962336	-60.002144	0.23686166	0.22926489	21.271067	4.267816	29.223333	-1.3842738	1.8406494	0.5920844	3.845585	0.92039555	22.149172	25000	476000.0	20668.805397748947
120	0.0	6.5977715e-06	0.07151611	15.010155	15.009323	-14.961692	-60.499096	0.232047	0.22485293	21.83426	3.4494567	28.110567	-1.1568661	1.877787	0.539081	3.5143387	0.9144242	22.676136	25000	480000.0	20845.085804462433
121	0.022346368	5.9690997e-06	0.07405864	14.98277	14.984124	-14.934768	-61.037563	0.23915447	0.23704182	21.464298	4.283358	29.83016	1.7717564	1.8899243	0.63996005	4.7157	0.9108856	22.486034	25000	484000.0	21022.427976846695
122	0.016949153	5.4003353e-06	0.07330185	14.9852295	14.987042	-14.937756	-61.536446	0.22622082	0.22489206	21.5384	3.5541177	28.4259	1.927833	1.9726863	0.6794243	5.212938	0.90982586	22.570621	25000	488000.0	21199.622899532318
123	0.011173184	4.8857737e-06	0.07337451	14.9845295	14.984542	-14.93549	-62.045322	0.22876236	0.22559115	21.727623	4.26026	28.676746	-3.2022164	1.8816963	0.5629541	3.5136752	0.92053336	22.27933	25000	492000.0	21376.576739549637
124	0.027777778	4.4202447e-06	0.06856189	14.969594	14.969988	-14.919563	-62.49398	0.23835422	0.24096511	21.276857	4.4234047	28.925838	-3.2223988	1.8509864	0.6845574	4.4732127	0.89491755	22.127777	25000	496000.0	21551.655866384506
125	0.011173184	3.999082e-06	0.069512665	14.9763155	14.977335	-14.925617	-63.013348	0.23456073	0.23479822	21.558323	3.60314	28.933891	-1.7935908	1.8697505	0.6126053	4.092369	0.8936739	22.458101	25000	500000.0	21725.785106420517
