Epoch	AveragePenalty	StdPenalty	AverageCrash_counter	StdCrash_counter	Crash_ratio	AverageEpRet	StdEpRet	MaxEpRet	MinEpRet	AverageEpCost	StdEpCost	MaxEpCost	MinEpCost	EpLen	AverageVVals	StdVVals	MaxVVals	MinVVals	TotalEnvInteracts	LossPi	LossV	LossVC	DeltaLossPi	DeltaLossV	DeltaLossVC	Entropy	KL	ClipFrac	StopIter	Time
0	1.05	0.0	101.0	0.0	0.7214286	-6.4006324	8.890743	20.475067	-17.088	4.666585	1.230178	8.0382395	1.9917544	16.357143	0.034353483	0.017942363	0.073055126	-0.08178387	4000	-4.4703484e-08	280.69836	7.4652815	-0.018307567	-187.4105	-6.720639	1.6072258	0.011773874	0.091	79.0	232.81077551841736
1	1.0997957	0.0	121.0	0.0	0.626943	-4.3916893	9.103816	19.122066	-19.2825	4.212964	1.3647846	8.20071	1.1752115	16.761658	-7.2495437	6.8879538	2.38165	-20.482807	8000	1.8626451e-09	100.717705	1.3164504	-0.0061713625	-11.993434	-0.13816199	1.5885358	0.013550469	0.23125	9.0	439.43150663375854
2	1.1496129	0.0	93.0	0.0	0.47692308	-1.2236847	9.217523	19.057898	-20.149729	4.327189	1.4262147	8.132028	1.1527988	19.620512	-3.2057884	5.3747725	4.7609477	-15.725371	12000	1.4901161e-08	125.25835	1.5115687	-0.015427592	-45.96213	-0.08698571	1.5603917	0.009291759	0.15400001	79.0	639.1447417736053
3	1.1993402	0.0	107.0	0.0	0.5144231	-1.8862152	9.2576065	20.706991	-19.630825	4.146903	1.4338856	9.199228	1.0263004	18.95673	1.3918289	2.3933718	7.2996497	-3.7475848	16000	-5.5879354e-09	60.281525	1.4295663	-0.010354232	-8.004244	-0.047847718	1.5288552	0.012999308	0.35175002	7.0	835.1604764461517
4	1.248657	0.0	88.0	0.0	0.42105263	0.93062097	9.331217	22.003042	-19.665508	3.663595	1.4111099	7.775624	0.94928116	18.923445	1.9734142	3.1807048	7.1113777	-4.7925	20000	2.7939677e-08	52.71836	1.5864031	-0.0043805037	-5.436736	-0.1825085	1.4850144	0.015982011	0.36725	5.0	1032.1391274929047
5	1.2975463	0.0	68.0	0.0	0.34517765	2.7534354	9.106304	25.560997	-17.658598	3.4647393	1.4068271	7.8504	0.91721815	19.979696	4.234778	3.197259	8.92497	-5.7106557	24000	-1.7695129e-08	46.842995	1.3998296	-0.0062914495	-2.7539825	-0.07593173	1.4053082	0.013078067	0.128	4.0	1232.8936939239502
6	1.3462259	0.0	67.0	0.0	0.34895834	2.1582634	9.456583	21.576717	-15.654761	3.542907	1.415142	8.750571	0.9510418	20.53125	5.378051	2.6933303	9.357194	-5.8560715	28000	6.519258e-09	46.07509	1.2821238	-0.007138515	-2.516694	-0.07027392	1.3334138	0.013719998	0.2085	3.0	1437.4427275657654
7	1.3945574	0.0	79.0	0.0	0.395	2.6991503	10.6881695	26.477314	-16.052523	3.3151758	1.3157659	7.2723303	0.93003905	19.675	4.9446464	2.9598231	9.551148	-2.5573697	32000	-7.450581e-09	52.72009	1.135941	0.0008262582	-1.3961124	-0.076031014	1.2368324	0.01584917	0.16075	4.0	1642.5981585979462
8	1.4424914	0.0	70.0	0.0	0.36082473	4.1236057	10.612479	24.51737	-16.920254	3.1648612	1.2826575	7.7478147	0.9184999	20.474226	5.44953	3.190601	11.018177	-3.4774342	36000	1.6763806e-08	51.21827	1.1031115	-0.0044884467	-3.8557158	-0.040386513	1.1149817	0.017348025	0.19925	4.0	1851.804869890213
9	1.4899987	0.0	77.0	0.0	0.38118812	4.106033	10.61671	27.734833	-17.136875	3.0373747	1.242163	6.2032237	0.92224276	19.638615	6.4874806	2.9941156	10.882993	-3.1224148	40000	1.8626451e-09	48.82202	0.8748207	-0.011809627	-3.3876505	-0.04635708	0.9851497	0.009539553	0.110249996	79.0	2058.9747009277344
10	1.5369928	0.0	70.0	0.0	0.35	5.7954674	10.473102	25.629608	-14.526188	2.8639648	1.1556077	5.9775543	0.88887674	19.69	6.7935886	3.4268334	12.981833	-5.641215	44000	1.8626451e-09	46.822113	0.77955794	-0.013105098	-2.6412754	-0.026610121	0.92208505	0.0097211	0.07975	79.0	2265.2904715538025
11	1.583492	0.0	55.0	0.0	0.29100528	8.443333	10.338012	28.85727	-15.212785	2.7824123	1.1030203	5.9296036	0.9177858	20.962963	7.7153115	2.9118226	13.283368	-3.4494061	48000	-7.450581e-09	44.503098	0.7662386	-0.01232464	-3.050537	-0.030172348	0.9104365	0.006381848	0.139	79.0	2479.885343313217
12	1.6296444	0.0	63.0	0.0	0.33333334	8.361015	10.528466	27.367737	-14.164358	2.824094	1.199674	7.9202485	0.896567	20.83598	8.840872	2.6860287	14.355839	-3.1169727	52000	-1.8626451e-08	46.098846	0.7985594	-0.0018826309	-2.913724	-0.042631626	0.8874397	0.014321785	0.172	4.0	2679.319468975067
13	1.675463	0.0	65.0	0.0	0.3233831	8.755603	10.815802	28.990145	-17.064852	2.7717984	1.1885638	6.5913134	0.90842414	19.741293	9.010126	3.4244952	16.915253	-7.127745	56000	4.656613e-09	47.732307	0.7208327	-0.009832415	-4.408003	-0.0669142	0.8232519	0.0072730035	0.09	79.0	2875.7067341804504
14	1.7209206	0.0	70.0	0.0	0.35	8.790343	10.429837	28.0902	-13.696555	2.690175	1.1575129	5.9572964	0.6561307	19.745	9.431835	3.2687645	16.235628	-1.8642887	60000	6.519258e-09	44.487926	0.71137846	-0.01027904	-1.3236284	-0.01639913	0.782858	0.008404306	0.071	79.0	3068.882468700409
15	1.7660255	0.0	53.0	0.0	0.27604166	11.753974	10.17305	26.880705	-15.420084	2.6389773	1.1159241	5.63254	0.6675318	20.458334	9.365723	2.9850657	16.142673	-3.589971	64000	0.0	43.710632	0.65612775	-0.010740803	-5.394105	-0.018120155	0.7683187	0.008859392	0.10875	79.0	3263.3266789913177
16	1.8107768	0.0	49.0	0.0	0.25789472	12.439019	10.036557	26.64801	-8.879125	2.5839217	1.0987872	5.7430797	0.6675284	20.647367	10.677265	2.7718112	16.764297	-1.0010806	68000	-1.3038516e-08	36.78858	0.6091094	-0.010488142	-3.271882	-0.019605815	0.7487756	0.007939998	0.13775	79.0	3454.3209912776947
17	1.8549887	0.0	48.0	0.0	0.25	13.6033125	9.333668	28.8112	-10.046349	2.3841653	1.0431129	5.7573433	0.90975827	20.697916	11.369471	3.2914035	18.747341	-0.35542065	72000	-1.8626451e-09	36.104057	0.56658703	-0.00700715	-3.6985145	-0.028512359	0.7244544	0.0038458162	0.059249997	79.0	3639.5781750679016
18	1.8988278	0.0	55.0	0.0	0.2849741	13.63006	10.071	29.185896	-11.101162	2.4478633	1.0267649	6.1711245	0.66762865	20.58031	11.326894	2.983031	16.446407	-2.2595994	76000	1.4901161e-08	37.428543	0.5147659	-0.006478955	-3.403737	-0.065089285	0.657254	0.0044830544	0.041	79.0	3830.897885084152
19	1.942395	0.0	59.0	0.0	0.3041237	13.356979	10.200921	28.915312	-9.868255	2.4772382	1.0124856	4.9292307	0.92831117	20.268042	11.531399	3.4585366	17.950998	-1.1646945	80000	8.381903e-09	37.018944	0.5009825	-0.008945547	-2.4512167	-0.03704808	0.650617	0.0061134044	0.058999997	79.0	4016.1813299655914
20	1.9854897	0.0	46.0	0.0	0.24468085	14.930618	9.752412	27.657082	-8.054797	2.2861688	0.97722393	5.111458	0.66756654	21.026596	11.600161	3.624998	18.397326	-3.6575167	84000	9.313226e-09	37.941147	0.5126621	-0.007964501	-5.0226502	-0.07523017	0.62510467	0.0068590366	0.05025	79.0	4202.160782337189
21	2.0281615	0.0	43.0	0.0	0.22513089	15.724286	9.710695	28.238066	-9.157027	2.2694044	0.9690771	4.7125306	0.6665978	20.685863	12.377592	3.095794	19.41437	-1.4504671	88000	-9.313226e-09	30.350552	0.3838458	-0.007996624	-5.639111	-0.052235983	0.59786797	0.005068803	0.04425	79.0	4381.469476938248
22	2.0705988	0.0	53.0	0.0	0.27319586	14.709302	9.931609	30.266495	-7.6576133	2.360283	1.0509323	5.385247	0.9098419	20.572165	12.301601	3.9875798	20.097624	-2.4181352	92000	-1.3038516e-08	34.250473	0.5210607	-0.007186773	-4.88783	-0.07645723	0.5811699	0.012200704	0.03375	26.0	4569.22324681282
23	2.112856	0.0	49.0	0.0	0.2565445	15.71162	9.731069	28.857298	-8.22041	2.3684552	0.98767126	4.890512	0.8826121	20.685863	12.299904	4.007819	24.053667	-6.126445	96000	-2.7939677e-09	33.03174	0.431161	-0.008352047	-3.4491897	-0.056616142	0.56510997	0.010908192	0.04275	79.0	4756.275687217712
24	2.1551056	0.0	56.0	0.0	0.2871795	14.535381	9.648684	27.81718	-5.499927	2.469049	0.9814053	4.9603815	0.899044	20.205128	12.437129	4.1980352	19.770073	-4.8954296	100000	7.450581e-09	27.388523	0.36080194	-0.008492449	-4.008545	-0.04414506	0.578422	0.012100025	0.05725	42.0	4944.226516246796
25	2.1974297	0.0	57.0	0.0	0.29081634	15.396342	10.020256	32.670914	-6.540752	2.5179935	1.012831	5.3543315	0.91106457	20.280613	11.9108715	4.519813	19.099648	-4.0702486	104000	7.450581e-09	30.467812	0.40773576	-0.008006862	-3.835484	-0.038197868	0.5650021	0.0036524807	0.04575	79.0	5126.910880327225
26	2.2393498	0.0	42.0	0.0	0.21989529	17.154028	9.324463	29.699223	-2.3644454	2.169275	0.9716575	4.8215957	0.90890783	20.712042	12.445869	4.4328923	20.66935	-2.5850854	108000	-1.4901161e-08	24.41403	0.29206267	-0.008141658	-4.9515176	-0.06814957	0.5452926	0.0072527993	0.06725	79.0	5309.705968618393
27	2.281222	0.0	57.0	0.0	0.28787878	15.340914	9.83486	29.57367	-7.4255395	2.378847	0.9682428	5.1501775	0.9127416	19.848484	12.954184	4.7735844	21.675756	-3.1247134	112000	1.3038516e-08	31.01182	0.3468115	-0.006689705	-4.8743324	-0.06625542	0.5225037	0.004090936	0.02925	79.0	5494.852805137634
28	2.322913	0.0	48.0	0.0	0.24870466	16.183783	9.172927	32.37262	-4.8671794	2.2708266	1.077494	5.7071743	0.8905174	20.471502	12.92437	4.353249	21.132189	-5.960285	116000	-1.8626451e-09	24.057308	0.38188925	-0.007628914	-3.8112798	-0.060419843	0.5059542	0.0028524077	0.04	79.0	5679.707558631897
29	2.364441	0.0	49.0	0.0	0.2525773	16.455832	9.7403145	29.981104	-6.358524	2.2600706	1.0226125	6.0028763	0.9087489	20.520618	12.638742	4.5254264	25.682793	-5.079484	120000	-7.450581e-09	27.190264	0.3197292	-0.005935611	-3.293686	-0.03495991	0.4879186	0.012009998	0.046000004	18.0	5864.2233238220215
30	2.4059303	0.0	54.0	0.0	0.2755102	16.397314	9.470809	29.307825	-5.0585494	2.3237147	1.0779152	5.319981	0.90904605	20.142857	12.664942	5.105575	24.116112	-6.8887606	124000	1.8626451e-09	21.88929	0.33151972	-0.0015949518	-4.118337	-0.06977841	0.48772448	0.012249216	0.114250004	3.0	6047.900011301041
31	2.4473839	0.0	53.0	0.0	0.2746114	16.322899	9.980839	29.100275	-4.5035663	2.3133438	0.9697636	4.596124	0.9084877	20.595856	12.76419	5.155152	21.95125	-7.044433	128000	2.142042e-08	28.719099	0.34904644	-0.0067408383	-5.918272	-0.0862736	0.48513764	0.012409719	0.09025	45.0	6235.376033306122
32	2.4885936	0.0	37.0	0.0	0.19680852	18.118902	8.912661	29.5447	-3.3734148	2.161059	0.94220376	4.9613614	0.66772854	21.095745	13.459584	4.605905	20.85083	-6.205186	132000	3.7252903e-09	19.282055	0.28312975	-0.0059864563	-3.1437354	-0.04776874	0.5163568	0.0034070103	0.08825	79.0	6421.803699016571
33	2.5297081	0.0	39.0	0.0	0.20855615	18.110107	9.085641	31.136871	-3.9222553	2.2338848	0.9517047	5.103398	0.91291845	21.128342	14.023462	4.472053	21.60323	-5.780043	136000	-7.450581e-09	23.423996	0.2838211	-0.008710187	-3.4132886	-0.04812968	0.4817323	0.0059538893	0.05475	79.0	6611.9971425533295
34	2.5708792	0.0	51.0	0.0	0.26288658	16.886621	9.604061	28.89935	-3.4717255	2.3191516	1.0548196	5.293137	0.66767347	20.41237	12.750056	5.5182247	21.723223	-5.0975184	140000	-1.3969839e-08	24.362122	0.3080887	-0.006315379	-4.447605	-0.061437365	0.47662824	0.0062645227	0.0575	79.0	6798.905004024506
35	2.612023	0.0	47.0	0.0	0.24479167	17.3159	9.782363	31.390265	-3.9039886	2.259011	0.9819581	5.043336	0.9083995	20.625	13.157471	4.8097987	23.117338	-6.5268483	144000	-7.450581e-09	20.420183	0.23625186	-0.006061187	-3.6652207	-0.040768534	0.46603766	0.0044460837	0.043750003	79.0	6985.844910860062
36	2.6532845	0.0	54.0	0.0	0.2783505	16.430307	9.337332	31.899921	-4.042466	2.3438442	1.0602447	5.4066625	0.91605383	20.48969	13.283279	5.2469907	22.148	-5.4354687	148000	5.5879354e-09	25.283905	0.3372849	-0.0069874926	-4.4249115	-0.036921535	0.47460723	0.005412137	0.06275	79.0	7171.446225643158
37	2.6945305	0.0	48.0	0.0	0.24870466	16.571728	9.617421	28.327045	-4.3749523	2.2568893	0.96435	5.003453	0.66752607	20.466322	12.3706	5.01559	21.131521	-4.8144455	152000	7.450581e-09	25.286999	0.2781427	-0.0072769364	-5.4608927	-0.055938084	0.4528277	0.005581229	0.041500002	79.0	7355.603420495987
38	2.7357407	0.0	53.0	0.0	0.26767677	16.517855	9.959968	31.204853	-4.4835677	2.2347336	0.97465706	4.7012844	0.6677599	19.90909	12.721302	5.019176	21.181684	-5.402966	156000	-1.8626451e-09	22.919617	0.25679988	-0.007997481	-4.2581615	-0.05063932	0.47845003	0.0069815726	0.0475	79.0	7544.450164556503
39	2.777013	0.0	47.0	0.0	0.24479167	16.934328	9.192795	29.904934	-4.9522552	2.2874715	0.980673	5.145151	0.9110559	20.583334	13.3806	5.153157	21.718388	-5.8665824	160000	1.8626451e-09	22.79398	0.2589755	-0.0076155155	-3.236791	-0.041438807	0.47896093	0.002348905	0.039750002	79.0	7737.7156364917755
40	2.8183968	0.0	55.0	0.0	0.2763819	16.107174	9.671133	30.23241	-3.3534305	2.3155124	0.96215165	4.850554	0.91999364	19.929647	12.4967165	5.152571	20.687317	-8.522665	164000	-1.4901161e-08	25.485613	0.2752176	-0.0076179076	-3.7707696	-0.05880108	0.47467363	0.011321176	0.086	79.0	7920.522999286652
41	2.8598564	0.0	52.0	0.0	0.26530612	16.348648	9.064376	29.746119	-1.7243102	2.2928958	1.024566	5.2033978	0.8965502	20.295918	12.574791	4.9937253	20.785168	-6.3919606	168000	4.656613e-09	19.445599	0.23713031	-0.007071799	-3.6660006	-0.036938842	0.4812594	0.0051096026	0.0455	79.0	8117.618084192276
42	2.901405	0.0	52.0	0.0	0.26262626	16.699797	9.814123	29.095644	-5.8483357	2.2993436	1.0200353	5.1562376	0.90910137	19.974747	12.720312	5.0231185	23.629482	-5.951402	172000	0.0	21.831812	0.28584898	-0.0068415585	-4.6263905	-0.061555587	0.47454393	0.0062022503	0.04225	79.0	8304.316148519516
43	2.9428895	0.0	41.0	0.0	0.21925133	17.552654	9.557135	28.652771	-2.871104	2.2018547	0.9962378	6.2252474	0.9236627	21.112299	13.612779	5.323611	21.804722	-5.816136	176000	-7.450581e-09	17.13667	0.23621097	-0.0075142803	-3.9340322	-0.049890064	0.4705057	0.005708928	0.044	79.0	8493.867290258408
44	2.9842713	0.0	31.0	0.0	0.1693989	18.389418	8.134004	28.901152	-3.345617	2.1673026	0.9642604	6.201758	0.9091659	21.557377	13.557697	4.68873	21.401072	-5.400476	180000	1.3038516e-08	17.169739	0.21631256	-0.006870027	-3.8927557	-0.036905542	0.45309353	0.007889453	0.0425	79.0	8680.35637331009
45	3.0257676	0.0	46.0	0.0	0.24338624	17.24333	9.484831	31.045359	-3.603393	2.2880511	0.95969814	4.868824	0.9314743	20.820107	13.268719	5.1159983	21.959866	-5.1631565	184000	4.656613e-09	19.896584	0.24161838	-0.007635736	-4.417394	-0.071752995	0.4251895	0.0016980139	0.0455	79.0	8866.705653429031
46	3.0671723	0.0	32.0	0.0	0.17297298	18.817726	8.148622	29.109125	-2.798659	2.1622863	0.97332555	5.909412	0.6676366	21.448648	13.532666	4.957598	22.56762	-7.053624	188000	-1.8626451e-09	17.97836	0.22044006	-0.0066047898	-4.078486	-0.038689647	0.43290856	0.0073590046	0.0325	79.0	9057.409500598907
47	3.1087224	0.0	52.0	0.0	0.26943004	16.562742	9.744506	28.576849	-3.8423033	2.2945724	0.92691964	4.503882	0.6724839	20.595856	13.800251	5.3385086	23.08099	-6.4384956	192000	0.0	17.77835	0.19878635	-0.0063776616	-4.5710773	-0.038952097	0.46604562	0.0058126254	0.041500002	79.0	9248.672898054123
48	3.1504848	0.0	48.0	0.0	0.2513089	16.899385	9.650347	30.642748	-4.0909834	2.338571	0.96306676	4.8173366	0.9087457	20.732985	12.703103	5.4788213	21.982683	-8.122937	196000	7.450581e-09	23.94883	0.26084697	-0.005992301	-7.008116	-0.063081935	0.45738116	0.004659979	0.038000003	79.0	9438.139988660812
49	3.192176	0.0	40.0	0.0	0.20942408	17.614613	9.041164	28.386549	-4.275614	2.1744416	0.93739134	4.67051	0.91862756	20.780106	13.360676	4.758173	21.975258	-7.469213	200000	-3.7252903e-09	22.987883	0.23742908	-0.007698089	-6.98542	-0.056701735	0.4579943	0.0054762363	0.06075	79.0	9623.939127445221
50	3.2338257	0.0	47.0	0.0	0.24226804	16.969215	9.370322	31.086828	-3.833311	2.1815562	1.0116007	6.0076375	0.92259	20.340206	13.279226	5.2139716	24.67699	-6.136633	204000	-1.8626451e-09	20.374727	0.2380534	-0.0077275713	-4.5814466	-0.054799855	0.43524793	0.0050255265	0.053	79.0	9810.082249879837
51	3.275353	0.0	40.0	0.0	0.20942408	18.011642	8.775577	30.991442	-1.683911	2.1251795	0.9552317	4.834981	0.91115826	20.753927	12.819699	5.186916	21.825916	-6.8827696	208000	1.21071935e-08	19.943855	0.19752085	-0.006499754	-5.45208	-0.039069504	0.4288405	0.0035569195	0.03175	79.0	10002.387926578522
52	3.3170092	0.0	45.0	0.0	0.23316061	17.127335	9.414673	28.649662	-4.763318	2.2609794	1.0107783	5.1732016	0.77741563	20.595856	13.76567	5.0436907	24.892717	-7.840451	212000	-7.450581e-09	22.88412	0.29918623	-0.007120898	-6.1545043	-0.067672744	0.41562602	0.0071170125	0.057499997	79.0	10194.885890722275
53	3.3586087	0.0	40.0	0.0	0.21164021	17.925308	8.820689	29.428501	-2.4012463	2.1534543	0.94482815	4.8491087	0.9147836	20.962963	13.221535	5.2091494	22.707825	-5.327764	216000	3.259629e-09	18.21869	0.20567691	-0.008439737	-3.7067096	-0.041598238	0.41590714	0.009258389	0.04775	79.0	10380.62236905098
54	3.4002566	0.0	41.0	0.0	0.21578947	17.699953	9.325692	30.265924	-3.1318884	2.2060611	0.93164337	4.553893	0.9102184	20.81579	13.760314	4.8758454	23.088337	-6.177652	220000	-7.450581e-09	21.767181	0.20692773	-0.0076685026	-6.301262	-0.055115193	0.41300273	0.01210277	0.10425	23.0	10568.065625429153
55	3.4420311	0.0	47.0	0.0	0.2460733	17.466145	9.341406	29.370274	-2.29801	2.249413	0.9692557	4.419061	0.9194177	20.602095	13.41382	5.128587	22.649343	-8.24385	224000	9.313226e-09	19.591705	0.2349193	-0.0056072962	-4.782816	-0.059069917	0.41540754	0.003391397	0.032250002	79.0	10752.05657362938
56	3.4837246	0.0	34.0	0.0	0.18378378	18.95094	8.61226	29.515135	-2.6471953	2.131003	0.92001665	5.2682476	0.9119938	21.264864	13.8159275	4.8433056	21.799852	-5.049385	228000	-1.8626451e-09	15.816019	0.20376348	-0.0066272416	-3.834827	-0.0427951	0.417186	0.004501487	0.04	79.0	10925.041118621826
57	3.5253532	0.0	32.0	0.0	0.17297298	18.791779	8.436434	29.24654	-3.1347754	2.1301942	0.9277496	5.383369	0.66778535	21.302702	13.808516	5.016658	23.221825	-6.3424196	232000	0.0	18.294521	0.22786841	-0.007707297	-7.047434	-0.07528878	0.4129328	0.00478151	0.05275	79.0	11094.117655992508
58	3.5670874	0.0	49.0	0.0	0.2525773	17.133183	9.584888	29.907639	-3.1324615	2.2194295	1.0056602	5.081853	0.65480894	20.304123	13.482829	5.22367	24.850819	-8.456512	236000	6.9849193e-09	22.77768	0.24250388	-0.007088002	-6.418952	-0.04776012	0.4003254	0.005032607	0.060500003	79.0	11264.437165498734
59	3.6087868	0.0	43.0	0.0	0.22395833	17.75605	9.092707	29.463678	-2.9854326	2.1399477	0.9282615	4.475838	0.89812326	20.708334	13.236224	5.239369	23.76898	-4.78102	240000	-1.3969839e-09	16.400358	0.18218045	-0.006971803	-5.362791	-0.048348706	0.3934998	0.0053757722	0.046	79.0	11432.978080749512
60	3.650522	0.0	41.0	0.0	0.21578947	17.793457	9.385083	30.518583	-5.9645624	2.173247	0.9405569	4.65639	0.9090575	20.978947	13.557076	5.32455	22.880013	-5.654133	244000	7.450581e-09	21.31667	0.19940573	-0.006809636	-5.4022536	-0.033226624	0.37481445	0.008728791	0.039750002	79.0	11602.897858381271
61	3.692404	0.0	43.0	0.0	0.2263158	17.88298	9.289977	30.195644	-3.19177	2.2336261	1.0057998	4.9691787	0.923285	20.83158	13.691763	5.173017	23.298672	-6.0783186	248000	5.5879354e-09	18.9632	0.23872699	-0.007302952	-5.9463444	-0.048876964	0.37032336	0.007076932	0.049500003	79.0	11772.109513759613
62	3.7343776	0.0	44.0	0.0	0.23280424	17.423042	9.543841	29.35991	-3.7064261	2.206309	0.9222802	4.6284714	0.67751163	20.830688	13.481606	5.3046875	24.016706	-7.0804605	252000	-7.450581e-09	20.779572	0.20750016	-0.0073993867	-8.686827	-0.058565013	0.3690421	0.004282116	0.03225	79.0	11942.265701532364
63	3.7765493	0.0	51.0	0.0	0.26288658	17.432459	9.866127	29.35632	-4.091725	2.267387	0.9797025	4.966139	0.91157573	20.304123	13.356244	5.590317	22.461988	-6.8101306	256000	-3.7252903e-09	24.275795	0.24624246	-0.0087453	-10.145515	-0.08208485	0.35969764	0.01034412	0.04175	79.0	12111.52629494667
64	3.818875	0.0	46.0	0.0	0.2408377	17.770763	9.82374	31.02854	-2.0115786	2.2496855	1.0009495	5.0943494	0.9278529	20.670156	13.89988	5.3006907	23.642899	-7.404171	260000	3.7252903e-09	24.499596	0.27409232	-0.0079622995	-8.271352	-0.07079393	0.3449144	0.008179173	0.08975	79.0	12280.155790567398
65	3.8612585	0.0	53.0	0.0	0.2717949	16.648548	10.000887	29.131577	-5.9050436	2.2001472	1.0045524	4.5569277	0.9085553	20.348719	13.178277	5.580534	24.160099	-4.8625383	264000	-1.8626451e-09	23.93579	0.23988801	-0.009452829	-8.378635	-0.080077514	0.3742764	0.00968058	0.036	79.0	12449.880029201508
66	3.903873	0.0	40.0	0.0	0.21276596	17.783787	9.010876	29.67703	-3.4973862	2.2965991	0.9711811	4.809484	0.66778845	21.111702	13.629693	5.065489	23.811626	-6.4112597	268000	-4.8894435e-09	18.19371	0.26072538	-0.0077768043	-6.095752	-0.08105154	0.36002666	0.0077549387	0.095	79.0	12620.34967160225
67	3.9463527	0.0	42.0	0.0	0.21875	17.635841	9.277981	29.537756	-3.0599144	2.1018083	0.9398753	4.848002	0.9086602	20.5625	13.367199	5.297381	22.42847	-5.772387	272000	-3.7252903e-09	16.172808	0.18244138	-0.008155544	-5.140066	-0.05459979	0.35094658	0.0053291274	0.09575	79.0	12790.356281757355
68	3.9888146	0.0	40.0	0.0	0.21276596	18.241098	9.188904	28.97921	-3.308089	2.154701	0.94730633	4.935139	0.90953034	21.127659	13.428496	5.4447436	23.57783	-6.8498616	276000	0.0	16.143482	0.1804907	-0.007282169	-6.2320175	-0.035837617	0.34764674	0.0063602356	0.04875	79.0	12959.466937303543
69	4.0312514	0.0	42.0	0.0	0.22340426	17.917158	9.385111	28.495647	-4.7210264	2.145717	0.9117352	4.895992	0.9122227	21.053192	13.720109	5.532619	23.615797	-6.801957	280000	0.0	19.473766	0.18348385	-0.0070279106	-6.6287804	-0.04804275	0.35604185	0.010810116	0.06275	79.0	13126.890589475632
70	4.073543	0.0	31.0	0.0	0.1693989	18.810675	8.276479	30.20724	-1.7757168	2.0742207	0.8963723	4.6407557	0.9088679	21.650272	13.912291	5.1211004	24.887903	-6.9193635	284000	-6.519258e-09	15.812655	0.16214675	-0.0083438605	-5.2486753	-0.034904394	0.36307406	0.006746298	0.050499998	79.0	13295.182326316833
71	4.1158233	0.0	38.0	0.0	0.19895288	18.003706	9.376439	29.467447	-3.082543	2.1349096	0.9490709	4.722443	0.9294272	20.670156	13.780756	5.244149	23.21684	-6.2877946	288000	-3.7252903e-09	16.332634	0.17530932	-0.00808765	-6.53493	-0.060016327	0.35793525	0.0075909426	0.049000002	79.0	13464.979265928268
72	4.1580844	0.0	37.0	0.0	0.19680852	18.662212	9.254589	30.7246	-5.242338	2.126278	0.903415	4.386307	0.9116751	21.06383	13.721098	5.285212	23.934174	-7.636341	292000	-1.1175871e-08	18.547009	0.1860536	-0.006524524	-7.6590576	-0.05427337	0.33972675	0.003224534	0.028500002	79.0	13632.118001937866
73	4.2003803	0.0	42.0	0.0	0.21761657	17.80558	9.083906	30.762781	-1.1707176	2.15072	0.9492288	5.197858	0.65399	20.49741	13.732984	5.590531	23.679203	-7.591247	296000	0.0	18.124643	0.19292538	-0.0073828925	-7.722068	-0.060127478	0.35745376	0.007603002	0.073249996	79.0	13801.809304475784
74	4.242623	0.0	34.0	0.0	0.18181819	18.327208	8.649849	29.059233	-5.009327	2.1009462	0.8791747	4.65277	0.667732	21.187166	13.944681	5.009759	24.51193	-6.4377313	300000	-1.0244548e-08	20.861946	0.23499544	-0.008940905	-8.882026	-0.0913627	0.35025215	0.009608019	0.1035	79.0	13969.570281982422
75	4.284971	0.0	43.0	0.0	0.22395833	18.259424	9.328484	30.000906	-2.6721532	2.1801398	0.9925432	4.8693833	0.91063434	20.578125	13.738393	5.2471724	23.798151	-8.999557	304000	1.8626451e-09	19.61059	0.23469043	-0.0065888073	-7.9298983	-0.07926821	0.3282323	0.004978907	0.0465	79.0	14140.180512666702
76	4.3274145	0.0	39.0	0.0	0.20418848	18.394552	9.000248	29.452347	-3.1562414	2.1765137	0.9661187	4.8054523	0.9209964	20.732985	13.734793	5.2416677	25.217033	-9.385101	308000	5.5879354e-09	18.976408	0.19238737	-0.007234796	-8.150558	-0.05393347	0.36339983	0.004751783	0.0405	79.0	14309.403331518173
77	4.3699417	0.0	37.0	0.0	0.19786096	18.459553	8.907055	31.161083	-1.8565673	2.1723454	0.9244614	4.746401	0.90872127	21.181818	13.641225	5.483496	24.552505	-6.949934	312000	1.1175871e-08	19.397633	0.2133653	-0.006997615	-6.467489	-0.046995655	0.37253797	0.006783775	0.044749998	79.0	14479.256985664368
78	4.4125724	0.0	38.0	0.0	0.20430107	18.51689	9.049537	29.258608	-6.8073406	2.1838756	0.91017306	5.013121	0.90926266	21.252687	14.11533	5.038846	24.370739	-6.3716855	316000	-3.7252903e-09	14.835219	0.17716458	-0.008136552	-6.1187925	-0.045992836	0.3414113	0.0063132513	0.041249998	79.0	14649.600765705109
79	4.4553356	0.0	46.0	0.0	0.24210526	17.298534	9.448503	28.92643	-3.4267428	2.2019477	0.9783734	5.0120516	0.90438896	20.8	13.762274	5.411066	25.344252	-7.147543	320000	7.450581e-09	17.960938	0.22991863	-0.0068471497	-7.382795	-0.05567564	0.34413528	0.007389947	0.03925	79.0	14822.90706706047
80	4.498178	0.0	42.0	0.0	0.22340426	18.14942	9.065712	28.62802	-4.1562476	2.1771529	0.9438876	4.6661916	0.90868354	20.920214	13.393068	5.203355	22.367271	-5.947199	324000	4.656613e-09	18.846804	0.22284892	-0.0069634407	-8.416998	-0.073275976	0.329095	0.005248144	0.036500003	79.0	14994.001183986664
81	4.541074	0.0	37.0	0.0	0.19680852	18.297138	8.825533	29.113499	-4.2675033	2.164419	0.9513251	4.907917	0.91064334	20.909575	13.508945	5.5820127	23.98647	-5.8353252	328000	-9.313226e-09	16.406588	0.16384327	-0.006775244	-7.125064	-0.04296749	0.3239139	0.00409866	0.0305	79.0	15163.640503883362
82	4.583868	0.0	39.0	0.0	0.20744681	18.645674	9.357626	29.984838	-3.9812658	2.0819933	0.9043986	4.8128743	0.92349166	21.047873	13.850214	5.4674373	25.040035	-7.078367	332000	1.8626451e-09	20.300701	0.19986248	-0.0070763696	-8.42038	-0.06124813	0.3515011	0.006905769	0.04225	79.0	15332.702738523483
83	4.6269045	0.0	41.0	0.0	0.21578947	18.33292	9.01056	29.75224	-6.913858	2.2554607	0.9742382	4.969138	0.91126823	20.81579	14.175091	5.2522144	25.3488	-7.474383	336000	9.313226e-09	17.750431	0.21239005	-0.0074813394	-6.908493	-0.05463017	0.3442117	0.008890543	0.04075	79.0	15499.816871881485
84	4.6700244	0.0	40.0	0.0	0.21164021	18.12037	9.079881	30.071486	-7.334648	2.1816177	0.96257144	5.0130477	0.66778606	21.010582	13.307916	5.4033575	25.643494	-10.921401	340000	7.450581e-09	17.071827	0.16563748	-0.008017953	-8.10227	-0.051800393	0.3376154	0.011613368	0.03475	79.0	15668.399585723877
85	4.713413	0.0	48.0	0.0	0.2513089	17.114222	9.697364	28.395731	-7.704021	2.2809901	0.98089164	4.9361873	0.9133274	20.581152	13.838448	5.6132603	24.08968	-9.271536	344000	-7.450581e-09	17.7729	0.20758912	-0.0069102235	-7.464202	-0.063372634	0.34108937	0.008515899	0.031	79.0	15839.589740276337
86	4.7567096	0.0	39.0	0.0	0.20634921	18.180166	8.728148	30.191992	-3.2062747	2.1029062	0.94302094	5.179798	0.66653925	21.015873	13.360047	5.3066053	22.992058	-7.1245866	348000	-1.4901161e-08	15.694597	0.18728335	-0.005796404	-6.8461394	-0.059470586	0.3422891	0.0074654017	0.029749999	79.0	16008.135951757431
87	4.800082	0.0	34.0	0.0	0.18478261	18.480097	8.518674	28.828407	-5.091404	2.1829486	1.0100995	4.8978477	0.9126708	21.461956	14.12027	5.3384557	23.995092	-6.851872	352000	-3.7252903e-09	15.066885	0.18431701	-0.006517088	-5.690794	-0.043931216	0.34788758	0.0059095905	0.03425	79.0	16179.377441167831
88	4.8434734	0.0	39.0	0.0	0.20744681	17.810513	8.822767	29.9847	-4.650405	2.153903	0.95611525	4.3709545	0.66642374	21.037233	13.566238	5.3417335	25.197348	-8.368443	356000	1.3969839e-08	15.488707	0.18207437	-0.0072832084	-7.035307	-0.045276046	0.349834	0.00629619	0.04	79.0	16350.56859087944
89	4.8866405	0.0	21.0	0.0	0.11731844	19.730831	7.3034186	30.974112	-3.026107	2.0259852	0.82546	4.4809136	0.9097194	22.162012	13.780064	4.6248555	22.551458	-7.647177	360000	1.4901161e-08	16.812862	0.17750756	-0.007919444	-8.714876	-0.056184635	0.35226035	0.0070648645	0.103250004	79.0	16523.736011505127
90	4.9297485	0.0	34.0	0.0	0.18579236	18.468592	9.085903	31.958042	-5.652972	2.0963066	0.84706044	3.9519253	0.9109428	21.546448	13.975863	4.8195934	25.120338	-4.557511	364000	0.0	16.58124	0.15297061	-0.005768286	-7.658515	-0.054480195	0.3450204	0.004064473	0.02775	79.0	16696.24892258644
91	4.9730616	0.0	46.0	0.0	0.2408377	17.537342	9.100309	28.791567	-5.0113163	2.2276995	0.95225525	4.852583	0.9144912	20.732985	13.7418785	5.4514956	25.416039	-7.618872	368000	1.6763806e-08	18.265135	0.22127424	-0.007215444	-9.578992	-0.079216614	0.3493444	0.006631051	0.04425	79.0	16867.2983045578
92	5.0163217	0.0	31.0	0.0	0.17032968	19.27909	8.399474	30.514565	-4.0831804	2.102393	0.94037974	4.699732	0.9091878	21.747253	14.014121	5.0637083	23.88049	-6.9988546	372000	0.0	15.239609	0.18256284	-0.007201813	-7.2946014	-0.06420654	0.33157516	0.0074012764	0.096750006	79.0	17037.887883663177
93	5.0595345	0.0	33.0	0.0	0.17741935	18.588526	8.7384615	29.930124	-3.767925	2.0995061	0.87477976	4.508861	0.901468	21.263441	14.342406	5.1564746	25.101744	-7.21725	376000	8.381903e-09	17.205261	0.16699171	-0.008856969	-9.389021	-0.062310018	0.3308682	0.01225872	0.1165	72.0	17206.823703050613
94	5.1026287	0.0	29.0	0.0	0.15675676	19.055382	8.231063	29.57389	-3.270464	2.0572255	0.8971233	4.8095956	0.8905926	21.448648	13.884102	4.959348	23.469765	-7.3614416	380000	6.519258e-09	15.267452	0.17776318	-0.007503554	-7.071126	-0.051267184	0.3217203	0.004371904	0.037	79.0	17375.97405743599
95	5.145824	0.0	37.0	0.0	0.19892474	17.963465	8.772515	30.340416	-5.096557	2.161533	0.9516558	4.772133	0.91080856	21.338709	13.832656	4.9519815	23.60201	-6.5532727	384000	7.450581e-09	19.489105	0.2237614	-0.0062401006	-9.394128	-0.08972734	0.3306139	0.01212178	0.11525	31.0	17544.728419065475
96	5.189078	0.0	35.0	0.0	0.18817204	18.203138	8.642444	29.466263	-5.1830363	2.1421974	0.9077668	4.656782	0.912792	21.258064	13.633508	4.9203506	24.953495	-8.746866	388000	-5.5879354e-09	19.119844	0.21556878	-0.00759046	-8.406893	-0.065217726	0.3128664	0.006171628	0.049500003	79.0	17715.957959651947
97	5.2325115	0.0	39.0	0.0	0.20526315	17.724463	9.1700735	28.686056	-3.6170835	2.2047067	0.9933735	5.8824754	0.92766434	21.010527	13.663359	5.1813135	23.609625	-8.390538	392000	-8.381903e-09	19.357937	0.26252878	-0.006944019	-9.024378	-0.090143405	0.32662117	0.012270271	0.19049999	21.0	17884.60172367096
98	5.2758594	0.0	25.0	0.0	0.13812155	18.873106	8.06001	30.88312	-3.1581435	2.0759373	0.82357186	4.5329404	0.90942025	21.872929	13.929113	4.852753	24.374353	-7.076675	396000	6.519258e-09	13.667815	0.1887806	-0.009203925	-7.404449	-0.08908861	0.31659752	0.005974728	0.18825	79.0	18054.903928995132
99	5.319256	0.0	39.0	0.0	0.20744681	18.10252	8.627569	28.971003	-4.166276	2.1375277	0.89787203	5.0531273	0.9095074	21.01064	13.92848	5.1923547	24.151382	-5.8415923	400000	5.5879354e-09	14.738077	0.18395245	-0.007912943	-7.293453	-0.059339087	0.34185565	0.0051619606	0.039750002	79.0	18226.214468479156
100	5.362554	0.0	32.0	0.0	0.17391305	18.172539	8.417446	29.78621	-2.4799633	2.062778	0.9484566	5.238004	0.9016823	21.336956	13.505995	5.25703	23.611914	-7.7772675	404000	4.656613e-10	17.26587	0.20945527	-0.0071154414	-9.478035	-0.07753156	0.3279369	0.008475692	0.038000003	79.0	18398.065027475357
101	5.4060674	0.0	45.0	0.0	0.23684211	17.001457	9.649014	31.459146	-3.1613517	2.2142272	0.97273475	5.1532106	0.9115958	20.842106	13.122992	5.3567243	23.6279	-11.245289	408000	0.0	21.164295	0.2551781	-0.009051044	-11.753181	-0.10358109	0.30786183	0.008314737	0.046499997	79.0	18571.26851296425
102	5.4496818	0.0	33.0	0.0	0.1764706	18.68056	8.745268	29.583843	-3.619145	2.1653674	0.91819483	5.34866	0.89491373	21.069519	13.59383	5.414903	24.724056	-8.436618	412000	-3.7252903e-09	17.992504	0.21086797	-0.0071762474	-10.749742	-0.083607845	0.32883018	0.0023166449	0.030250002	79.0	18743.71203994751
103	5.49318	0.0	28.0	0.0	0.15300547	19.176598	8.306479	28.93052	-4.0397267	2.0579247	0.8064636	4.514578	0.9008713	21.710382	13.9028635	5.051733	25.285208	-6.939352	416000	1.3969839e-08	14.778041	0.14063293	-0.005570102	-7.901795	-0.05311294	0.30564183	0.0031048586	0.030249998	79.0	18916.60959649086
104	5.5365996	0.0	36.0	0.0	0.19251336	17.923447	9.275046	29.879255	-4.616471	2.0688527	0.94650465	5.0217886	0.8922008	21.058823	14.308605	5.474256	27.852812	-8.370755	420000	9.313226e-10	15.82974	0.17518206	-0.008180764	-7.800678	-0.060451366	0.3073604	0.0065147197	0.03975	79.0	19088.69096970558
105	5.58022	0.0	39.0	0.0	0.20744681	17.985731	9.117738	31.190126	-6.1512294	2.203194	1.0174063	7.009942	0.9052827	21.101065	13.504825	5.4645243	24.817907	-7.3100758	424000	-1.8626451e-09	18.359768	0.20838869	-0.009244759	-10.581209	-0.07311925	0.29326263	0.009886801	0.04525	79.0	19263.496188879013
106	5.6238027	0.0	29.0	0.0	0.1576087	18.78808	7.8850813	28.74801	-2.2744753	2.090892	0.88821924	4.9109554	0.91091675	21.5	13.98001	5.210524	24.760782	-9.002201	428000	-1.8626451e-09	13.16248	0.15352413	-0.006905647	-6.795966	-0.057323232	0.29122198	0.008992343	0.09925	79.0	19433.688827753067
107	5.667529	0.0	42.0	0.0	0.21875	18.095377	8.996635	28.600752	-3.087216	2.1782923	0.91087055	5.287304	0.918141	20.635416	13.703752	5.339578	23.512032	-5.6156173	432000	-1.071021e-08	13.628021	0.14416862	-0.0072879335	-6.923938	-0.05347112	0.28126293	0.009595989	0.03275	79.0	19605.981296539307
108	5.7112355	0.0	33.0	0.0	0.1764706	18.558607	8.429806	30.789085	-3.1274557	2.1011486	0.9195058	4.8911324	0.8958309	21.13369	13.623972	5.2334476	25.220716	-6.1168814	436000	3.7252903e-09	15.778811	0.19234347	-0.007442382	-7.8807144	-0.06653674	0.29884255	0.0037615115	0.029000001	79.0	19778.271978855133
109	5.754977	0.0	35.0	0.0	0.18716578	18.586502	8.606551	29.613354	-2.8893647	2.1255317	0.8396617	4.2530813	0.90188706	21.251337	14.0987625	5.068912	25.795553	-7.3458033	440000	7.450581e-09	17.24374	0.16854215	-0.007431021	-9.2277355	-0.061128512	0.29534286	0.0084430855	0.048	79.0	19949.58918094635
110	5.798814	0.0	39.0	0.0	0.20634921	17.552244	8.790961	29.875801	-3.1922357	2.1549172	0.93167716	5.218773	0.6675525	20.883598	13.712773	5.4107113	24.840347	-6.962305	444000	-7.450581e-09	12.730989	0.14737442	-0.0067185527	-6.608277	-0.05753053	0.3115626	0.0068035685	0.09774999	79.0	20120.212329387665
111	5.8428097	0.0	43.0	0.0	0.2263158	17.872652	9.200914	32.52641	-4.9039955	2.1898646	0.97593313	4.6998925	0.93047076	20.852633	13.549294	5.533004	25.364798	-10.529719	448000	1.8626451e-09	18.32467	0.21083942	-0.008994901	-9.128471	-0.07968259	0.3112755	0.0068752253	0.094500005	79.0	20292.47682261467
112	5.886855	0.0	29.0	0.0	0.16111112	19.239592	8.644941	30.35212	-6.1203055	2.1414886	0.99054456	5.0460005	0.920843	21.844444	13.885301	4.9403234	23.736723	-8.474909	452000	2.0489097e-08	20.165794	0.21581301	-0.0078386795	-10.165052	-0.07549924	0.2949446	0.007590621	0.038000003	79.0	20463.519423246384
113	5.9310374	0.0	46.0	0.0	0.2408377	17.768103	9.527208	28.564497	-3.4221613	2.1854537	0.9676942	4.6692696	0.6677314	20.670156	13.633521	5.3644304	25.941387	-8.277887	456000	9.313226e-09	17.526245	0.19075038	-0.0076694014	-8.844238	-0.08300011	0.2981001	0.006892209	0.089	79.0	20635.935920715332
114	5.975284	0.0	34.0	0.0	0.1827957	18.988329	8.815179	30.896496	-1.8057098	2.154186	0.93744206	5.3309155	0.92753154	21.301075	14.102207	5.11743	24.678816	-7.1627555	460000	4.656613e-09	16.77874	0.22424309	-0.010546149	-9.556757	-0.106874436	0.29465455	0.008715861	0.049999997	79.0	20807.96060347557
115	6.019579	0.0	34.0	0.0	0.1827957	18.386784	8.982216	30.01185	-4.986207	2.1477256	0.90023625	4.5679307	0.6677154	21.344086	14.3210335	5.387319	25.718943	-11.010566	464000	7.450581e-09	15.47796	0.16873491	-0.008581668	-8.186327	-0.07192285	0.2923777	0.008626093	0.09275	79.0	20978.317549705505
116	6.063875	0.0	39.0	0.0	0.20634921	18.197151	9.228994	29.462265	-7.494602	2.1249447	0.9841559	5.2780824	0.6664784	21.063492	13.22	5.976137	26.16854	-10.181068	468000	1.3038516e-08	20.869696	0.23993838	-0.008407966	-13.199703	-0.11388158	0.31191877	0.004304098	0.039249998	79.0	21151.68278479576
117	6.1078806	0.0	29.0	0.0	0.15675676	18.83352	8.102217	28.867031	-1.8722796	1.9786879	0.84289515	4.493431	0.9086878	21.416216	13.857139	5.5442038	25.29296	-9.32799	472000	-1.1874363e-08	12.372194	0.14000997	-0.005916427	-5.9064794	-0.06476996	0.293487	0.009269307	0.17875	79.0	21323.713676214218
118	6.15194	0.0	34.0	0.0	0.18378378	18.677784	8.577117	30.480461	-2.70366	2.1319878	0.98099977	5.191807	0.67220676	21.302702	13.987774	5.203649	24.312347	-7.4826903	476000	-3.7252903e-09	15.794611	0.20996673	-0.008020004	-8.097578	-0.09613895	0.28597248	0.006397247	0.039750002	79.0	21494.11078929901
119	6.196093	0.0	32.0	0.0	0.17391305	18.959162	8.552214	31.219406	-3.5142455	2.1524475	0.9542209	5.0527086	0.6557734	21.47826	13.521484	5.3837185	23.312727	-11.9341135	480000	-1.1175871e-08	20.048313	0.24169593	-0.0064756703	-11.647673	-0.109732434	0.28428444	0.0067448514	0.04025	79.0	21665.848132133484
120	6.24016	0.0	31.0	0.0	0.16756757	19.158148	8.546428	31.170105	-1.478787	2.0666463	0.8133787	4.4073834	0.66640323	21.454054	14.094713	5.398239	24.420765	-9.166303	484000	4.656613e-09	14.021974	0.14164409	-0.006162532	-6.535278	-0.05932618	0.2947846	0.0045976955	0.027	79.0	21834.80701160431
121	6.2845807	0.0	48.0	0.0	0.24742268	17.255095	9.470235	28.248255	-6.0411196	2.277201	0.99941456	4.9125195	0.6737218	20.43299	14.186628	5.5914683	26.075073	-6.6577306	488000	0.0	18.104595	0.25080955	-0.0062363725	-9.092682	-0.12070577	0.27630478	0.0015673079	0.02975	79.0	22007.997864723206
122	6.328951	0.0	26.0	0.0	0.1436464	18.82047	8.05906	28.516722	-4.3707194	2.0944283	0.82635313	4.8646593	0.90938765	21.773481	13.76438	5.1897087	25.141098	-6.5077415	492000	-1.071021e-08	15.783257	0.1910368	-0.0053730696	-8.250906	-0.08088867	0.30671266	0.005851771	0.16425	79.0	22181.59759902954
123	6.3733673	0.0	42.0	0.0	0.22222222	17.926859	9.470647	32.098366	-4.4542003	2.1374803	0.98766035	4.748602	0.6677678	20.994709	13.761111	4.9177475	24.318676	-8.684596	496000	5.5879354e-09	19.544497	0.20419455	-0.0074313	-11.498114	-0.0953793	0.30836913	0.0034894557	0.03475	79.0	22353.37397480011
124	6.4176297	0.0	35.0	0.0	0.1861702	18.487604	8.204012	29.988884	-2.8025432	2.0398445	0.9066957	4.7608414	0.9178779	21.05851	13.788759	5.5305157	25.963717	-8.1910095	500000	-7.450581e-09	17.446228	0.20522863	-0.007532648	-9.421383	-0.08947672	0.29044896	0.005678875	0.056	79.0	22512.879403352737
