Epoch	AverageCrash_counter	StdCrash_counter	Crash_ratio	AverageEpRet	StdEpRet	MaxEpRet	MinEpRet	AverageEpCost	StdEpCost	MaxEpCost	MinEpCost	EpLen	AverageVVals	StdVVals	MaxVVals	MinVVals	TotalEnvInteracts	LossPi	LossV	LossCV	DeltaLossPi	DeltaLossV	DeltaLossCV	Entropy	KL	ClipFrac	StopIter	Time
0	137.0	0.0	0.6919192	-2.1261125	8.435642	21.9884	-15.1664095	4.751919	1.3584056	8.78215	0.9408616	16.207071	0.008257242	0.035017524	0.0742535	-0.04546236	4000	1.1920929e-07	142.66556	11.020428	-0.03406048	-9.9355755	-8.897795	1.607589	0.012190124	0.1735	14.0	463.18148374557495
1	155.0	0.0	0.71428573	-1.4355806	8.286044	21.567924	-14.917711	4.431945	1.2532121	8.418931	0.93497986	16.534563	-0.8556268	0.39838782	-0.19506031	-1.637361	8000	-1.4901161e-08	100.72587	1.6372957	-0.059223697	-5.0084877	-0.31401587	1.6028281	0.012152564	0.2705	16.0	934.3852844238281
2	137.0	0.0	0.58798283	0.3769416	8.280473	18.566042	-13.627536	4.2166467	1.3133019	8.6555605	0.8941256	17.111588	-0.33922368	1.2237153	2.1040597	-2.7995222	12000	0.0	60.43722	1.3356407	-0.0634217	-11.115105	-0.050587773	1.5782696	0.014066013	0.33824998	13.0	1402.3671810626984
3	96.0	0.0	0.6075949	-0.23583572	9.258391	22.653597	-16.573677	3.9157414	1.3822246	8.216799	0.9076267	16.113924	0.8470496	1.9188714	4.3510466	-1.1931679	16000	0.0	231.94716	1.3241334	-0.057550862	-75.24361	-0.22894025	1.5584052	0.013869739	0.29875	15.0	1897.674607515335
4	184.0	0.0	0.67896676	-1.6129444	8.392576	29.044096	-12.596783	3.7652166	1.2727056	7.763472	0.8840753	14.693727	0.71636945	2.8807747	6.1529794	-7.3945937	20000	-2.9802322e-08	63.97553	1.3737979	-0.028238386	-7.179825	-0.020356238	1.4592845	0.013518555	0.13375	9.0	2345.649563550949
5	162.0	0.0	0.62068963	0.13484824	8.847336	23.063179	-15.122304	3.600424	1.3139315	7.670149	0.6356207	15.287356	0.529152	2.8138185	5.1846356	-6.5370884	24000	4.4703484e-08	61.780937	1.4765422	-0.04130704	-6.1184063	-0.040242195	1.3867077	0.0142400395	0.18525	9.0	2797.0602123737335
6	90.0	0.0	0.51724136	1.6376432	9.736635	22.944763	-12.721248	3.3873851	1.2891536	7.3992543	0.89642155	15.528735	-0.5578802	3.8714485	11.816462	-5.5890346	28000	-2.9802322e-08	142.94604	0.9325345	-0.0438039	-36.779705	-0.07251841	1.3704324	0.013432748	0.12525	13.0	3283.8229801654816
7	134.0	0.0	0.536	2.784025	10.386594	27.954996	-12.583309	3.3085225	1.3685755	7.5970707	0.91241497	15.94	2.525262	4.7447815	9.691634	-10.233093	32000	1.6763806e-08	79.33841	1.3353775	-0.028995551	-9.703571	-0.028029859	1.1639669	0.014331784	0.08725	10.0	3712.7974445819855
8	140.0	0.0	0.5555556	1.8098944	10.129248	26.514723	-13.250881	3.4113245	1.2408825	6.6367955	0.6550652	15.7579365	3.2683442	4.3085594	10.372973	-8.676043	36000	-2.9802322e-08	68.75116	1.2750006	-0.025301345	-7.2408676	-0.038422108	1.0864072	0.013184607	0.05825	14.0	4141.068039655685
9	128.0	0.0	0.52674896	3.212263	11.677779	29.816097	-13.126393	3.3563108	1.3459417	6.1309543	0.6675335	16.399178	3.179167	4.003027	10.169273	-6.5720873	40000	-4.4703484e-08	71.47119	1.1524916	-0.031004176	-8.05205	-0.03537047	1.0237277	0.015376871	0.1945	13.0	4568.706219911575
10	116.0	0.0	0.5201794	3.8108506	11.369529	28.785631	-13.100186	3.1745842	1.3571889	5.5856175	0.8943223	16.206278	3.4361773	4.6471376	16.483315	-7.774205	44000	-3.3527613e-08	82.23811	1.1303716	-0.025039285	-0.9710541	-0.034044415	0.9925988	0.014788166	0.2575	10.0	5004.711029291153
11	122.0	0.0	0.488	4.118528	10.909564	32.307964	-13.655313	2.9877856	1.3472955	5.7751546	0.63372195	15.956	4.0841045	4.4705386	11.470031	-8.097988	48000	-7.450581e-09	60.335255	1.1660352	-0.015884258	-6.097872	-0.02552265	0.90671945	0.012500324	0.23300001	11.0	5426.119320869446
12	124.0	0.0	0.5081967	4.614094	11.162245	30.722195	-12.8333845	2.9615085	1.3871322	7.327206	0.5608317	16.32377	5.498106	4.212663	13.0882435	-6.2812157	52000	-1.8626451e-08	62.503925	1.2755669	-0.01698481	-4.9004517	-0.012747169	0.8508114	0.013210598	0.211	15.0	5851.027282238007
13	129.0	0.0	0.52868855	3.8312836	11.650265	28.285835	-12.5661	3.091888	1.3165358	6.1515117	0.560962	16.356558	5.2109265	4.067531	12.478166	-8.438121	56000	-1.4901161e-08	59.196625	1.062901	-0.030961506	-4.713789	-0.03691286	0.76178193	0.015520494	0.15575	11.0	6283.589771270752
14	116.0	0.0	0.48739496	4.402949	11.390602	28.037048	-12.478175	2.9742107	1.2899085	5.7347045	0.6675172	16.760504	5.769781	4.179893	13.4177	-8.626026	60000	0.0	53.588936	0.97904754	-0.020887572	-4.3159485	-0.012949854	0.651191	0.012521021	0.122250006	16.0	6720.120274305344
15	118.0	0.0	0.4978903	5.5888286	11.251838	30.506542	-10.679399	2.8916602	1.2241777	5.6169004	0.747994	16.835443	6.267171	4.1957755	14.390258	-10.290101	64000	3.7252903e-08	48.861305	0.8880827	-0.029482894	-2.997795	-0.03532198	0.5715462	0.01303158	0.11825	19.0	7164.3434274196625
16	112.0	0.0	0.4827586	6.688282	11.164952	28.586267	-11.600891	2.8289433	1.226578	5.369706	0.5609559	17.219828	7.22266	4.1427603	15.204454	-11.903983	68000	3.7252903e-08	47.8491	0.8587688	-0.026019007	-2.1367493	-0.013896853	0.57286453	0.013732154	0.07625	9.0	7606.341676235199
17	98.0	0.0	0.46666667	6.3280373	10.645011	28.216658	-11.988161	2.9980526	1.243272	5.572584	0.66777885	18.87143	8.187272	4.034318	14.594343	-10.790738	72000	-3.7252903e-08	56.89681	0.9481641	-0.053737625	-5.903654	-0.068065494	0.6530085	0.016996183	0.126	7.0	8074.513392686844
18	68.0	0.0	0.3655914	6.5855017	9.94973	26.385227	-12.344518	2.9793196	1.1435165	5.7995133	0.9278054	21.204302	7.894831	2.9688745	16.196707	-6.221575	76000	-7.450581e-09	47.45592	0.88031155	-0.019694425	-3.4152946	-0.052878916	0.7830282	0.014670776	0.17375	5.0	8575.59383559227
19	53.0	0.0	0.31176472	6.2092295	9.188742	27.894241	-11.1307125	3.1518269	1.0821844	6.1266685	0.91316384	23.294117	8.184219	2.1877081	11.489391	-2.0127258	80000	-1.4901161e-08	40.20079	0.8343502	-0.011148587	-3.3761234	-0.040875524	0.84928644	0.014892274	0.218	7.0	9104.172698020935
20	43.0	0.0	0.26708075	6.457787	8.98499	24.700348	-15.937699	3.0626872	1.1299521	6.6289926	1.1948653	24.496895	7.935683	1.9486054	11.438377	0.05808182	84000	2.9802322e-08	38.456036	0.79523575	-0.040611878	-2.8789043	-0.03459215	0.89722145	0.012792105	0.31825	21.0	9648.969387292862
21	53.0	0.0	0.30635837	6.8957553	9.202582	27.464937	-12.068674	2.9840689	1.0006367	5.329291	0.8839549	23.069365	7.8813596	2.2212763	11.318398	0.85792154	88000	2.2351742e-08	37.769264	0.66216946	-0.024307422	-2.1987991	-0.02222085	0.84832656	0.014968321	0.19375	5.0	10177.456476211548
22	60.0	0.0	0.3243243	7.0317726	9.44657	26.405607	-11.181426	2.7761018	1.070998	5.764074	0.90963674	21.52973	8.273595	2.1700287	11.688629	3.5234883	92000	3.7252903e-09	38.64054	0.6924051	-0.0392341	-0.8739033	-0.01565826	0.7892799	0.013227983	0.1775	5.0	10685.61437702179
23	81.0	0.0	0.4111675	6.839388	10.610964	27.160961	-11.648329	2.9434521	1.3270258	6.4293785	0.66644186	20.111675	8.230562	1.9802492	11.526381	3.664684	96000	1.8626451e-08	48.353813	1.0515231	-0.019768309	-0.90590286	-0.058261484	0.68442106	0.0135739315	0.141	6.0	11175.859466791153
24	101.0	0.0	0.45495495	5.9886193	11.007455	29.04421	-12.920808	2.8721104	1.3181118	6.3487463	0.91140974	17.954954	7.734866	1.9754397	11.145681	1.6031116	100000	-4.4703484e-08	52.825005	0.992928	-0.014590442	-3.986267	-0.050182223	0.5694902	0.012252733	0.12450001	12.0	11621.743214607239
25	111.0	0.0	0.47033897	5.918208	11.6354065	28.627123	-11.146888	2.7933085	1.3818909	6.1887436	0.6676599	16.864407	7.718505	2.681707	12.040871	-2.6386967	104000	4.284084e-08	53.680958	1.0517282	-0.012380855	-4.8564262	-0.04072821	0.4343286	0.012390915	0.099	33.0	12053.367318868637
26	119.0	0.0	0.47791165	6.0372596	11.695715	31.272621	-11.729001	2.6120815	1.3047779	5.353569	0.56091404	15.95984	7.439534	3.299976	12.793744	-8.338964	108000	-2.2351742e-08	51.560207	0.9961682	-0.047624283	-2.396881	-0.024353355	0.30822086	0.01359909	0.066	24.0	12476.667996883392
27	97.0	0.0	0.4409091	6.2536006	11.293131	28.517279	-11.474223	2.8105657	1.2767353	5.782361	0.66759026	18.163637	8.290632	3.7032733	14.287377	-9.435663	112000	-4.4703484e-08	52.40725	0.954305	-0.041589446	-1.1853695	-0.05194384	0.4379667	0.016256535	0.121	9.0	12924.213843345642
28	60.0	0.0	0.3030303	9.063808	10.236949	28.222204	-10.261216	2.611125	1.1279157	5.585071	0.9083499	20.141415	8.143201	3.200641	13.201945	-7.188861	116000	-4.8428774e-08	47.737797	0.73565674	-0.039302036	-4.380312	-0.05369985	0.58625615	0.01397763	0.1295	19.0	13395.907462596893
29	86.0	0.0	0.40186915	8.727842	11.737398	28.920319	-11.810608	2.600103	1.2021168	5.2243752	0.6677115	18.485981	9.25465	2.0130146	12.792822	-1.092486	120000	1.3969839e-08	50.477287	0.80174196	-0.064621985	-1.3437328	-0.031395286	0.48799354	0.013039004	0.107250005	23.0	13851.100796699524
30	67.0	0.0	0.34895834	8.442819	10.026687	29.567598	-11.37174	2.7563922	1.1747832	5.8334956	0.6675599	20.8125	9.584983	2.4703066	13.649743	-6.1151695	124000	4.4703484e-08	39.93911	0.7598464	-0.028721914	-0.5925827	-0.015465081	0.61123604	0.015989922	0.14475	7.0	14339.789189100266
31	46.0	0.0	0.26744187	8.667772	9.681568	30.095547	-11.626723	2.7300725	0.9933653	5.65092	0.91451156	23.110466	9.74007	2.0695145	12.948182	-2.685246	128000	7.8231096e-08	44.82392	0.6390876	-0.02058997	-4.5820866	-0.050708324	0.6951516	0.0154819265	0.23775	10.0	14854.527076482773
32	61.0	0.0	0.35260117	6.036336	9.8293915	25.889814	-13.389481	3.0634723	1.0572878	5.6503744	0.91212916	23.02312	9.236699	1.2464755	11.197418	1.6742028	132000	-1.1175871e-08	49.681038	0.79082847	-0.054451536	-6.735918	-0.0936977	0.75546134	0.016994588	0.19825	13.0	15383.612880706787
33	59.0	0.0	0.32960895	7.7366147	9.620173	30.093935	-11.336705	2.8618996	1.1149603	7.0326395	0.5609294	22.139666	7.586284	2.4616	11.200747	1.4098402	136000	5.5879354e-08	38.837925	0.7329204	-0.08064196	-2.0018597	-0.031477064	0.6878964	0.018336136	0.23324999	5.0	15894.829861164093
34	61.0	0.0	0.32446808	8.119188	9.511585	27.6542	-10.454716	2.730265	1.0855988	5.168476	0.9263301	21.175531	8.50134	2.1913683	12.06413	2.6068642	140000	-3.7252903e-08	40.845016	0.70244753	-0.028094396	-1.5154114	-0.03364566	0.59278715	0.013997771	0.14975	5.0	16379.292273521423
35	80.0	0.0	0.3773585	7.319571	10.235906	30.533863	-10.651841	2.652342	1.2106116	5.4846907	0.6670375	18.867924	8.770778	1.5654054	11.710207	3.0710578	144000	-2.9802322e-08	45.52469	0.8099617	-0.019305289	-4.2822285	-0.08626115	0.4963264	0.012126479	0.1385	9.0	16833.483122348785
36	94.0	0.0	0.42152467	8.402039	11.393783	28.983305	-11.477917	2.6666682	1.2553581	5.5199046	0.6666269	17.887892	8.716536	2.3048139	12.608229	-0.2775166	148000	-2.2351742e-08	52.670456	0.83697796	-0.101640135	-3.570778	-0.0385333	0.3666279	0.01636384	0.1	20.0	17261.079150915146
37	62.0	0.0	0.3115578	10.149986	10.673847	32.03058	-12.283314	2.519063	1.1452693	5.19347	0.9094439	19.9799	9.324066	2.7349432	13.178426	-3.9509852	152000	2.2351742e-08	45.106464	0.71423864	-0.04557643	-2.3490715	-0.017693222	0.4968478	0.01441846	0.1325	5.0	17709.193576812744
38	57.0	0.0	0.3015873	9.424157	9.840252	31.123798	-10.801227	2.6602328	1.0876658	5.4467173	0.90897113	21.089947	10.13555	1.8407525	13.1650305	-3.1450117	156000	7.450581e-09	42.64673	0.63016456	-0.041563444	-1.8244381	-0.028857827	0.5853746	0.012021077	0.22150001	6.0	18203.035547733307
39	51.0	0.0	0.29310346	8.10445	9.851321	30.074913	-10.936911	2.7819498	1.0495776	6.1773415	0.9015308	22.718391	9.728446	1.3188239	12.134593	-0.36657676	160000	7.450581e-09	44.110016	0.63891673	-0.017176442	-4.6845036	-0.05245486	0.662361	0.013862524	0.247	9.0	18710.2098634243
40	39.0	0.0	0.23636363	8.35537	9.364975	28.933329	-11.783482	2.7485921	1.0062444	5.717889	0.9447814	24.175758	8.74787	2.0172966	11.457968	1.1707228	164000	-2.9802322e-08	36.9623	0.5390598	-0.054705463	-2.483904	-0.01816684	0.73130864	0.01596113	0.18025	15.0	19240.596367836
41	58.0	0.0	0.3258427	8.245648	9.6226845	27.086887	-12.36694	2.9272916	1.1347536	6.522836	0.91205513	22.337078	8.910358	1.8970975	12.167275	3.0964189	168000	-1.4901161e-08	36.15451	0.65438557	-0.0481072	-0.934103	-0.030317724	0.67462146	0.014939302	0.1945	5.0	19750.448033094406
42	47.0	0.0	0.26256984	10.129426	9.85963	28.809967	-12.565175	2.5971043	1.0942422	5.3429465	0.66690475	22.256983	8.827188	2.373321	12.710229	3.4008965	172000	8.940697e-08	40.1285	0.62460065	-0.024519965	-1.9905605	-0.05733207	0.6038218	0.012516358	0.18724999	7.0	20235.589990854263
43	62.0	0.0	0.31632653	9.83243	10.309539	28.252764	-10.748261	2.5910623	1.1497524	5.7819185	0.66765964	20.311224	9.870051	1.6551776	12.945467	3.0062418	176000	0.0	43.910263	0.67070925	-0.023693152	-1.1494026	-0.023035854	0.5094539	0.012607139	0.14225	11.0	20696.621985197067
44	83.0	0.0	0.3721973	8.858541	10.898497	29.102411	-11.803324	2.4928706	1.1442404	5.1844473	0.90840375	17.860987	9.712912	1.7783237	13.080364	1.5437698	180000	7.450581e-09	48.681404	0.71634614	-0.04666637	-3.2037868	-0.017987758	0.4300421	0.014334866	0.12925	34.0	21125.97882270813
45	56.0	0.0	0.29319373	11.75332	10.046663	30.661203	-10.470922	2.5202732	1.1035637	5.663828	0.66760164	20.83246	9.662928	2.0114326	13.34362	-3.7836893	184000	-1.4901161e-08	43.008446	0.66215545	-0.032998577	-2.2149467	-0.01149562	0.46114594	0.012409574	0.1855	11.0	21584.412178516388
46	40.0	0.0	0.23121387	11.198314	9.357128	28.751019	-11.385615	2.5137262	1.0044569	6.112677	0.9095638	22.982658	10.758056	1.1793915	13.645438	-1.2724267	188000	1.4901161e-08	35.35	0.48165065	-0.02964735	-2.4869776	-0.019997746	0.5229269	0.0141091235	0.20324999	15.0	22070.43628191948
47	51.0	0.0	0.29142857	8.786634	9.062392	27.17449	-11.911313	2.7395139	1.0505612	6.030049	0.66756475	22.668571	10.361368	1.7550796	13.618679	1.0311313	192000	9.685755e-08	36.42589	0.5706359	-0.035944678	-2.4681978	-0.04232253	0.53154016	0.012197605	0.151	19.0	22577.990285634995
48	59.0	0.0	0.32240438	10.785467	10.532557	31.60946	-10.05201	2.6240437	1.017829	5.27535	0.90953684	21.639345	9.129041	2.3503528	13.296287	0.5377351	196000	7.0780516e-08	44.01676	0.52258134	-0.026341263	-1.90629	-0.026957035	0.4582557	0.0132067	0.15425	8.0	23069.369176387787
49	51.0	0.0	0.27868852	10.955997	10.004703	30.756708	-10.624966	2.5705574	1.1186894	6.2603807	0.90627795	21.726776	10.204809	2.1710815	14.14973	-0.0500257	200000	-2.9802322e-08	39.72059	0.5978103	-0.019054443	-0.74598885	-0.007116765	0.40891778	0.012090802	0.14625	11.0	23539.02099442482
50	75.0	0.0	0.36057693	11.183786	10.42058	30.480612	-10.690017	2.5838735	1.1019642	5.169151	0.66676486	19.173077	10.489101	1.5624211	13.866281	0.3530016	204000	2.9802322e-08	47.864838	0.6808623	-0.06460914	-1.2330265	-0.020177811	0.33383796	0.013018219	0.15175	31.0	23979.484245300293
51	47.0	0.0	0.25405404	11.992195	9.718992	31.426353	-11.711115	2.5295908	1.0651795	4.943538	0.6665828	21.508108	10.292263	1.3132985	13.208888	-0.86412305	208000	-1.4901161e-08	39.286606	0.5663283	-0.03678157	-0.6573076	-0.0072695017	0.3702054	0.013770384	0.16874999	7.0	24436.739778518677
52	57.0	0.0	0.30810812	9.370459	9.305213	28.468124	-11.875799	2.5906494	0.9830175	5.2203183	0.9085049	21.464865	10.733475	1.53033	14.359356	0.9052348	212000	7.450581e-09	36.559105	0.5043528	-0.0483243	-2.3154392	-0.011380151	0.4167091	0.012355582	0.153	22.0	24922.474472999573
53	43.0	0.0	0.23369566	12.112655	9.585916	28.533836	-8.069504	2.3511748	1.0205076	5.2479177	0.90948737	21.52174	9.801567	2.1377497	14.909827	-1.4609376	216000	7.4505806e-08	35.702385	0.5025034	-0.03506818	-2.391446	-0.04141125	0.36659437	0.014409171	0.13225	7.0	25397.69380378723
54	52.0	0.0	0.26943004	12.660371	10.000932	29.85619	-10.562596	2.4884858	1.1156509	5.3473296	0.8679596	20.642487	10.734012	1.4888175	14.558231	-1.1649231	220000	-2.9802322e-08	38.77426	0.62067413	-0.018891752	-2.138586	-0.03600113	0.32722586	0.014500679	0.163	16.0	25836.236591100693
55	85.0	0.0	0.3935185	11.021855	11.128252	30.905752	-11.24142	2.5849733	1.2088022	5.3878217	0.5608122	18.444445	11.2809725	1.5913379	15.373303	-1.5942519	224000	1.4901161e-08	50.752735	0.7958139	-0.10006891	-3.352806	-0.012076974	0.27236605	0.013920802	0.151	18.0	26258.36479640007
56	79.0	0.0	0.37980768	11.264939	10.705236	30.195734	-9.892681	2.548728	1.2042229	6.8945484	0.66762304	19.052885	10.661305	2.403575	15.741739	-6.4860234	228000	2.7939677e-08	46.141422	0.7978817	-0.09184815	-1.5025539	-0.025455147	0.31884262	0.018130656	0.1875	5.0	26698.936457157135
57	48.0	0.0	0.2580645	12.23134	9.299878	30.758734	-9.530695	2.3611088	1.023344	4.8270655	0.56081563	21.483871	10.934349	2.1835027	16.231934	-6.826368	232000	3.3527613e-08	38.61027	0.53975815	-0.052475408	-3.6301441	-0.01966247	0.35469854	0.01299119	0.1865	5.0	27153.542880296707
58	54.0	0.0	0.30337077	9.244367	10.000311	28.620459	-12.094634	2.6930845	1.0244234	5.068513	0.9088159	22.27528	10.537641	2.4980707	16.114237	-2.273988	236000	1.15484e-07	41.13224	0.594484	-0.043085158	-3.20891	-0.048769534	0.412583	0.014910713	0.18024999	6.0	27650.544524669647
59	50.0	0.0	0.29239765	8.966952	9.776774	28.621397	-10.7277155	2.8051112	0.9947651	6.5152555	0.66920125	23.292398	9.162186	2.4306386	14.255856	-2.9366617	240000	5.9604645e-08	38.498245	0.53046626	-0.02285932	-1.8794937	-0.027522922	0.46900496	0.015048292	0.1885	7.0	28168.37536931038
60	47.0	0.0	0.28313252	8.540308	10.228764	27.592487	-10.940831	2.8162513	1.0704435	5.5491843	0.5609653	23.861446	9.200648	2.9496684	14.656955	-0.02410521	244000	0.0	39.67079	0.5258055	-0.06450042	-1.5846815	-0.023681417	0.5083629	0.015668817	0.18675	18.0	28699.876328468323
61	44.0	0.0	0.25882354	9.4463625	10.081532	30.418114	-11.452503	2.620231	1.0409541	4.846559	0.9091638	23.452942	9.041176	3.1070428	14.940981	2.8846776	248000	-2.9802322e-08	35.171066	0.5174039	-0.0647143	-0.6541786	-0.021816656	0.46054804	0.017907208	0.171	6.0	29213.06708741188
62	48.0	0.0	0.27118644	10.543865	9.877626	28.833977	-11.151128	2.5549297	1.0475368	4.6172795	0.9101408	22.531073	9.460088	3.130525	14.461338	2.7993855	252000	-4.4703484e-08	40.81832	0.5703653	-0.045372978	-3.870863	-0.027364492	0.413754	0.013696958	0.13475001	5.0	29706.260880231857
63	46.0	0.0	0.25698325	11.942923	9.540157	30.152237	-9.718577	2.523409	1.0307076	5.076575	0.6662599	22.139666	10.033563	1.9093066	13.933169	0.62805426	256000	0.0	35.848736	0.53452146	-0.08653799	-1.5672779	-0.008011505	0.37758762	0.017304348	0.21675	8.0	30171.477016210556
64	69.0	0.0	0.34673366	12.422043	9.889533	29.195759	-7.477654	2.5200355	1.1200228	5.0529404	0.6673787	19.899498	10.90415	1.7993604	14.913498	0.953075	260000	-5.9604645e-08	40.265724	0.664693	-0.01913185	-2.7551384	-0.028154314	0.3150233	0.0125442725	0.11575	5.0	30606.64910888672
65	82.0	0.0	0.38317758	11.517743	11.057919	32.540543	-9.15101	2.5559647	1.1745917	5.3482456	0.667587	18.649532	10.815525	1.9121653	15.130805	-1.2667027	264000	-1.4901161e-08	50.234432	0.772348	-0.017944574	-1.9117317	-0.013340831	0.2962309	0.012411033	0.14525	19.0	31032.106101989746
66	111.0	0.0	0.46835443	9.282282	11.123771	30.189402	-11.591191	2.6660562	1.246263	5.6332054	0.66661483	16.831224	10.346484	2.5189703	16.216028	-3.0287318	268000	7.450581e-09	50.6542	0.95587313	-0.0795448	-3.2293186	-0.034289032	0.22326311	0.014284931	0.0975	18.0	31446.308835744858
67	92.0	0.0	0.4162896	10.887373	10.933851	30.5096	-9.857381	2.572771	1.1795628	6.433528	0.6677109	18.0	9.601627	3.3606246	16.924246	-6.053103	272000	2.9802322e-08	48.6211	0.8054493	-0.10027948	-2.2694626	-0.029472917	0.28285936	0.018166617	0.1575	6.0	31863.357825517654
68	53.0	0.0	0.35333332	11.95619	9.921888	29.359207	-10.195092	2.617834	1.1345012	6.526186	0.6663717	19.946667	10.874916	2.4830337	18.254637	-5.028889	276000	-4.4703484e-08	64.597435	0.6044279	-0.10926025	-19.76386	-0.06286964	0.3837787	0.01655217	0.18375	6.0	32364.320549726486
69	66.0	0.0	0.34554973	11.019998	9.681974	30.213514	-7.7869124	2.5679772	1.0815927	6.5770006	0.6669398	20.77487	9.243442	3.3616216	15.300345	-5.144732	280000	4.4703484e-08	47.54397	0.56075644	-0.07865779	-8.915916	-0.014190033	0.39694586	0.018365284	0.19600001	5.0	32830.91448760033
70	38.0	0.0	0.22485207	10.994901	9.995539	28.70054	-10.344625	2.49624	0.9972906	4.636285	0.93129694	23.47929	9.719162	2.700525	16.494148	-2.7946136	284000	-5.9604645e-08	38.569794	0.5366183	0.0012602657	-2.7350025	-0.046799436	0.43519408	0.012653144	0.145	6.0	33311.62401866913
71	45.0	0.0	0.2616279	10.437281	10.657426	27.437588	-10.507271	2.5944698	0.9826775	5.484216	0.9155167	23.081396	10.14344	2.7718532	16.04741	-0.91578156	288000	-1.4901161e-08	37.69979	0.50032914	-0.033629462	-2.694683	-0.016392961	0.4748462	0.013493186	0.20975	17.0	33806.03483366966
72	57.0	0.0	0.33529413	6.710299	9.6308	28.585115	-10.619252	2.840362	0.9950619	4.776032	0.914801	23.335295	9.14774	3.9299827	16.81607	1.4884951	292000	-1.4901161e-08	38.474426	0.5022743	-0.07109489	-3.74481	-0.027302817	0.52867687	0.0128688	0.19675	17.0	34332.352476119995
73	46.0	0.0	0.26900584	9.449242	9.834274	31.889269	-12.036112	2.7014484	1.0372351	6.869129	0.9149966	23.380117	8.1459875	3.3778362	15.443709	-0.107036725	296000	-8.940697e-08	38.775482	0.52003586	-0.05237782	-2.2470846	-0.024571508	0.48755336	0.014614683	0.22275	8.0	34829.10121846199
74	41.0	0.0	0.23976608	10.787761	9.647821	27.84846	-12.105711	2.5022247	1.0039754	5.1647477	0.6676611	23.210526	9.499333	3.157967	16.759144	1.3903208	300000	4.4703484e-08	34.093727	0.51975185	-0.057539023	-1.2389431	-0.028427005	0.42800897	0.013591538	0.134	6.0	35312.934705257416
75	48.0	0.0	0.26086956	12.742262	9.820506	27.93829	-9.802063	2.428836	1.0153384	5.5406494	0.5608441	21.641304	10.287223	2.4426672	16.093441	1.3721442	304000	6.61239e-08	36.858315	0.50779986	-0.051645085	-1.2663708	-0.017080665	0.374	0.015304131	0.124	6.0	35773.35108733177
76	59.0	0.0	0.30569947	13.111002	10.004994	29.397072	-11.102013	2.4520757	1.0243814	5.809719	0.6677096	20.683937	10.900816	2.3748696	16.892113	0.78634065	308000	-4.1909516e-08	39.800762	0.507474	-0.010016354	-2.5405807	-0.008891553	0.3563299	0.012588274	0.119500004	9.0	36213.54377913475
77	72.0	0.0	0.34615386	12.33494	10.302248	29.116735	-9.274908	2.451984	1.133993	5.795812	0.8965085	19.216347	11.363343	2.6275392	16.7195	-0.574208	312000	-2.9802322e-08	42.11341	0.68806124	-0.013959244	-1.9403343	-0.041948736	0.31303972	0.012813113	0.107	27.0	36638.532009363174
78	65.0	0.0	0.31862745	14.306057	10.232008	30.133814	-9.190262	2.4546936	1.1150584	6.834649	0.6675352	19.450981	10.790695	2.4841878	16.878202	-3.0931356	316000	2.2351742e-08	44.275764	0.6583072	-0.1655972	-3.2623005	-0.01794681	0.2673443	0.018027032	0.16525	14.0	37057.07770371437
79	60.0	0.0	0.30612245	14.170474	10.039725	29.942595	-10.078715	2.366685	1.0569187	5.577452	0.6664613	20.214285	12.015156	2.5879905	18.523195	-3.0808334	320000	-5.9604645e-08	37.135998	0.5532265	-0.09671411	-0.8280239	-0.015859038	0.3413216	0.0127555905	0.1415	4.0	37487.67455339432
80	67.0	0.0	0.3401015	12.417912	10.261357	29.788681	-11.295522	2.5596342	1.0906917	5.0847507	0.6675758	20.162437	11.901737	2.8266659	18.704592	-2.85344	324000	-6.7055225e-08	45.178696	0.6416813	-0.08657699	-3.3315372	-0.041569084	0.3776937	0.015040651	0.13925001	4.0	37927.697645664215
81	42.0	0.0	0.23595506	13.0463705	9.892974	28.98828	-10.757843	2.3801534	1.0219136	6.3392634	0.66769147	22.230337	10.831002	2.6555922	16.960114	-2.4986987	328000	0.0	35.93724	0.494311	-0.025690056	-1.5337515	-0.039544076	0.40624303	0.012549713	0.13100001	5.0	38386.43410515785
82	39.0	0.0	0.22543353	12.444051	10.063523	29.776682	-11.340161	2.345123	0.9666304	4.48917	0.9109907	23.086704	11.119532	3.0472295	17.81082	-1.1772183	332000	-2.2351742e-08	35.31586	0.41815042	-0.0358714	-1.4848499	-0.0046133697	0.45162806	0.016232042	0.183	10.0	38862.43466973305
83	38.0	0.0	0.23170732	10.05755	9.757937	28.904543	-12.065183	2.5789118	1.0210092	5.6620884	0.9281379	24.304878	10.30524	3.275838	17.544613	0.9034698	336000	2.9802322e-08	35.930977	0.48307055	-0.03516382	-2.4382868	-0.027832493	0.52052665	0.013777846	0.117249995	15.0	39368.402822732925
84	41.0	0.0	0.25308642	8.497652	8.86425	26.42015	-10.57031	2.751064	1.042104	5.696745	0.9098808	24.567902	9.147352	2.976815	16.732573	0.61527944	340000	0.0	30.791306	0.528255	-0.06056883	-1.0974083	-0.017590761	0.6063857	0.014042545	0.10175	11.0	39891.83975434303
85	31.0	0.0	0.26495728	10.445986	10.191435	27.894005	-10.671958	2.6746001	0.9812716	5.091328	0.8949124	22.897436	9.579534	2.3835452	15.889237	0.75122535	344000	-8.940697e-08	79.29224	0.34686166	-0.098634705	-35.53969	-0.025556743	0.7522985	0.014785379	0.23875	11.0	40438.238766908646
86	33.0	0.0	0.2244898	12.613001	9.141622	30.487007	-7.4883866	2.568257	1.0263093	5.8344955	0.910991	22.292517	7.2886	4.1041155	15.515943	-3.031347	348000	7.450581e-09	43.27276	0.43712297	-0.04016096	-2.5951557	-0.010174498	0.6967897	0.012656255	0.18900001	10.0	40934.69273042679
87	59.0	0.0	0.3041237	11.442599	9.740162	30.914564	-10.74883	2.5354178	1.1512316	5.5201507	0.90902245	20.520618	9.870582	3.5310063	16.55734	-1.4639974	352000	-7.0780516e-08	44.67252	0.63282824	-0.09874054	-6.6989784	-0.046777368	0.6268216	0.016300235	0.2065	8.0	41381.13800358772
88	68.0	0.0	0.33333334	12.255436	10.50933	30.027008	-9.905258	2.6214156	1.2043712	7.033855	0.89655215	19.485294	10.2786	2.7900631	16.73182	1.0163684	356000	-1.8626451e-09	45.354805	0.7080878	-0.042913713	-3.858841	-0.01726693	0.6037365	0.0132478345	0.20699999	8.0	41816.31555724144
89	72.0	0.0	0.34951457	12.905186	10.63498	31.909376	-11.1162815	2.5705974	1.2004602	5.5621934	0.6666548	19.296116	10.830229	2.454755	16.103886	0.21712102	360000	2.2351742e-08	43.89969	0.7720283	-0.042957902	-1.0744476	-0.0136755705	0.5305353	0.0137182735	0.15275	10.0	42239.32442736626
90	39.0	0.0	0.35454544	12.733588	10.818095	29.832224	-8.977183	2.5135076	1.0832282	5.3285613	0.91346407	19.1	10.343035	2.1669278	17.263327	-0.17451996	364000	0.0	67.33121	0.33328605	-0.14522551	-34.364502	-0.026163008	0.502578	0.014526695	0.14050001	17.0	42809.10434126854
91	50.0	0.0	0.2631579	13.637631	9.549621	31.152008	-9.5869665	2.374447	1.0058197	6.0382824	0.9098585	20.942104	9.974069	4.156159	17.13677	-2.6389387	368000	-9.313226e-09	46.901527	0.5186884	-0.043547392	-10.56464	-0.029517382	0.4437924	0.013152767	0.143	6.0	43246.16270804405
92	48.0	0.0	0.25945947	13.023166	9.566888	29.885134	-10.3481	2.4103312	1.0190341	4.8037224	0.66651934	21.41081	11.115838	3.1410508	17.253063	-1.1243131	372000	2.2351742e-08	38.910927	0.50570244	-0.06721631	-3.2641554	-0.014452204	0.4553269	0.01511262	0.17500001	7.0	43696.96392607689
93	50.0	0.0	0.2793296	11.539503	9.66128	28.372297	-10.77067	2.4934373	0.9596545	4.77051	0.6676222	22.318436	10.615754	2.9577234	17.373392	0.10317697	376000	0.0	37.386894	0.45529774	-0.03359744	-2.0192623	-0.011315599	0.5004615	0.01204299	0.156	8.0	44170.386347293854
94	45.0	0.0	0.2631579	10.530972	9.133828	27.976284	-11.252022	2.600583	1.0498952	5.9211617	0.9090847	23.146198	9.980276	2.9227521	16.791136	-0.3245406	380000	1.4901161e-08	32.03347	0.5104589	-0.082461275	-0.6154003	-0.02780129	0.5338379	0.015580621	0.1645	16.0	44657.07416296005
95	46.0	0.0	0.25842696	12.598045	9.7481785	29.357746	-10.804332	2.4097807	1.0568751	6.0436225	0.8965874	22.320225	10.094762	2.910008	16.685642	-0.27765864	384000	7.450581e-09	33.606407	0.5258839	-0.051214326	-1.1804028	-0.014629006	0.48397854	0.014370041	0.169	7.0	45112.944061517715
96	48.0	0.0	0.26373628	12.700497	9.720815	33.09873	-9.05615	2.4507282	0.9786801	5.5191393	0.6675877	21.862637	10.812519	3.067102	17.464811	1.8553245	388000	1.4901161e-08	34.39424	0.44098705	-0.0684742	-0.9621525	-0.0112710595	0.4452998	0.014174384	0.17425	8.0	45563.414936065674
97	38.0	0.0	0.20652173	14.700666	9.00441	31.073969	-4.9464974	2.3174453	0.9786433	4.7616863	0.66643715	21.64674	11.029252	2.7040734	17.594019	0.9732816	392000	-7.450581e-09	35.690414	0.4644301	-0.05111611	-3.8968687	-0.019526437	0.40552118	0.014418286	0.14675	7.0	45999.88417673111
98	52.0	0.0	0.26262626	15.404058	9.454165	29.82781	-7.882674	2.3418274	1.045527	4.678605	0.6671184	20.141415	12.359194	2.0555415	17.1398	2.2168632	396000	3.7252903e-08	37.009575	0.5717536	-0.03597895	-1.7359848	-0.02536434	0.35518023	0.012219172	0.115	8.0	46419.06199812889
99	64.0	0.0	0.30917874	13.680393	9.802826	30.809238	-9.504301	2.4672103	1.1701754	5.5028744	0.6664412	19.241547	12.380814	2.4000006	18.102272	1.4942732	400000	2.2351742e-08	39.691315	0.7196759	-0.05772368	-1.1231823	-0.023976445	0.33804202	0.013662288	0.119	20.0	46835.09114456177
100	84.0	0.0	0.3906977	12.572389	10.238569	31.066912	-8.703199	2.623051	1.1725081	5.6966047	0.6664548	18.48372	11.620117	2.2969282	17.230343	0.09655225	404000	5.9604645e-08	44.978832	0.7501465	-0.12226582	-1.3941631	-0.03306669	0.2520579	0.015248574	0.121999994	11.0	47248.10804748535
101	68.0	0.0	0.32692307	13.636515	10.526783	30.222723	-10.123821	2.4536967	0.990384	5.0605187	0.6675548	19.221153	11.2132845	2.5569687	18.199614	-0.8401314	408000	4.4703484e-08	43.933743	0.5738834	-0.15995154	-1.2071304	-0.032624632	0.25421566	0.012923038	0.15725	6.0	47664.4634411335
102	59.0	0.0	0.3041237	15.157788	10.086839	30.479288	-8.488754	2.4324682	1.0088079	4.8279943	0.66766906	20.5	12.0521345	2.5269902	17.836933	-2.053028	412000	0.0	43.815544	0.5387711	-0.057687774	-1.0477219	-0.020124584	0.2917086	0.013344955	0.14875	5.0	48094.95371174812
103	49.0	0.0	0.25789472	14.375009	9.162718	33.6319	-9.844939	2.2390769	1.0266945	4.819464	0.8420426	21.015789	12.410779	2.5436945	18.507154	0.4697255	416000	-8.940697e-08	34.129513	0.51071596	-0.11446248	-2.6077042	-0.028351903	0.29788357	0.014909866	0.144	6.0	48524.2682929039
104	45.0	0.0	0.252809	13.191234	9.583322	30.106726	-9.603242	2.411873	0.9959567	4.4963784	0.7261084	22.297752	11.514401	2.898859	18.49072	0.94339305	420000	-7.4505806e-08	33.932865	0.46178302	-0.019665182	-2.8799171	-0.036085457	0.34944785	0.014983028	0.143	6.0	48970.00650382042
105	44.0	0.0	0.25730994	11.046271	9.465784	29.184872	-6.705278	2.4732342	0.98847914	5.9958415	0.91239035	23.192982	10.813808	3.411719	17.731905	0.821011	424000	2.9802322e-08	33.538845	0.48826075	-0.019030198	-2.2929335	-0.025934622	0.39156336	0.014164457	0.1205	10.0	49435.95466756821
106	40.0	0.0	0.2366864	11.018937	8.971805	27.024466	-9.566198	2.544481	0.91963476	4.390943	0.9202195	23.52071	10.057453	3.2748861	16.954096	1.6150255	428000	5.5879354e-08	28.286768	0.37589484	-0.11283332	-0.713542	-0.020379022	0.4236167	0.013783834	0.18125	18.0	49918.83286738396
107	44.0	0.0	0.25581396	11.671588	9.499154	29.997513	-8.876497	2.5108757	1.023175	6.563856	0.66679317	23.05814	10.082984	3.0608034	16.534569	1.5464561	432000	-1.4901161e-08	34.035175	0.48152047	-0.11517352	-0.45412445	-0.0033595562	0.37414825	0.016678933	0.17225	7.0	50388.23232793808
108	61.0	0.0	0.32972974	11.420315	9.306845	29.39213	-8.11525	2.567271	1.1238033	6.8535557	0.9115897	21.508108	10.186465	2.8607047	16.655554	2.3807068	436000	7.4505806e-08	35.113937	0.5939455	-0.09318119	-1.7305813	-0.036154374	0.3204034	0.01697766	0.16225	6.0	50842.09514784813
109	35.0	0.0	0.19662921	15.585844	9.110818	30.411407	-9.141048	2.2721932	0.8890065	4.382067	0.9101963	22.376404	10.493012	2.526362	16.641663	-0.24857806	440000	-1.3317913e-07	38.571888	0.47942805	-0.055184174	-7.99918	-0.088751376	0.26973954	0.01498336	0.1265	7.0	51277.62248253822
110	43.0	0.0	0.2287234	16.637495	10.026574	32.63852	-7.9081254	2.324455	0.94827056	5.134201	0.90846294	21.085106	12.526471	1.9435061	17.565014	2.3423371	444000	0.0	39.30963	0.48886177	-0.04940545	-3.1637497	-0.014320523	0.2562952	0.013386577	0.1265	9.0	51698.970848083496
111	70.0	0.0	0.33816424	14.118059	10.317311	31.123283	-8.07939	2.4913962	1.0509425	5.389761	0.6675448	19.14976	13.292258	2.4914167	18.943567	1.7958074	448000	1.4901161e-08	42.7312	0.60960495	-0.026297443	-3.9892082	-0.047544003	0.2213274	0.013278637	0.111	12.0	52114.0971531868
112	79.0	0.0	0.36238533	13.840265	10.591095	31.34169	-9.799474	2.449722	1.1515207	6.077746	0.6663776	18.279816	11.776256	2.6439798	18.273458	0.8026343	452000	-4.4703484e-08	43.620182	0.68509275	-0.17185411	-1.3168373	-0.022277206	0.19646361	0.017087005	0.1295	17.0	52526.39650678635
113	53.0	0.0	0.27040815	15.724779	10.300271	30.477192	-8.176245	2.4284878	1.0694962	5.411122	0.6670338	20.15306	12.191882	2.8289254	18.817776	-0.7562284	456000	-1.8626451e-08	40.76883	0.5477554	-0.12044529	-2.771574	-0.018067986	0.20967266	0.014570715	0.11825	5.0	52941.08354687691
114	52.0	0.0	0.27083334	14.801403	9.2442255	28.94827	-8.0681715	2.3134859	1.0001578	4.820568	0.9117042	20.713541	12.750314	2.8794982	19.079603	1.6151747	460000	-4.4703484e-08	37.141483	0.50765836	-0.09869055	-2.890561	-0.022811562	0.23574668	0.013401663	0.124249995	5.0	53361.78544783592
115	37.0	0.0	0.2032967	15.579917	8.969694	28.848825	-7.749676	2.121185	0.9413873	4.499467	0.6668448	21.802198	12.273604	2.644813	18.615993	1.0878891	464000	1.4901161e-08	29.650795	0.43434465	-0.029970065	-0.79188156	-0.023513421	0.25491393	0.012944974	0.122999996	6.0	53787.42317676544
116	54.0	0.0	0.28877005	12.769782	9.411984	28.117435	-9.647611	2.325664	0.94529635	4.1518984	0.6665512	21.374332	12.123392	2.6546197	18.726505	0.5758363	468000	-8.312054e-08	38.0243	0.45547378	-0.048476465	-3.9654083	-0.03753519	0.2766419	0.015994841	0.14525	10.0	54224.43670487404
117	44.0	0.0	0.24858756	12.503589	10.072095	30.975403	-9.07629	2.3393352	0.98506635	4.4904995	0.6676585	22.514124	10.82615	2.7964084	17.366083	1.4561317	472000	1.4901161e-08	37.31287	0.4373954	-0.06501818	-3.2088108	-0.031745	0.30889785	0.014280632	0.1655	11.0	54679.14853143692
118	25.0	0.0	0.1736111	11.435903	8.656154	28.3639	-9.691798	2.4012125	0.93977135	4.5109553	0.91186655	24.67361	10.251181	3.1332943	17.214317	-2.0750034	476000	-2.9802322e-08	33.104546	0.2988568	-0.041005716	-4.313444	-0.01714705	0.38172927	0.013882314	0.18399999	11.0	55191.19351887703
119	42.0	0.0	0.25454545	8.786836	9.414357	27.923391	-10.023738	2.5838041	1.0004	6.7142606	0.9492434	24.2	9.405707	3.281553	16.299072	1.7155157	480000	8.195639e-08	33.236244	0.40866983	-0.04171723	-3.9324083	-0.037358046	0.3871218	0.015664639	0.12775	10.0	55688.993413448334
120	52.0	0.0	0.31137726	7.189814	10.119767	28.9138	-12.000076	2.7783856	0.9788419	4.8651705	0.90849006	23.832335	8.908164	3.2826033	15.92986	1.39798	484000	-7.8231096e-08	41.51851	0.4175278	-0.11739218	-2.6534386	-0.034447342	0.40717423	0.012392606	0.178	15.0	56202.6795232296
121	48.0	0.0	0.28742516	8.56063	9.753382	26.30096	-10.74568	2.6659582	1.0207648	5.4832597	0.910979	23.8503	8.358779	3.2520897	14.862838	0.99830693	488000	0.0	36.75679	0.4590468	-0.10699453	-0.94971657	-0.015267819	0.36452666	0.014333075	0.17175001	5.0	56699.13940501213
122	51.0	0.0	0.3	8.94615	9.601622	26.366722	-10.128754	2.6445208	1.0385511	6.256902	0.9103117	23.358824	8.906709	3.1652894	15.233525	-0.4432078	492000	-2.9802322e-08	33.125744	0.44739968	-0.06517258	-0.8835039	-0.020797625	0.33139604	0.014063086	0.15375	5.0	57195.95004320145
123	51.0	0.0	0.2802198	12.654362	10.072616	28.922266	-9.656289	2.4633243	1.0937456	6.9983816	0.6667297	21.76923	9.807884	3.3821359	15.8661585	-0.050536815	496000	-5.2154064e-08	37.522255	0.4612041	-0.098708555	-2.41988	-0.017184764	0.3022288	0.013942206	0.14825	7.0	57461.44191837311
124	45.0	0.0	0.24193548	13.405113	10.172165	30.931423	-9.553092	2.2991083	1.0093118	4.725277	0.8964701	21.38172	10.74441	3.267661	16.879005	-0.98114663	500000	-6.7055225e-08	35.464806	0.4169147	-0.09229203	-1.912941	-0.034041137	0.25327763	0.014807986	0.11575	5.0	57714.37171435356
