Epoch	penalty	Crash_ratio	alpha	entropy	critic1	critic2	cost	LossPi	alpha_loss	critic1_loss	critic2_loss	cost_loss	sigma	AverageEpRet	StdEpRet	MaxEpRet	MinEpRet	AverageEpCost	StdEpCost	MaxEpCost	MinEpCost	EpLen	Buffer_size	TotalEnvInteracts	Time
1	1.0100236	0.3627451	0.9512213	1.180569	0.51265043	0.5180291	0.2166549	-1.4655554	-0.23764826	3.1187944	3.0661933	0.14506888	2.0000203e-05	4.6765833	7.8649273	20.700329	-13.262302	0.8735295	1.071322	3.5	0.0	19.362745	5998	4000.0	242.98561644554138
2	1.0301106	0.34299517	0.8645128	1.06112	0.72525513	0.7232123	0.23047318	-1.5113125	-0.64464325	2.5865571	2.5830615	0.11509563	2.0200201e-05	7.4869475	8.728078	22.855299	-12.925016	0.8111111	1.0245876	2.9	0.0	19.4686	6998	8000.0	460.67125177383423
3	1.0503764	0.2970297	0.78404295	1.0447637	0.893573	0.8923243	0.2318664	-1.625636	-1.079709	2.5617783	2.5626283	0.09970651	2.0402204e-05	9.5912075	8.227442	23.311163	-10.762	0.6975247	0.99097097	3.8	0.0	19.683168	7998	12000.0	679.6200687885284
4	1.0708809	0.23857868	0.712783	0.9548999	1.0404541	1.0400989	0.23031156	-1.6538641	-1.4293945	2.5460956	2.5489867	0.08635203	2.0606221e-05	11.769055	7.825877	27.495338	-8.240298	0.54010147	0.9161639	2.7	0.0	20.218273	8998	16000.0	900.1179609298706
5	1.0916235	0.26530612	0.64743674	0.9045626	1.2235649	1.2234267	0.2349989	-1.8168559	-1.8808628	2.5369375	2.5377734	0.07795404	2.081229e-05	12.360054	8.015055	26.126678	-8.138114	0.59591836	0.94679034	2.9	0.0	20.479591	9998	20000.0	1122.081127166748
6	1.1125449	0.235	0.5879323	0.84248054	1.4106716	1.410419	0.23956738	-1.9552859	-2.2711825	2.5066729	2.506258	0.06822503	2.1020413e-05	14.56709	7.6816907	25.804419	-5.175909	0.50350004	0.896068	2.4	0.0	20.03	10998	24000.0	1332.7584640979767
7	1.1336453	0.20707071	0.53334117	0.7567903	1.5842532	1.5845844	0.24454449	-2.0294354	-2.6002328	2.4693842	2.468972	0.06092841	2.1230615e-05	15.135943	6.987392	27.51168	-2.0736628	0.4520202	0.8649581	2.5	0.0	20.156565	11999	28000.0	1540.4076833724976
8	1.1549842	0.20918368	0.4837065	0.7013019	1.8055005	1.8053024	0.24786524	-2.262998	-3.0683417	2.4291577	2.428463	0.054212112	2.1442926e-05	16.25087	7.3009553	27.765131	-2.0258482	0.46071425	0.88573587	2.5	0.0	20.321428	12998	32000.0	1747.5309400558472
9	1.1765615	0.20918368	0.43892458	0.6313174	1.9771836	1.9767693	0.2507264	-2.3126981	-3.3157213	2.379979	2.3789663	0.049800325	2.1657346e-05	16.639013	7.663127	29.643194	-2.8960998	0.4535714	0.87676203	2.4	0.0	20.520409	13998	36000.0	1951.32151055336
10	1.1983174	0.22110553	0.3992271	0.56059057	2.1930919	2.1925972	0.2532548	-2.5420938	-3.70775	2.31347	2.3126132	0.044965945	2.1873928e-05	16.477627	7.6536303	28.059143	-1.9826733	0.48140705	0.8785015	2.6	0.0	20.201006	15000	40000.0	2151.295880317688
11	1.2202522	0.22727273	0.36201057	0.5075639	2.438026	2.437687	0.2575259	-2.8115396	-4.179217	2.2888324	2.2875516	0.042416975	2.2092669e-05	16.811209	7.481967	28.469963	0.57571304	0.49848482	0.9056209	2.7	0.0	20.11111	15998	44000.0	2354.8971405029297
12	1.2424256	0.24378109	0.32842174	0.42617443	2.6072042	2.607041	0.2588695	-2.8746629	-4.2643485	2.2655864	2.264291	0.039947983	2.2313585e-05	16.974443	7.972104	27.719894	-0.1558873	0.51691544	0.91162336	2.4	0.0	19.870647	16998	48000.0	2556.3972749710083
13	1.2648371	0.15544042	0.29861996	0.38630116	2.7937315	2.7940269	0.26123053	-2.999501	-4.5764604	2.2121844	2.210984	0.03797366	2.253672e-05	18.727636	7.296237	29.747087	-1.4005781	0.34455958	0.78455555	2.4	0.0	20.746115	17998	52000.0	2758.701002597809
14	1.2874873	0.23880596	0.27167937	0.33664188	3.016291	3.016429	0.2609041	-3.193769	-4.7744412	2.1820366	2.1804237	0.034794312	2.2762097e-05	17.51975	8.125487	30.943386	0.53614336	0.51641786	0.91612375	2.3	0.0	19.920399	18999	56000.0	2963.0235249996185
15	1.3103758	0.19387755	0.24640143	0.30969068	3.2431524	3.2426252	0.26412442	-3.4427676	-5.3383036	2.1616747	2.1595552	0.03423573	2.2989716e-05	18.543232	7.458694	32.21015	1.0917497	0.41734692	0.8481102	2.3	0.0	20.255102	19998	60000.0	3162.109805583954
16	1.3335028	0.20812182	0.22377458	0.25754392	3.3997378	3.3990202	0.2656703	-3.5073888	-5.327456	2.1060781	2.1025	0.03251882	2.3219614e-05	18.678907	7.867229	30.773148	-1.1604264	0.44923857	0.87750334	2.4	0.0	20.406092	20998	64000.0	3360.2779746055603
17	1.3568681	0.19796954	0.20278807	0.23700424	3.643621	3.643934	0.2692378	-3.7749667	-5.8743916	2.1210382	2.11588	0.032055233	2.3451808e-05	18.279783	7.771186	29.351324	-2.283793	0.4319797	0.8668999	2.4	0.0	20.284264	21998	68000.0	3558.122171640396
18	1.380472	0.24752475	0.18378702	0.21600641	3.9226186	3.9222357	0.26925847	-4.1303625	-6.545	2.1151438	2.1088262	0.030666234	2.368633e-05	18.256071	8.610894	33.411354	0.93421006	0.52871287	0.9189249	2.4	0.0	19.886139	22998	72000.0	3756.967617750168
19	1.4043142	0.19796954	0.16655569	0.18841441	4.101796	4.1015787	0.27123094	-4.245169	-6.74208	2.1166775	2.1094198	0.029723192	2.3923189e-05	19.063122	7.764554	31.625496	0.7821595	0.4335025	0.8687435	2.4	0.0	20.340101	23998	76000.0	3954.1865043640137
20	1.4283948	0.1631579	0.15147248	0.16170868	4.227184	4.2267323	0.27401647	-4.2553153	-6.673774	2.041472	2.0314624	0.028978307	2.4162418e-05	19.876354	7.65063	31.061289	-0.44348484	0.36631575	0.81552184	2.6	0.0	20.842106	24998	80000.0	4155.119597911835
21	1.452714	0.23	0.13773416	0.14524035	4.444307	4.4444	0.27435791	-4.476068	-7.0808897	2.036994	2.0237231	0.02829172	2.4404042e-05	18.4573	8.403475	30.48787	-1.8746618	0.49949998	0.9131537	2.4	0.0	20.15	25998	84000.0	4356.544934272766
22	1.4772712	0.2160804	0.124704376	0.13152973	4.7368226	4.7371306	0.2766227	-4.904878	-7.933463	2.1025488	2.084066	0.02836836	2.4648085e-05	18.906982	8.160624	32.158638	2.611537	0.46884423	0.8915202	2.3	0.0	20.065327	26998	88000.0	4554.439350366592
23	1.5020673	0.21538462	0.1130493	0.11919849	4.8498273	4.8489327	0.2804975	-4.869999	-7.5633163	2.0394783	2.016935	0.027736723	2.4894562e-05	19.278856	8.243276	31.642988	1.0293622	0.46564105	0.883814	2.3	0.0	20.471794	27998	92000.0	4754.9244656562805
24	1.5271015	0.15025906	0.10281507	0.10819632	5.070333	5.069422	0.28004977	-5.111755	-8.103215	2.0720243	2.0470147	0.027149709	2.5143516e-05	20.289282	7.6823554	30.265995	-2.4174833	0.32746115	0.7755475	2.4	0.0	20.792746	28998	96000.0	4953.94407081604
25	1.5523744	0.1761658	0.09305745	0.09723541	5.2764225	5.2749686	0.28052747	-5.3030252	-8.664459	2.060978	2.0331893	0.026586806	2.5394946e-05	20.061401	8.007026	31.023014	-0.48931542	0.39378238	0.8350872	2.3	0.0	20.865286	29998	100000.0	5153.640590429306
26	1.5778855	0.21428572	0.08456034	0.09156841	5.384168	5.383865	0.28601333	-5.297305	-8.506605	2.0123794	1.982625	0.026639668	2.5648904e-05	19.344872	8.454881	31.055092	-0.23407695	0.46173468	0.88185513	2.4	0.0	20.290817	30998	104000.0	5351.5288462638855
27	1.603635	0.18947369	0.07686516	0.084004276	5.4822373	5.481287	0.28936756	-5.2593517	-8.295619	1.9037666	1.8783379	0.025784487	2.5905381e-05	19.744207	8.159244	32.006508	0.82384753	0.4226316	0.858066	2.3	0.0	20.868422	31998	108000.0	5553.322072267532
28	1.629623	0.15544042	0.06996277	0.080188856	5.718674	5.718125	0.28891334	-5.5513906	-8.998469	1.9404812	1.914658	0.025684664	2.6164438e-05	20.408314	7.543649	31.852648	-2.4422796	0.33937824	0.78654724	2.3	0.0	20.953367	32998	112000.0	5750.556888580322
29	1.6559092	0.15183246	0.063234575	0.074791454	5.9361043	5.9354563	0.28801298	-5.798638	-9.460871	1.9997737	1.974979	0.025390323	2.6426076e-05	20.470743	7.7693086	31.036343	-0.8972153	0.3293194	0.773568	2.4	0.0	20.884817	33998	116000.0	5949.041090488434
30	1.6824932	0.15263158	0.0571893	0.07303322	6.164517	6.1642227	0.28669292	-6.0730343	-10.080824	2.0399606	2.0149827	0.02520091	2.6690344e-05	20.65276	7.521888	32.01003	2.6293414	0.33157894	0.7791038	2.3	0.0	20.978947	34998	120000.0	6150.327514886856
31	1.7093157	0.16145833	0.051965024	0.072104804	6.28226	6.281406	0.2901442	-6.0644383	-9.749771	1.9498885	1.9269818	0.025154617	2.6957256e-05	20.979734	7.877302	31.840277	-1.0242385	0.34270835	0.7777833	2.3	0.0	20.90625	35998	124000.0	6351.217044353485
32	1.7363765	0.20512821	0.0471727	0.068669975	6.5196056	6.5192795	0.288063	-6.3821135	-10.524015	2.0004358	1.9765297	0.024749793	2.722682e-05	19.484112	8.369776	30.836256	0.27296302	0.44256413	0.8695909	2.3	0.0	20.533333	36998	128000.0	6550.591102361679
33	1.7637357	0.17708333	0.042672016	0.06799264	6.6874094	6.6875467	0.28964686	-6.5302157	-11.02271	2.0014596	1.9800752	0.024762552	2.749909e-05	20.367516	8.084866	31.23289	0.16342212	0.38020834	0.81899583	2.3	0.0	20.765625	37998	132000.0	6749.988745927811
34	1.7913926	0.2238806	0.038638853	0.066829175	6.8776493	6.877259	0.28886896	-6.6945724	-11.1980915	2.0330715	2.0141635	0.02465279	2.7774084e-05	19.326675	8.432131	31.6449	0.24260463	0.48656717	0.9002867	2.3	0.0	20.019901	38998	136000.0	6951.438454627991
35	1.8192879	0.14210527	0.03507402	0.06577501	7.032138	7.0319133	0.29056403	-6.8109527	-11.447648	1.987721	1.9686574	0.024626678	2.8051825e-05	21.118887	7.5321083	32.077633	-2.1478047	0.31210527	0.7635174	2.5	0.0	21.042105	39999	140000.0	7151.190033912659
36	1.8474815	0.13978495	0.031759042	0.065876365	7.2617497	7.2625194	0.28717923	-7.0984693	-12.127067	2.0800986	2.059456	0.024557311	2.8332337e-05	21.030146	7.553833	32.56578	1.3675126	0.31129032	0.75336623	2.4	0.0	21.392473	40998	144000.0	7354.271257400513
37	1.8759726	0.15263158	0.028772248	0.06701752	7.4619493	7.46138	0.28642362	-7.3203235	-12.387686	2.1103919	2.0898392	0.0246596	2.8615665e-05	21.070478	7.671921	31.415049	1.4798716	0.32789475	0.76949114	2.4	0.0	21.031578	41998	148000.0	7555.501831293106
38	1.9047025	0.17801048	0.026100772	0.06401897	7.611628	7.6121354	0.2856086	-7.4002857	-12.53273	2.097174	2.0815873	0.024807144	2.8901819e-05	20.336714	8.0205145	30.958073	-2.6607828	0.39267015	0.8369407	2.4	0.0	21.03665	43000	152000.0	7756.304610490799
39	1.9337305	0.15508021	0.023710173	0.06588943	7.7493553	7.7497363	0.2864652	-7.4873233	-12.778082	2.0501235	2.0335593	0.024061572	2.9190844e-05	20.959373	7.8136125	33.804344	0.17298655	0.34759358	0.80919325	3.1	0.0	21.315508	43998	156000.0	7954.828991174698
40	1.9630564	0.14893617	0.021529503	0.06576322	7.921206	7.920333	0.28445604	-7.652787	-12.914294	2.1055596	2.0889704	0.024039164	2.9482737e-05	21.052237	7.713801	32.156258	-1.4664551	0.32659578	0.7768835	2.3	0.0	21.234043	44998	160000.0	8152.810576438904
41	1.9926804	0.11702128	0.019508945	0.06757681	8.108316	8.1079645	0.28341693	-7.8634305	-14.044603	2.073415	2.0565336	0.024245597	2.9777568e-05	21.63532	7.4069586	32.551228	-0.59075755	0.2611702	0.703965	2.4	0.0	21.569149	45999	164000.0	8356.277282238007
42	2.0226023	0.10497238	0.017701473	0.06587434	8.237381	8.2368	0.28126538	-7.914346	-13.480433	2.0609593	2.0452049	0.023976885	3.0075353e-05	21.5436	7.1123505	31.720106	1.5012316	0.22817682	0.66034603	2.4	0.0	21.856354	46998	168000.0	8559.279404878616
43	2.0527627	0.16666667	0.016017456	0.07068033	8.549274	8.548255	0.2766723	-8.422927	-14.865728	2.2560859	2.234842	0.024527764	3.0376095e-05	20.389557	8.122698	32.072548	-1.0255783	0.36666664	0.8141543	2.5	0.0	20.947916	47998	172000.0	8759.787587404251
44	2.083281	0.13157895	0.014541541	0.07158954	8.638817	8.639435	0.2779945	-8.406373	-14.803963	2.2241957	2.201935	0.02421882	3.0679872e-05	20.8438	7.2429914	32.43268	-1.1678979	0.3031579	0.76776546	2.8	0.0	21.11579	48998	176000.0	8964.040380239487
45	2.1141562	0.08743169	0.013169403	0.06999226	8.728803	8.728338	0.2799378	-8.370017	-14.373472	2.1664126	2.1487465	0.024067095	3.098666e-05	21.65693	6.50361	31.415821	1.6081988	0.19726776	0.61568135	2.5	0.0	21.699453	49998	180000.0	9167.654009103775
46	2.1452703	0.10752688	0.011950084	0.07627483	9.010783	9.010806	0.2707713	-8.816328	-15.834009	2.2982595	2.2805805	0.02423613	3.1296535e-05	21.776716	6.951706	32.58617	-0.38155693	0.25268817	0.721571	3.2	0.0	21.510754	50998	184000.0	9365.477812290192
47	2.1767428	0.093406595	0.0108244205	0.07260697	9.195241	9.194808	0.2699315	-9.010125	-15.835684	2.3449812	2.3235254	0.024579758	3.1609492e-05	22.063383	6.7125473	31.903227	3.3042448	0.2153846	0.6532965	2.8	0.0	21.824175	51998	188000.0	9563.877101182938
48	2.2085717	0.13440861	0.009809351	0.07826181	9.344862	9.345405	0.2656343	-9.151613	-16.672472	2.3759909	2.3519967	0.02405481	3.192559e-05	21.280704	7.7235303	31.617577	-3.2393951	0.29677418	0.7437122	2.6	0.0	21.774193	52999	192000.0	9766.82017993927
49	2.2406392	0.082417585	0.008877781	0.07728396	9.40187	9.401746	0.2665457	-9.068574	-16.426517	2.2659445	2.2445655	0.024218548	3.2244843e-05	21.822948	6.1974397	31.682936	2.0676556	0.18736263	0.61591053	2.8	0.0	21.76923	53999	196000.0	9971.793789625168
50	2.2730649	0.055555556	0.008077121	0.074076556	9.563905	9.56302	0.26081923	-9.226606	-16.38409	2.2902398	2.2707255	0.023661114	3.2567285e-05	22.69393	5.876418	32.43615	-0.71302354	0.12222222	0.4998395	2.4	0.0	22.305555	54998	200000.0	10173.872958183289
51	2.3058476	0.097826086	0.0073151216	0.07774375	9.816684	9.815371	0.25519568	-9.590711	-17.469961	2.4633682	2.4430068	0.024640907	3.289296e-05	21.393175	7.1336064	31.298384	-1.4260484	0.22173914	0.66305053	3.1	0.0	21.641304	55998	204000.0	10379.289297580719
52	2.338869	0.07734807	0.006638894	0.07605215	9.863901	9.862202	0.2549861	-9.5221405	-17.054852	2.3241313	2.3044076	0.02379081	3.322189e-05	22.062063	6.4548955	33.05702	1.5967853	0.17458564	0.5954853	2.9	0.0	22.220995	56998	208000.0	10578.787546396255
53	2.3722486	0.071428575	0.0060140667	0.07733538	10.135351	10.134248	0.24853837	-9.947342	-18.418438	2.5176897	2.4934375	0.023741368	3.3554115e-05	22.199715	6.06649	31.174128	0.39670035	0.16208792	0.5705617	2.7	0.0	21.906593	57998	212000.0	10780.941283941269
54	2.405985	0.049723756	0.0054410077	0.080941126	10.283148	10.281918	0.2440853	-10.119394	-19.322592	2.483158	2.4596171	0.023602065	3.388965e-05	22.378159	5.5476213	31.354988	2.4409072	0.11436463	0.4665771	2.3	0.0	22.077349	58998	216000.0	10979.628385543823
55	2.4400802	0.07608695	0.0049407915	0.07508461	10.317694	10.319183	0.24425937	-9.995334	-18.590889	2.391234	2.3671095	0.02363297	3.422855e-05	22.134617	6.476354	32.56932	0.9698011	0.1896739	0.62870806	2.7	0.0	21.777174	59998	220000.0	11176.574964523315
56	2.4745317	0.033707865	0.004481152	0.0747979	10.494281	10.494915	0.23767681	-10.200625	-18.791035	2.4804287	2.460025	0.023380179	3.4570836e-05	22.756853	5.4581094	31.964674	2.5947108	0.08876405	0.41106558	2.2	0.0	22.522472	61000	224000.0	11382.745456457138
57	2.5092218	0.02793296	0.004073576	0.07418973	10.528594	10.528843	0.23617944	-10.125013	-18.707172	2.4057376	2.385902	0.023509962	3.4916542e-05	22.472797	5.691304	30.935022	-1.0607426	0.08435754	0.40963402	2.5	0.0	22.346369	61998	228000.0	11589.322170495987
58	2.54427	0.02247191	0.0036970996	0.07206154	10.7255535	10.726471	0.23110208	-10.419292	-19.307625	2.520232	2.49972	0.023764487	3.5265708e-05	22.955988	5.0454535	32.31014	2.5346673	0.051123593	0.31892353	2.3	0.0	22.449438	62998	232000.0	11796.067798614502
59	2.5796757	0.016949153	0.0033561601	0.071104035	10.68138	10.679656	0.23026586	-10.180136	-18.49363	2.257391	2.2391934	0.023316143	3.5618374e-05	23.400677	4.5094543	31.835949	4.107973	0.041242935	0.27646807	2.3	0.0	22.649717	64000	236000.0	11997.119915008545
60	2.615439	0.044198897	0.0030350767	0.077361465	11.084761	11.084023	0.21704946	-10.874687	-21.46493	2.6400495	2.6231747	0.023381472	3.5974554e-05	22.430304	5.782969	31.763378	1.7577307	0.10552485	0.4688912	3.0	0.0	22.016575	64998	240000.0	12197.775438308716
61	2.6515596	0.016759777	0.002754307	0.071573794	11.017824	11.0185585	0.219436	-10.602002	-20.025679	2.4471657	2.431172	0.023191428	3.633429e-05	23.172121	4.515327	30.319008	1.4763622	0.039106146	0.27017742	2.2	0.0	22.312849	65998	244000.0	12393.294213294983
62	2.6880386	0.016759777	0.0024951533	0.07116704	11.2206	11.220981	0.21302985	-10.872289	-20.802223	2.5158217	2.4948614	0.023449961	3.6697642e-05	22.949816	4.5290985	31.253445	1.1740726	0.048044696	0.34403792	3.5	0.0	22.430168	66998	248000.0	12590.302635669708
63	2.7248745	0.02793296	0.0022656939	0.0711252	11.285571	11.286343	0.2089634	-10.894166	-20.681242	2.4291344	2.405343	0.022336574	3.706462e-05	23.20794	5.1153326	31.822767	1.8102728	0.06256983	0.3467262	2.2	0.0	22.385475	67998	252000.0	12791.497976064682
64	2.7620685	0.011428571	0.0020603433	0.06829605	11.287898	11.288285	0.2087117	-10.794143	-20.217016	2.2730858	2.25663	0.022217644	3.7435264e-05	23.17805	4.558194	31.497211	2.0495057	0.025714286	0.2239169	2.2	0.0	22.70857	68998	256000.0	12997.355960845947
65	2.7997394	0.022099448	0.0018598258	0.072378516	11.732171	11.731734	0.19567288	-11.584932	-23.55825	2.6826499	2.6633384	0.022281382	3.7809627e-05	22.849783	4.947078	31.695274	0.68536335	0.053591155	0.32048103	2.3	0.0	22.21547	69998	260000.0	13201.999128580093
66	2.837768	0.028409092	0.0016868272	0.069487445	11.654209	11.654198	0.19839779	-11.309024	-21.8405	2.5543227	2.5359478	0.022096818	3.818771e-05	22.570454	5.381997	31.547049	3.1256883	0.061363634	0.34916517	2.2	0.0	22.602272	70998	264000.0	13407.060710430145
67	2.8761537	0.016853932	0.001526052	0.07039331	11.892094	11.892431	0.19042894	-11.675133	-23.640076	2.6662064	2.6486983	0.0220933	3.8569593e-05	22.93418	4.752743	31.649563	0.5779113	0.038764045	0.27089667	2.2	0.0	22.533709	71998	268000.0	13608.082634925842
68	2.914897	0.016853932	0.0013819892	0.070689216	11.941635	11.940618	0.18596093	-11.655729	-23.178175	2.5306184	2.5089262	0.021018326	3.8955288e-05	23.257185	4.9039326	33.680088	-0.6363952	0.041011237	0.29671055	2.5	0.0	22.58427	72998	272000.0	13806.924704313278
69	2.9539986	0.033333335	0.0012579423	0.06825182	12.03968	12.03973	0.18230121	-11.735115	-23.33511	2.5697832	2.5470946	0.02129897	3.9344835e-05	22.625782	5.4458528	32.16961	0.6640086	0.071111105	0.38042206	2.3	0.0	22.194445	73998	276000.0	14007.97090792656
70	2.9935768	0.0056818184	0.0011383151	0.070458025	12.101332	12.100135	0.18171647	-11.735178	-23.691221	2.5345473	2.5145738	0.021123363	3.9738294e-05	23.768444	3.9371665	31.917381	1.7402056	0.01590909	0.18083541	2.4	0.0	22.664772	74998	280000.0	14205.42178440094
71	3.033512	0.017045455	0.0010349764	0.06679053	12.119267	12.119759	0.1805599	-11.672594	-22.968454	2.43113	2.417585	0.02070532	4.0135666e-05	23.690136	4.6470323	31.379492	1.9141679	0.039772727	0.30001503	2.7	0.0	22.636364	75998	284000.0	14404.248684167862
72	3.0738056	0.011111111	0.00093967956	0.06612869	12.268225	12.270043	0.1734111	-11.880247	-23.635164	2.4304123	2.4078753	0.02011113	4.053703e-05	23.469284	4.292077	32.55949	3.0853362	0.023333332	0.22037849	2.2	0.0	22.372223	76998	288000.0	14612.846773862839
73	3.1145759	0.0056497175	0.0008524654	0.06732083	12.385709	12.385606	0.17147578	-12.019135	-24.506145	2.5240421	2.5061517	0.020244094	4.0942392e-05	22.997837	4.174486	31.116194	3.3345954	0.015254236	0.1658536	2.2	0.0	22.694916	77998	292000.0	14819.353542804718
74	3.1557035	0.0056497175	0.0007698893	0.071497895	12.580305	12.5797615	0.16527726	-12.323996	-26.14416	2.660107	2.6404607	0.01996484	4.1351825e-05	23.428871	4.121876	32.57926	5.7105083	0.011299435	0.14990397	2.0	0.0	22.468927	78998	296000.0	15022.547955513
75	3.1971889	0.016759777	0.0006973972	0.06811998	12.624413	12.625014	0.16262794	-12.327272	-25.57054	2.572226	2.5532644	0.019819893	4.176534e-05	22.735832	4.6915617	31.664557	0.8017102	0.04748603	0.30696172	2.2	0.0	22.26257	79998	300000.0	15223.158343553543
76	3.2391515	0.0	0.00063435716	0.06487595	12.596207	12.595989	0.1627778	-12.158853	-24.779652	2.3630574	2.3431745	0.018856047	4.218299e-05	23.46167	3.9691393	31.30771	7.4869776	0.0	0.0	0.0	0.0	22.65341	80998	304000.0	15422.885809659958
77	3.2815905	0.011235955	0.0005750913	0.06922774	12.800646	12.802541	0.15744776	-12.504012	-26.635712	2.4889405	2.4693341	0.018996751	4.2604817e-05	23.49615	4.488248	31.436987	-0.6090838	0.024157302	0.22141175	2.1	0.0	22.674158	81998	308000.0	15624.444080114365
78	3.3243873	0.016853932	0.0005210976	0.0644922	12.762121	12.763881	0.15757746	-12.338518	-25.244822	2.4109433	2.3921108	0.018530793	4.303087e-05	23.451435	4.586934	31.814678	-1.5624344	0.038202245	0.29337466	2.6	0.0	22.370787	82998	312000.0	15822.993375301361
79	3.3675416	0.0	0.00047335422	0.06490689	12.860557	12.860397	0.15486516	-12.447845	-26.147175	2.434123	2.4170268	0.01834646	4.3461183e-05	23.568146	4.0365014	32.47563	11.828284	0.0	0.0	0.0	0.0	22.890804	83998	316000.0	16025.368665933609
80	3.4111729	0.005586592	0.00042935388	0.06660341	13.016494	13.018469	0.14980328	-12.67403	-27.075726	2.4945338	2.477876	0.01831231	4.3895787e-05	23.279467	4.595274	31.276926	4.030082	0.014525139	0.17178382	2.3	0.0	22.480448	84998	320000.0	16232.444717645645
81	3.455281	0.011173184	0.00038838122	0.06601391	13.080828	13.079886	0.14792384	-12.756322	-27.812723	2.5059972	2.4809024	0.018069431	4.4334753e-05	22.857023	4.605637	32.493122	0.94600105	0.024581004	0.22086477	2.1	0.0	22.396648	85998	324000.0	16441.38460946083
82	3.499866	0.005586592	0.00035147578	0.065653026	13.158787	13.159532	0.14527474	-12.8358965	-28.753357	2.4668255	2.4499903	0.017868286	4.4778095e-05	22.758831	4.409483	33.23534	6.395862	0.011173184	0.14906888	2.0	0.0	22.206703	86998	328000.0	16645.340799570084
83	3.544928	0.005586592	0.0003193899	0.06123768	13.15485	13.15527	0.14537586	-12.741822	-27.253803	2.3570678	2.3410022	0.017424503	4.5225883e-05	23.696054	4.1965723	32.34873	4.9301424	0.012290502	0.15665786	2.1	0.0	22.452515	87998	332000.0	16845.403131484985
84	3.5904658	0.0056179776	0.00029023987	0.0631764	13.29729	13.298202	0.14137636	-12.954889	-28.412895	2.4707134	2.4520748	0.017338272	4.567814e-05	23.113638	4.4765925	33.421627	3.4147682	0.023595504	0.22159915	2.2	0.0	22.382023	88998	336000.0	17047.891163110733
85	3.636482	0.005524862	0.0002624359	0.06687458	13.477618	13.4775095	0.13590826	-13.240094	-29.821804	2.4932728	2.479493	0.016925197	4.613492e-05	23.999186	4.5667176	32.68513	-0.24392377	0.0121546965	0.16307238	2.2	0.0	22.325968	90000	340000.0	17245.637167930603
86	3.6828544	0.0	0.00023815643	0.06340268	13.459461	13.459014	0.13657364	-13.139039	-29.310802	2.439522	2.422307	0.016718559	4.6596273e-05	23.262745	3.9477718	31.464092	13.015869	0.00057471264	0.0075591654	0.1	0.0	22.678162	90998	344000.0	17445.171942710876
87	3.7295854	0.0055555557	0.000216261	0.06191189	13.454964	13.455385	0.13600843	-13.071629	-28.796812	2.3664896	2.3507664	0.01657975	4.7062233e-05	23.950575	4.381185	31.079685	2.6764917	0.012777776	0.15635802	2.1	0.0	22.316668	91998	348000.0	17649.136137247086
88	3.776793	0.005586592	0.00019594193	0.06131396	13.533482	13.5332985	0.13370678	-13.171944	-29.762053	2.3871396	2.3710885	0.016378028	4.753285e-05	23.601301	4.1687746	32.438213	5.271297	0.011173184	0.14906889	2.0	0.0	22.402235	92998	352000.0	17855.722532749176
89	3.8244774	0.0056497175	0.0001778673	0.06085839	13.595463	13.594142	0.13304354	-13.22904	-29.883938	2.34211	2.3303344	0.016002517	4.800818e-05	23.26352	4.3759127	32.63805	-0.30766988	0.012429377	0.15753494	2.1	0.0	22.666666	93998	356000.0	18063.532725334167
90	3.8726387	0.0056179776	0.00016102471	0.06207836	13.679906	13.680787	0.12946722	-13.370637	-31.325418	2.3672802	2.3542697	0.01591208	4.8488262e-05	23.066204	4.438389	32.074722	3.0437837	0.011797752	0.14962922	2.0	0.0	22.41573	94998	360000.0	18269.99239063263
91	3.9212768	0.0	0.000145805	0.06651628	13.8537	13.854656	0.1251027	-13.650787	-33.49558	2.4896576	2.4735196	0.016029183	4.897315e-05	23.194477	3.9230812	32.317688	9.456389	0.0	0.0	0.0	0.0	22.312849	95998	364000.0	18473.096913337708
92	3.970392	0.0056497175	0.00013208528	0.060944833	13.785279	13.786892	0.12709005	-13.449785	-31.806067	2.3537822	2.3421614	0.015339775	4.9462862e-05	23.370558	4.1358805	31.001974	4.523044	0.01299435	0.17238954	2.3	0.0	22.728813	96998	368000.0	18674.608671426773
93	4.0201035	0.0056818184	0.00012022646	0.0593584	13.862326	13.862545	0.12379687	-13.5441675	-31.227957	2.3601782	2.3484766	0.0152600575	4.9957514e-05	23.286665	3.8755217	32.108475	3.2547324	0.013636365	0.1659558	2.2	0.0	22.53409	97998	372000.0	18873.89599466324
94	4.0704107	0.0	0.000109149856	0.058438696	13.907894	13.905721	0.121870026	-13.575907	-31.325243	2.320523	2.3102224	0.014706583	5.0457074e-05	23.858032	3.736322	31.545095	11.429128	0.0	0.0	0.0	0.0	22.689266	98998	376000.0	19072.8331053257
95	4.121194	0.0	9.8927456e-05	0.059882864	13.987959	13.988896	0.119775	-13.692405	-32.82832	2.3227353	2.3131752	0.014805935	5.096165e-05	23.65426	3.7618327	32.27507	8.357218	0.0	0.0	0.0	0.0	22.817142	99998	380000.0	19280.27653503418
96	4.1724544	0.0055555557	8.983809e-05	0.05560657	13.92085	13.920908	0.12321099	-13.49683	-31.269262	2.2022624	2.1904507	0.014520974	5.1471274e-05	23.612234	4.500143	31.910023	-2.2922916	0.013888889	0.17850116	2.4	0.0	22.244444	100998	384000.0	19485.04208111763
97	4.2241926	0.0056497175	8.149479e-05	0.058979146	14.025594	14.025808	0.121270284	-13.653449	-32.803577	2.3260455	2.3134851	0.014829107	5.198597e-05	22.42972	4.9967546	31.41589	1.2162665	0.02259887	0.21139307	2.0	0.0	22.62712	101998	388000.0	19694.837921619415
98	4.2764063	0.0	7.381804e-05	0.058423173	14.082306	14.082678	0.11781226	-13.750648	-32.90664	2.2855713	2.2746353	0.014583557	5.2505828e-05	23.232758	3.9206753	32.683315	11.993431	0.00056497176	0.007495199	0.1	0.0	22.61582	102998	392000.0	19903.751457452774
99	4.3290977	0.0056179776	6.698308e-05	0.055958122	14.066912	14.067586	0.11761645	-13.646587	-32.971943	2.2077026	2.1990986	0.0139433695	5.3030908e-05	23.232391	3.8478878	29.498384	4.8052244	0.011235955	0.14948468	2.0	0.0	22.432585	103998	396000.0	20110.22900700569
100	4.3822665	0.0	6.071865e-05	0.058256272	14.191452	14.192059	0.114645034	-13.871819	-34.550556	2.235559	2.2241154	0.013930343	5.35612e-05	23.557	3.6416674	31.708704	12.588397	0.0	0.0	0.0	0.0	22.798851	104998	400000.0	20314.061277389526
101	4.435911	0.0	5.507519e-05	0.055324297	14.178053	14.178603	0.115657166	-13.798412	-32.6566	2.1914117	2.1829374	0.013760139	5.4096818e-05	23.676289	3.8558543	31.288982	8.371416	0.0	0.0	0.0	0.0	22.79096	105998	404000.0	20513.9338054657
102	4.4902716	0.0056179776	5.0014758e-05	0.05793126	14.265653	14.267378	0.11302051	-13.927127	-35.48744	2.2023482	2.1878285	0.013627487	5.4637792e-05	23.94404	4.098812	31.544846	3.2491374	0.012359551	0.16443309	2.2	0.0	22.516853	106998	408000.0	20711.840015649796
103	4.545347	0.0056179776	4.529891e-05	0.053307712	14.213556	14.213815	0.11546727	-13.784978	-33.295227	2.1233652	2.114771	0.013266116	5.5184155e-05	23.51029	3.9229438	31.625618	2.4050844	0.011797752	0.15695891	2.1	0.0	22.320225	107998	412000.0	20919.981787919998
104	4.600899	0.0	4.1135238e-05	0.055643845	14.347168	14.347756	0.11164276	-13.981899	-35.40845	2.1665077	2.158035	0.01305663	5.5736014e-05	23.778427	3.7342198	32.399475	10.764017	0.0	0.0	0.0	0.0	22.885714	108998	416000.0	21122.950426101685
105	4.6569247	0.0056179776	3.7234782e-05	0.054309487	14.354571	14.353689	0.110759646	-13.963029	-35.227016	2.1321945	2.121972	0.013047055	5.6293364e-05	23.85418	3.85825	31.654972	8.824545	0.011235955	0.14948468	2.0	0.0	22.533709	109998	420000.0	21324.631370306015
106	4.713406	0.0	3.374061e-05	0.057596516	14.47815	14.478588	0.10763272	-14.183724	-38.1818	2.188607	2.1852512	0.01294512	5.6856297e-05	23.679462	3.849096	32.66814	10.649664	0.0	0.0	0.0	0.0	22.449438	110998	424000.0	21532.738474845886
107	4.7703886	0.0	3.052602e-05	0.05566263	14.477541	14.477669	0.10710313	-14.151343	-38.01224	2.1427164	2.1371217	0.012764175	5.7424873e-05	23.578783	4.1141734	32.299114	9.018627	0.0	0.0	0.0	0.0	22.567415	111998	428000.0	21742.535820961
108	4.828088	0.0	2.7714777e-05	0.05279777	14.48975	14.489014	0.10665082	-14.113241	-37.02221	2.112862	2.1080787	0.012732395	5.7999103e-05	23.903688	4.227362	32.823658	1.7862223	0.011494253	0.15118328	2.0	0.0	22.781609	112998	432000.0	21949.35508799553
109	4.886501	0.0	2.5175104e-05	0.052209914	14.475786	14.47526	0.108084045	-14.077757	-36.55129	2.0725627	2.0664525	0.012706756	5.8579095e-05	24.06272	3.8448536	32.585423	13.342923	0.0	0.0	0.0	0.0	22.589888	113998	436000.0	22151.273341178894
110	4.9453917	0.0	2.2913548e-05	0.052730087	14.527154	14.52767	0.10472915	-14.14658	-36.624313	2.059166	2.0594666	0.012599511	5.9164893e-05	24.343023	3.6271274	31.668037	10.923977	0.0005681818	0.00751634	0.1	0.0	22.71591	114998	440000.0	22352.521855831146
111	5.004758	0.0	2.0752434e-05	0.056266796	14.652154	14.652606	0.10238084	-14.359854	-38.618977	2.1325912	2.1226206	0.012352659	5.9756538e-05	23.96124	3.910122	31.557043	11.969668	0.0	0.0	0.0	0.0	22.795454	115998	444000.0	22560.95141339302
112	5.064841	0.0	1.877673e-05	0.05406739	14.657729	14.658266	0.10211317	-14.323479	-38.95352	2.1076498	2.10191	0.01240789	6.0354098e-05	23.890118	4.1249547	32.50799	3.0578718	0.011173184	0.14906889	2.0	0.0	22.346369	117000	448000.0	22770.164616584778
113	5.1256385	0.0	1.707127e-05	0.051726058	14.615872	14.615856	0.102350965	-14.243643	-37.89991	2.034686	2.0350263	0.012297718	6.095765e-05	24.370466	3.5845547	32.20912	12.439505	0.0	0.0	0.0	0.0	22.568182	117998	452000.0	22971.677165031433
114	5.186913	0.0	1.5472513e-05	0.05218898	14.6890745	14.688301	0.09944506	-14.326642	-39.349342	2.002444	2.0013928	0.012005211	6.156721e-05	24.14392	4.0842423	32.049683	9.244753	0.0	0.0	0.0	0.0	22.77841	118998	456000.0	23175.522513628006
115	5.248664	0.0	1.4006233e-05	0.051821996	14.728877	14.730038	0.09744595	-14.376541	-40.25899	2.0048733	2.0037477	0.011726719	6.2182895e-05	23.767565	4.1840405	30.605108	10.716517	0.0011299435	0.014990398	0.2	0.0	22.717514	119998	460000.0	23385.898578882217
116	5.311131	0.0	1.2720614e-05	0.050540544	14.688448	14.686772	0.10014412	-14.282918	-38.049816	1.9668369	1.9627317	0.011676064	6.280471e-05	23.868292	4.015906	31.918783	3.5626154	0.011299435	0.14990395	2.0	0.0	22.468927	120998	464000.0	23597.333441972733
117	5.3743124	0.0	1.1555001e-05	0.05070989	14.6993475	14.699414	0.099062726	-14.280731	-39.225735	1.9580975	1.9489242	0.011700612	6.343277e-05	23.674358	3.9776187	30.30067	2.203012	0.011363637	0.15032679	2.0	0.0	22.744318	121998	468000.0	23808.60502576828
118	5.4379706	0.0056179776	1.0475367e-05	0.05274851	14.78475	14.783622	0.09589124	-14.436355	-41.027046	1.9600523	1.9604166	0.011357283	6.406709e-05	23.415459	4.0609274	32.69568	-1.0460249	0.011235955	0.14948468	2.0	0.0	22.494383	122998	472000.0	24013.333283901215
119	5.5023456	0.0056179776	9.483588e-06	0.05135382	14.790966	14.792609	0.096102655	-14.403011	-40.49167	1.9353887	1.9389783	0.011413498	6.470777e-05	23.835098	4.3130054	33.32689	2.1947265	0.02247191	0.2108052	2.0	0.0	22.426966	123998	476000.0	24219.457334518433
120	5.567435	0.0	8.628957e-06	0.04837029	14.756831	14.758066	0.09810391	-14.298864	-38.75037	1.8930757	1.8900192	0.0112120835	6.5354834e-05	24.161476	3.3440747	32.158234	12.940731	0.0005681818	0.00751634	0.1	0.0	22.795454	124998	480000.0	24429.462979078293
121	5.633001	0.0	7.816862e-06	0.051335942	14.816608	14.817975	0.095863156	-14.417234	-41.464226	1.9382602	1.938505	0.011243682	6.600839e-05	23.995575	3.888051	30.863089	10.051684	0.0011173184	0.014906886	0.2	0.0	22.335196	125998	484000.0	24634.323847055435
122	5.699282	0.0	7.103046e-06	0.04838481	14.767344	14.769088	0.09652075	-14.280555	-39.402695	1.8870414	1.8870598	0.011072651	6.666848e-05	24.396914	3.9343758	33.13627	1.4641539	0.011731843	0.14921325	2.0	0.0	22.446928	126998	488000.0	24835.624421834946
123	5.7662783	0.0056179776	6.4417472e-06	0.048067812	14.797854	14.798006	0.0949026	-14.330995	-39.717735	1.8626634	1.8608024	0.0106960125	6.7335175e-05	23.40602	4.167295	31.561794	7.488429	0.011235955	0.14948468	2.0	0.0	22.325842	127998	492000.0	25038.720357894897
124	5.83399	0.0	5.832692e-06	0.051689554	14.897595	14.897144	0.092723295	-14.526313	-42.50078	1.9406701	1.9414783	0.011107005	6.800853e-05	23.978008	3.9540582	31.78748	10.342491	0.0	0.0	0.0	0.0	22.60674	128998	496000.0	25248.24872636795
125	5.902418	0.0	5.290928e-06	0.050424196	14.929815	14.928855	0.090955414	-14.559617	-42.8357	1.8807839	1.8823328	0.010840327	6.868859e-05	23.8855	3.4821486	31.079117	13.512686	0.0	0.0	0.0	0.0	22.59322	129999	500000.0	25459.58832192421
