Epoch	penalty	Crash_ratio	alpha	entropy	critic1	critic2	cost	LossPi	alpha_loss	critic1_loss	critic2_loss	cost_loss	sigma	AverageEpRet	StdEpRet	MaxEpRet	MinEpRet	AverageEpCost	StdEpCost	MaxEpCost	MinEpCost	EpLen	Buffer_size	TotalEnvInteracts	Time
1	1.0099901	0.41935483	0.952767	1.3449236	0.5136366	0.5197212	0.06679575	-1.7372491	-0.27000672	1.2480999	1.23587	0.038498223	2.0000203e-05	3.5467842	8.360854	20.30327	-13.001489	1.033871	1.0976431	3.6	0.0	18.661291	5998	4000.0	253.5539538860321
2	1.0300517	0.2658228	0.863143	1.2905228	0.6137982	0.61331904	0.08238632	-1.6968105	-0.77666956	1.5687044	1.5598301	0.0331045	2.0200201e-05	5.2377343	30.53554	22.001755	-263.673	0.6702532	0.99393785	2.8	0.0	32.753166	6998	8000.0	493.1461706161499
3	1.0503163	0.23809524	0.7856245	1.1449975	0.6252297	0.6258889	0.099296406	-1.55548	-1.1472778	1.9100634	1.8997965	0.032456715	2.0402204e-05	9.389054	21.956833	24.466654	-257.82977	0.5779761	0.9634651	3.0	0.0	26.565475	7998	12000.0	728.3751504421234
4	1.0708208	0.21649484	0.7157538	1.0700425	0.77993715	0.780109	0.11360824	-1.7135786	-1.6091567	2.32679	2.3182328	0.031393077	2.0606221e-05	12.420678	7.385422	24.166954	-10.884452	0.49484536	0.9018733	2.8	0.0	20.5	8998	16000.0	955.1186110973358
5	1.0915635	0.20304568	0.6520385	0.9004542	0.89172226	0.8919728	0.12790516	-1.75975	-1.9082227	2.6258345	2.6199992	0.029179286	2.081229e-05	13.353719	7.3761125	25.466541	-10.63942	0.46091372	0.8846378	2.6	0.0	20.522842	9998	20000.0	1177.536517381668
6	1.1124848	0.24747474	0.5950923	0.69362354	0.9897058	0.98996264	0.1441406	-1.8021989	-2.1031606	2.866001	2.8613722	0.028017707	2.1020413e-05	13.781021	7.486636	26.473652	-5.027936	0.56666666	0.9713055	2.8	0.0	20.176767	10998	24000.0	1397.0113818645477
7	1.1335852	0.1875	0.54215825	0.5530953	1.156957	1.1568292	0.15520673	-2.047892	-2.5000024	3.0051396	3.001258	0.026399672	2.1230615e-05	14.858342	6.9751844	25.807219	-2.5174658	0.43593752	0.8765523	2.9	0.0	20.791666	11998	28000.0	1620.9184432029724
8	1.154924	0.22164948	0.49304882	0.43612072	1.3427756	1.3435124	0.16368689	-2.2318442	-2.7474554	3.085909	3.0821698	0.023936702	2.1442926e-05	15.623059	7.5277743	28.107817	-3.2073512	0.5113402	0.9260131	2.6	0.0	20.56701	12998	32000.0	1847.1661520004272
9	1.1765013	0.20512821	0.44887006	0.37109712	1.5602647	1.560784	0.17139058	-2.4876769	-3.104248	3.1266997	3.122746	0.022274	2.1657346e-05	15.9854	7.3123603	28.194628	-2.212499	0.48205128	0.93327975	2.9	0.0	20.68718	13998	36000.0	2069.9546303749084
10	1.1982571	0.22680412	0.40745944	0.32837704	1.8118645	1.8125163	0.17937118	-2.7620723	-3.4380429	3.103318	3.0986722	0.021199854	2.1873928e-05	15.851145	7.266973	26.153683	0.08230046	0.5314433	0.9594301	2.8	0.0	20.530928	15000	40000.0	2295.098960161209
11	1.2201922	0.23737374	0.36948553	0.3112563	2.0422575	2.042669	0.18830658	-2.9699092	-3.8396273	3.0438633	3.0382516	0.02094176	2.2092669e-05	16.067612	7.8022294	27.25404	-1.2627504	0.5742425	0.9919337	2.9	0.0	20.10101	15998	44000.0	2516.99507689476
12	1.2423654	0.23195876	0.33629566	0.28522354	2.2212725	2.2220728	0.19110498	-3.037983	-4.017733	2.9308004	2.9244018	0.019754097	2.2313585e-05	16.542797	7.727374	29.19946	-0.1839817	0.5365979	0.9592473	2.8	0.0	20.78866	17000	48000.0	2736.871922016144
13	1.2647771	0.15343915	0.30557096	0.25347418	2.4514728	2.4517846	0.19407074	-3.2205315	-4.240989	2.8648274	2.8572476	0.018869407	2.253672e-05	19.231323	7.321573	29.814137	0.99480534	0.35238093	0.82645226	2.6	0.0	21.16402	17998	52000.0	2958.3706154823303
14	1.2874272	0.14893617	0.27818716	0.23051092	2.6795728	2.6803486	0.19764645	-3.3644693	-4.390837	2.8062313	2.7984037	0.018562017	2.2762097e-05	19.43105	7.006286	30.103918	0.86924505	0.35904256	0.836325	3.1	0.0	21.138298	18998	56000.0	3181.787253141403
15	1.3103158	0.21243523	0.25223428	0.20777805	2.91823	2.9185553	0.1994523	-3.6009567	-4.8633575	2.714998	2.7057486	0.017564155	2.2989716e-05	18.141342	7.86902	31.052185	-0.47221965	0.4968912	0.9464362	3.1	0.0	20.756477	19998	60000.0	3404.2311720848083
16	1.3334426	0.18134715	0.22877908	0.18501179	3.1981921	3.198277	0.20074321	-3.9008682	-5.2532163	2.6616547	2.6521988	0.017095	2.3219614e-05	18.154406	7.6249948	30.15211	-0.8960113	0.45233163	0.9111329	3.3	0.0	20.683937	20998	64000.0	3628.5847795009613
17	1.3568081	0.16402116	0.2072779	0.16739139	3.4294121	3.429727	0.20215772	-4.080569	-5.535455	2.5807781	2.5712817	0.016411956	2.3451808e-05	19.642029	7.4476347	29.891047	0.53908896	0.40370372	0.88337797	3.2	0.0	21.232803	21998	68000.0	3848.0544633865356
18	1.3804119	0.14594595	0.18792643	0.15636453	3.6918788	3.6924522	0.20172705	-4.3648467	-6.161727	2.5210037	2.5094209	0.01641895	2.368633e-05	20.111433	7.363313	31.763222	-1.1108539	0.35675675	0.8474893	3.1	0.0	21.562162	22998	72000.0	4070.717806816101
19	1.4042542	0.13903743	0.17023721	0.13863495	3.8696456	3.8703625	0.2044411	-4.4341817	-6.2700744	2.4306333	2.417872	0.0160786	2.3923189e-05	20.30912	7.164447	30.76948	1.4514258	0.34171125	0.81992126	3.0	0.0	21.470589	23998	76000.0	4290.923131465912
20	1.4283347	0.171123	0.15414801	0.12706332	4.1175976	4.1175127	0.20358236	-4.6761427	-6.7791376	2.3918245	2.3778207	0.016096786	2.4162418e-05	20.002985	7.964112	31.081709	1.4953465	0.42727274	0.91432714	3.2	0.0	21.395721	24998	80000.0	4514.036182403564
21	1.4526538	0.16129032	0.13979146	0.12219679	4.3897433	4.389697	0.20193525	-4.990555	-7.3241224	2.3627217	2.346739	0.016223764	2.4404042e-05	19.81337	7.4300385	31.325346	1.84339	0.39301074	0.8526395	3.1	0.0	21.451612	25998	84000.0	4737.322294950485
22	1.4772112	0.23857868	0.12653911	0.108736694	4.572067	4.5716777	0.2017905	-5.092474	-7.5563216	2.2581224	2.2397902	0.015829757	2.4648085e-05	18.22454	8.245947	29.755316	1.1664648	0.5862944	1.0208809	3.5	0.0	20.35533	26998	88000.0	4960.214697599411
23	1.5020071	0.18817204	0.11505977	0.10123141	4.822196	4.8221307	0.1982029	-5.346513	-7.8405848	2.245728	2.225366	0.016056608	2.4894562e-05	19.488062	7.7595463	30.986649	1.4447478	0.48010755	0.96251345	3.2	0.0	21.290323	27998	92000.0	5202.747493982315
24	1.5270414	0.14516129	0.104298614	0.09396711	4.9704466	4.970673	0.20021777	-5.394169	-8.179849	2.1359532	2.1137516	0.016078006	2.5143516e-05	20.124945	7.2664704	31.299974	1.2876657	0.38602152	0.8932954	3.4	0.0	21.526882	28998	96000.0	5442.16121506691
25	1.5523142	0.15957446	0.094891064	0.085387036	5.113106	5.112997	0.19987561	-5.399036	-7.9742155	2.0363681	2.012013	0.015258996	2.5394946e-05	20.644594	7.5578756	31.302505	2.665291	0.4207447	0.9152639	3.4	0.0	21.425531	29998	100000.0	5683.569629192352
26	1.5778254	0.15053764	0.08624228	0.08088485	5.3617887	5.3621016	0.19681337	-5.6953583	-8.537473	2.0364828	2.0076988	0.015748682	2.5648904e-05	20.41766	7.1082892	30.045944	2.7378128	0.40053764	0.8996115	3.4	0.0	21.478495	30998	104000.0	5918.187422275543
27	1.603575	0.15425532	0.07792194	0.08124681	5.635029	5.634626	0.19077463	-6.0458384	-9.398443	2.015793	1.9823265	0.016207226	2.5905381e-05	21.019062	7.664482	31.307575	1.1486293	0.4079787	0.92408097	3.2	0.0	21.361702	31998	108000.0	6154.289292812347
28	1.6295629	0.1891892	0.07064673	0.07363681	5.730916	5.7310996	0.19576164	-5.951131	-9.20545	1.935572	1.9001997	0.015803538	2.6164438e-05	19.861591	8.041987	32.913475	0.041480076	0.50054055	1.0156344	3.4	0.0	21.427027	32998	112000.0	6393.602657556534
29	1.6558491	0.22395833	0.064184904	0.07155634	6.012836	6.013655	0.1901481	-6.344042	-9.740635	1.9718719	1.9291749	0.016801529	2.6426076e-05	19.32243	8.179133	30.984602	2.7365217	0.58645827	1.07108	3.3	0.0	21.057291	33998	116000.0	6631.727686405182
30	1.6824331	0.15300547	0.0582919	0.073199965	6.180414	6.180404	0.18896717	-6.4623895	-10.091562	1.9018413	1.8565366	0.016511092	2.6690344e-05	20.242702	7.309573	31.457548	-0.3100876	0.44644806	0.9884446	3.5	0.0	21.677595	34998	120000.0	6870.977541685104
31	1.7092556	0.14594595	0.05281452	0.07248923	6.337904	6.3385606	0.1909906	-6.555597	-10.3670845	1.8740947	1.8266692	0.016256638	2.6957256e-05	20.762703	7.5498276	32.439404	0.7086447	0.4227027	0.94966465	3.4	0.0	21.518919	35998	124000.0	7117.4653697013855
32	1.7363164	0.15591398	0.047969308	0.0693393	6.431678	6.4312754	0.19495672	-6.509878	-10.08267	1.7175627	1.6689805	0.01559801	2.722682e-05	20.640797	7.2433677	30.238796	2.1743643	0.4327957	0.9593623	3.4	0.0	21.688171	36998	128000.0	7350.402701377869
33	1.7636756	0.20212767	0.043572657	0.08292459	6.6493382	6.649365	0.1910346	-6.7397957	-10.520469	1.7549102	1.7047918	0.016358513	2.749909e-05	19.62721	7.831324	30.892977	-0.012460121	0.5324468	1.0151304	3.3	0.0	21.271276	37998	132000.0	7583.544883728027
34	1.7913324	0.13661203	0.039438117	0.09024843	6.944087	6.9432635	0.18140984	-7.184958	-11.853702	1.8695842	1.8146265	0.017647304	2.7774084e-05	21.304743	6.7600565	31.624968	2.3169146	0.42404372	0.9213741	3.4	0.0	21.84153	38998	136000.0	7823.035377264023
35	1.8192278	0.21276596	0.035694882	0.10439291	7.0245337	7.024839	0.188761	-7.0833607	-11.429582	1.772941	1.7171952	0.017448654	2.8051825e-05	19.544659	7.8389955	30.418972	1.6433043	0.6079787	1.0951489	3.4	0.0	21.143618	39998	140000.0	8060.269631624222
36	1.8474213	0.14130434	0.032408908	0.09594852	7.2261415	7.2255473	0.18290451	-7.309385	-12.251271	1.7731239	1.7200996	0.017770667	2.8332337e-05	20.926035	6.7931514	31.312128	0.13529412	0.44402173	0.9413607	3.5	0.0	21.875	40998	144000.0	8304.221088886261
37	1.8759001	0.1827957	0.029258087	0.08191254	7.5384235	7.5378304	0.1716863	-7.8089876	-13.356652	1.8551031	1.7992096	0.018575614	2.8615665e-05	20.207985	7.476676	31.449295	0.93925214	0.516129	0.9981478	3.5	0.0	21.446236	41998	148000.0	8555.678309440613
38	1.9046282	0.15508021	0.026548464	0.08800314	7.510072	7.5088468	0.18470429	-7.4815135	-12.56469	1.7061663	1.6569946	0.017629838	2.8901819e-05	20.322342	6.8789406	30.662762	1.5789903	0.4657754	0.98822194	3.5	0.0	21.486631	43000	152000.0	8791.548238515854
39	1.9336562	0.18378378	0.024155125	0.08356653	7.7118316	7.711576	0.18088205	-7.7132683	-12.973217	1.7178237	1.6712579	0.018021103	2.9190844e-05	20.076975	7.224533	32.943142	1.4376833	0.55135137	1.0933267	3.5	0.0	21.605406	43998	156000.0	9026.164687633514
40	1.9629819	0.19786096	0.021897381	0.080830276	7.8641033	7.8636346	0.18176785	-7.8392673	-13.497163	1.7315339	1.68504	0.018493865	2.9482737e-05	19.39942	7.255305	31.082792	2.1343453	0.59090906	1.1179492	3.5	0.0	21.433155	44999	160000.0	9269.619908332825
41	1.9926059	0.15135135	0.01984716	0.07025611	8.069235	8.068486	0.17719091	-8.077884	-13.802618	1.7864797	1.7432752	0.018927438	2.9777568e-05	20.51575	6.8117766	31.570026	2.4731216	0.42972973	0.9508645	3.4	0.0	21.513514	45998	164000.0	9512.85349535942
42	2.0225255	0.10869565	0.017966496	0.07090627	8.251685	8.251847	0.17129454	-8.29242	-14.349516	1.7501127	1.7067932	0.018610535	3.0075353e-05	20.852406	6.649114	31.030931	-1.8452243	0.34076086	0.79010284	3.2	0.0	21.711956	46998	168000.0	9763.519934654236
43	2.0526733	0.16402116	0.016288124	0.07037898	8.435144	8.435351	0.16788207	-8.4668455	-15.322518	1.8000293	1.7582359	0.019062024	3.0376095e-05	20.390121	6.987928	30.781412	1.434162	0.46560848	1.0107529	3.3	0.0	21.412699	47999	172000.0	10004.459995746613
44	2.0831387	0.11666667	0.014747525	0.06791467	8.624469	8.623856	0.16279386	-8.697655	-15.469373	1.7857051	1.746706	0.019267675	3.0679872e-05	20.944004	6.152243	31.176052	-0.33492437	0.3311111	0.8550041	3.3	0.0	22.1	48998	176000.0	10253.305599212646
45	2.1139746	0.10555556	0.013381134	0.06023255	8.699688	8.6989975	0.16803965	-8.647878	-15.250797	1.777973	1.7403166	0.01920968	3.098666e-05	21.472866	6.402205	29.70954	0.87321943	0.34944445	0.88766223	3.5	0.0	22.133333	49998	180000.0	10492.816775560379
46	2.1450706	0.13513513	0.0121518485	0.06702429	8.764361	8.76551	0.17167388	-8.599584	-15.398766	1.6324941	1.599252	0.018472362	3.1296535e-05	20.849432	6.8328934	29.971666	-1.5144697	0.3843243	0.88935	3.5	0.0	21.686487	50998	184000.0	10733.533548355103
47	2.1764944	0.11666667	0.011051178	0.062470086	8.93717	8.937273	0.1694621	-8.819785	-15.828712	1.6693996	1.6377089	0.01862768	3.1609492e-05	21.489294	6.380794	30.873507	-0.5443782	0.32777777	0.86634964	3.3	0.0	22.061111	51998	188000.0	10970.533054828644
48	2.208311	0.1	0.010038294	0.06208819	8.989554	8.989984	0.17510068	-8.738798	-15.363824	1.5804157	1.54857	0.018128166	3.192559e-05	21.659943	6.060139	29.611435	2.2172065	0.28666666	0.81597924	3.5	0.0	22.416666	52998	192000.0	11212.20560336113
49	2.2403789	0.12568305	0.009087454	0.05642896	9.249921	9.250147	0.16333258	-9.13333	-16.363031	1.772111	1.7406875	0.019286064	3.2244843e-05	21.099514	6.5277953	30.16273	1.9279567	0.3486339	0.8761476	3.3	0.0	21.786884	53998	196000.0	11455.744688034058
50	2.2727888	0.083333336	0.008236801	0.057822723	9.406357	9.405941	0.15875393	-9.298137	-16.953753	1.7473471	1.7167878	0.019266563	3.2567285e-05	22.289904	5.64242	31.666996	4.1278214	0.25611112	0.7691384	3.5	0.0	22.277779	54998	200000.0	11699.81536602974
51	2.3055432	0.084269665	0.0074620442	0.056013707	9.519537	9.520329	0.15959862	-9.378814	-17.29284	1.6931866	1.6652598	0.01909317	3.289296e-05	21.903652	5.6540627	29.80482	3.6454256	0.24550562	0.7540207	3.3	0.0	22.348314	55998	204000.0	11943.631749868393
52	2.3385255	0.06703911	0.0067787673	0.05554735	9.654492	9.65513	0.15459238	-9.534938	-17.389153	1.7236819	1.695435	0.019228598	3.322189e-05	21.439278	5.6389475	31.215544	2.075147	0.1810056	0.628092	3.1	0.0	22.284916	56998	208000.0	12182.548680067062
53	2.3718364	0.10989011	0.006132941	0.056354668	9.81778	9.817527	0.15371947	-9.706361	-17.986004	1.780639	1.7539464	0.019601125	3.3554115e-05	21.344398	6.373821	32.363148	2.608157	0.32032967	0.8790442	3.5	0.0	22.0	57998	212000.0	12416.459959030151
54	2.4055052	0.071428575	0.0055728094	0.055586062	9.943725	9.94284	0.14902866	-9.798813	-17.935083	1.7521355	1.7263128	0.019532353	3.388965e-05	21.805525	5.512813	30.041103	1.6251856	0.22747253	0.72703916	3.5	0.0	22.065933	58998	216000.0	12650.67787694931
55	2.439501	0.07777778	0.00505168	0.05616742	10.062983	10.063344	0.14691314	-9.902008	-18.27531	1.7470387	1.7235836	0.019353433	3.422855e-05	22.056574	5.586554	30.223036	2.5567563	0.24666667	0.80728626	3.4	0.0	22.227777	60000	220000.0	12891.789868116379
56	2.4738953	0.055555556	0.0045772763	0.05754878	10.234711	10.234793	0.1423268	-10.130327	-19.56937	1.8256555	1.8011887	0.019905094	3.4570836e-05	21.864624	5.3783827	31.345407	3.3227546	0.16111112	0.60803777	3.4	0.0	22.172222	60998	224000.0	13138.154052972794
57	2.5084035	0.044692736	0.0041440907	0.057260964	10.352027	10.352358	0.13874984	-10.267336	-19.378307	1.7739336	1.7497846	0.019309884	3.4916542e-05	22.714489	5.1352463	31.201733	3.156872	0.124581	0.5342558	3.3	0.0	22.502792	62000	228000.0	13391.27718949318
58	2.5432043	0.022727273	0.0037639237	0.05487794	10.373069	10.37214	0.1422753	-10.129842	-19.00646	1.6781507	1.6577659	0.019069036	3.5265708e-05	22.63157	4.3897305	30.63765	0.7438218	0.070454545	0.39919207	3.3	0.0	22.6875	63000	232000.0	13632.905694007874
59	2.578371	0.061797753	0.0034102884	0.055484653	10.67611	10.676176	0.1275003	-10.6757765	-20.765755	1.8886575	1.8659617	0.020020656	3.5618374e-05	22.125721	5.6109915	29.91729	1.987671	0.17303371	0.64455616	3.5	0.0	22.365168	63999	236000.0	13866.703825235367
60	2.6138046	0.05586592	0.0030898186	0.056941207	10.7707	10.770597	0.1262469	-10.698168	-20.5572	1.8488022	1.82908	0.019554624	3.5974554e-05	22.599495	5.4987435	31.100105	1.8168261	0.1849162	0.65913975	3.5	0.0	22.374302	64998	240000.0	14115.237138748169
61	2.6495728	0.054945055	0.0028051098	0.058285445	10.856043	10.856192	0.12738168	-10.734399	-20.914114	1.7837929	1.7628293	0.019502271	3.633429e-05	22.352531	5.260229	30.016731	1.7292299	0.1543956	0.61255854	3.3	0.0	22.115385	66000	244000.0	14359.478773832321
62	2.6851623	0.073446326	0.0025344498	0.059057463	11.049457	11.048737	0.11790756	-11.022246	-22.318176	1.9038701	1.884385	0.0201028	3.6697642e-05	21.653982	5.732691	31.349737	4.4834003	0.19039546	0.6691494	3.3	0.0	22.446327	66998	248000.0	14600.980895519257
63	2.7215185	0.033898305	0.0023064092	0.05907837	10.98355	10.983629	0.1262477	-10.735878	-20.55113	1.7186753	1.7004529	0.01917609	3.706462e-05	22.437088	4.7242684	30.242886	3.0805473	0.10621469	0.52066433	3.4	0.0	22.61017	67999	252000.0	14844.143240690231
64	2.7580118	0.027777778	0.002092834	0.05854166	11.235866	11.236932	0.11406839	-11.161843	-21.799685	1.8272432	1.8089569	0.019297369	3.7435264e-05	22.271646	5.3176236	32.079865	-2.79539	0.09111111	0.45938224	3.3	0.0	22.255556	69000	256000.0	15084.166400432587
65	2.7947056	0.033898305	0.0018997027	0.05826851	11.20407	11.204652	0.12074469	-10.96346	-20.880722	1.7126614	1.6942563	0.019060692	3.7809627e-05	22.337309	4.8300133	31.334791	5.5129423	0.116949156	0.5075094	3.0	0.0	22.480227	69998	260000.0	15337.475805521011
66	2.832163	0.033707865	0.0017267065	0.062432162	11.320726	11.320375	0.11629727	-11.0927305	-21.868034	1.7018043	1.6860381	0.01867659	3.818771e-05	22.040129	4.8628626	30.276329	5.0810924	0.11629214	0.53738207	3.4	0.0	22.561798	71000	264000.0	15586.015692949295
67	2.869953	0.028089888	0.0015646004	0.060316503	11.468303	11.468743	0.111692384	-11.278925	-22.03166	1.805812	1.7900114	0.019030029	3.8569593e-05	22.50742	4.9739137	30.897429	1.2029939	0.07640449	0.40308425	2.8	0.0	22.488764	71998	268000.0	15831.19937801361
68	2.9072726	0.02247191	0.0014153903	0.060212594	11.623292	11.624644	0.10404344	-11.521561	-23.186508	1.8409785	1.8227986	0.018854953	3.8955288e-05	22.493462	4.5386314	30.049696	3.976803	0.058988765	0.36343104	3.0	0.0	22.398876	72998	272000.0	16070.727422952652
69	2.945245	0.028248588	0.0012851522	0.06130507	11.626266	11.625356	0.10724053	-11.401181	-22.54238	1.7412964	1.7262634	0.018234251	3.9344835e-05	21.980421	4.9928575	30.97663	-1.7557193	0.097175136	0.4927072	3.2	0.0	22.570621	73998	276000.0	16326.796622276306
70	2.983308	0.016666668	0.0011629629	0.062566414	11.891933	11.891771	0.09228651	-11.874961	-24.579784	1.954064	1.9362086	0.018989408	3.9738294e-05	22.868023	4.6024585	31.052988	1.5606159	0.061666667	0.344847	2.8	0.0	22.405556	74998	280000.0	16571.30496764183
71	3.0218163	0.033707865	0.00105426	0.062083792	11.83445	11.834174	0.100182846	-11.619233	-23.735054	1.7446636	1.7284217	0.018034166	4.0135666e-05	22.920925	4.8656874	30.09076	-1.3732022	0.08988764	0.44267952	2.9	0.0	22.314608	75998	284000.0	16808.683743953705
72	3.060251	0.0056179776	0.0009563588	0.061480943	12.017962	12.018209	0.09043942	-11.913939	-24.242464	1.8581694	1.8435594	0.018412078	4.053703e-05	23.188171	3.7187705	31.313244	5.8438196	0.021910112	0.21443091	2.8	0.0	22.522472	76998	288000.0	17052.049569368362
73	3.0987852	0.028735632	0.0008656679	0.06341534	12.11366	12.112877	0.088483736	-12.0162325	-25.30344	1.8637686	1.8486578	0.018551584	4.0942392e-05	22.846924	4.463503	30.215027	6.219181	0.09195402	0.512873	3.4	0.0	23.028736	77998	292000.0	17310.56004166603
74	3.1382046	0.016949153	0.00078731286	0.05985257	12.155357	12.154448	0.09009133	-11.991193	-24.557861	1.7680693	1.7566664	0.018012231	4.1351825e-05	22.87518	4.5335674	30.926922	1.5740845	0.053672317	0.32451716	2.4	0.0	22.435028	78998	296000.0	17561.4855158329
75	3.1768973	0.0056179776	0.0007144369	0.05984786	12.198126	12.198678	0.089946814	-11.965788	-24.162367	1.7196265	1.7078336	0.01741695	4.176534e-05	23.43102	4.1029887	31.200369	4.9281335	0.023595506	0.17770223	2.3	0.0	22.64045	79998	300000.0	17795.568927288055
76	3.2155828	0.011363637	0.0006473472	0.06088242	12.407753	12.407566	0.07805902	-12.339979	-25.967422	1.8730795	1.8545313	0.01783474	4.218299e-05	23.4057	3.950007	31.518364	2.9455726	0.042613637	0.29705366	3.2	0.0	22.710228	80998	304000.0	18037.15358185768
77	3.2537992	0.011235955	0.0005870199	0.059397407	12.407344	12.408596	0.080946915	-12.260057	-25.000086	1.774999	1.7631011	0.017085312	4.2604817e-05	23.278013	4.051311	31.815712	9.941774	0.042134833	0.3251101	3.3	0.0	22.455055	81998	308000.0	18275.669852733612
78	3.2929263	0.0056179776	0.0005325269	0.06080052	12.481208	12.479481	0.079086795	-12.314725	-25.33473	1.7710378	1.7567255	0.017077187	4.303087e-05	23.072014	3.8179867	30.666153	1.6107147	0.014044942	0.15748885	2.1	0.0	22.488764	82998	312000.0	18515.986597776413
79	3.3323038	0.011299435	0.00048288173	0.059488226	12.592578	12.592955	0.073787026	-12.461504	-26.032745	1.7981851	1.7857741	0.016887086	4.3461183e-05	22.275454	4.577903	30.8261	-1.9832172	0.0259887	0.21233772	2.0	0.0	22.525423	83998	316000.0	18749.46510386467
80	3.3712094	0.0056497175	0.00043715327	0.060378328	12.712844	12.7122555	0.06935624	-12.647184	-27.35094	1.8496634	1.8337868	0.016922152	4.3895787e-05	23.068138	3.9946606	30.715633	4.9263883	0.020338982	0.16985837	2.2	0.0	22.694916	84998	320000.0	18987.3249270916
81	3.4094307	0.02793296	0.00039592187	0.05978849	12.884058	12.884392	0.06254732	-12.924955	-28.485342	1.9367718	1.9177326	0.016910775	4.4334753e-05	22.553947	4.507499	29.967869	0.29603645	0.08100558	0.40482715	3.2	0.0	22.324022	85998	324000.0	19223.80224084854
82	3.4462788	0.0056179776	0.00035817327	0.059520155	12.824833	12.824948	0.06855823	-12.679617	-27.051304	1.8001572	1.7847596	0.01642485	4.4778095e-05	22.701912	4.2579494	32.96842	0.55763334	0.01741573	0.1539008	2.0	0.0	22.455055	86998	328000.0	19456.36230492592
83	3.4854681	0.0	0.00032567984	0.05915596	12.981691	12.981577	0.059480544	-12.977392	-28.587366	1.8712121	1.8561194	0.016507555	4.5225883e-05	23.003054	4.1808295	30.665916	11.891429	0.006896552	0.034882735	0.3	0.0	22.95977	87998	332000.0	19686.182713270187
84	3.5191991	0.0	0.00029413533	0.059458595	13.132286	13.133096	0.05239203	-13.211125	-29.961014	1.9392687	1.9205836	0.016406419	4.567814e-05	22.683832	3.5795546	31.242094	11.300352	0.0077777775	0.058171738	0.7	0.0	22.305555	88998	336000.0	19912.47599029541
85	3.5554025	0.0056818184	0.00026738064	0.058338042	13.120098	13.121709	0.055659097	-13.092986	-28.664118	1.8806889	1.8665625	0.015999448	4.613492e-05	22.984068	3.9469633	30.617554	6.676359	0.013636363	0.15126875	2.0	0.0	22.65909	89998	340000.0	20138.75908589363
86	3.5914187	0.0	0.00024299991	0.0586468	13.073289	13.073217	0.059591543	-12.88342	-27.330557	1.7438341	1.7317591	0.01547102	4.6596273e-05	23.1643	3.8394623	31.309893	13.28834	0.0011363636	0.01503268	0.2	0.0	22.795454	90998	344000.0	20365.608867406845
87	3.6259947	0.0056497175	0.00022007471	0.05934156	13.326508	13.326832	0.045796752	-13.385799	-30.607637	1.9601005	1.9454588	0.015732693	4.7062233e-05	22.796898	4.189993	29.921118	2.2530913	0.01638418	0.15261352	2.0	0.0	22.548023	91998	348000.0	20597.096286058426
88	3.6577268	0.0	0.00019931435	0.058826827	13.369228	13.369375	0.04371828	-13.416148	-30.534624	1.9364679	1.9186697	0.015499677	4.753285e-05	23.124065	3.4928255	29.513872	14.812368	0.006741573	0.045709763	0.5	0.0	22.494383	92998	352000.0	20831.370665073395
89	3.6923075	0.0056497175	0.00018092891	0.058999427	13.456696	13.456006	0.042590722	-13.513754	-31.323742	1.8842006	1.8705437	0.015013574	4.800818e-05	22.803339	3.7127438	29.784742	7.969188	0.026553674	0.2604342	3.4	0.0	22.61582	93998	356000.0	21067.31722021103
90	3.7200644	0.0	0.00016356692	0.058632087	13.5603485	13.561605	0.038590662	-13.657529	-31.896542	1.9418529	1.928523	0.015387432	4.8488262e-05	22.885769	3.8173537	31.999416	9.769608	0.0039325845	0.024546124	0.2	0.0	22.426966	95000	360000.0	21304.143398046494
91	3.750247	0.0	0.00014853897	0.05728315	13.618138	13.618084	0.03761491	-13.70648	-31.800278	1.9769909	1.9606407	0.01540632	4.897315e-05	22.850779	3.7982113	31.488806	8.697184	0.0011235955	0.010540262	0.1	0.0	22.5	95998	364000.0	21536.877359628677
92	3.7752247	0.0	0.00013457032	0.056333654	13.659814	13.658569	0.036890823	-13.733019	-32.137413	1.8581566	1.8446727	0.014620208	4.9462862e-05	22.857985	3.5889006	32.042538	11.733811	0.005113636	0.032456066	0.3	0.0	22.670454	96998	368000.0	21764.094298362732
93	3.8085024	0.0	0.00012282463	0.057823714	13.581285	13.581781	0.04206028	-13.42083	-29.787289	1.7180579	1.7062955	0.013630601	4.9957514e-05	23.012712	3.9311628	31.128016	13.303965	0.009039548	0.042885788	0.3	0.0	22.632769	97998	372000.0	21991.596133232117
94	3.8385751	0.011299435	0.000111373665	0.055439215	13.732312	13.731174	0.03433906	-13.757406	-31.449108	1.8708808	1.8584008	0.014261879	5.0457074e-05	22.821795	4.528025	31.44373	1.495712	0.03559322	0.25848058	2.0	0.0	22.536724	98998	376000.0	22218.779827594757
95	3.864734	0.0	0.000100891164	0.055418838	13.891618	13.892317	0.02600256	-14.076006	-33.8661	1.9598753	1.9414655	0.014299308	5.096165e-05	22.612215	3.6086447	30.812296	12.1062355	0.0033707866	0.027841598	0.3	0.0	22.601124	99998	380000.0	22450.19062447548
96	3.8894029	0.0	9.152951e-05	0.05407925	13.80444	13.803266	0.03470657	-13.745634	-30.961357	1.8414617	1.8274496	0.0140868	5.1471274e-05	23.343386	3.9841478	32.341106	12.448518	0.004494382	0.029642485	0.3	0.0	22.47191	101000	384000.0	22678.454291820526
97	3.920325	0.011299435	8.3279054e-05	0.055880677	13.850909	13.850092	0.033860613	-13.775189	-31.528164	1.7821012	1.7698494	0.013434521	5.198597e-05	22.930002	4.157177	32.116047	4.335371	0.023728812	0.21681228	2.1	0.0	22.480227	101998	388000.0	22910.728532791138
98	3.9418335	0.0056179776	7.5208336e-05	0.055295434	14.020504	14.020334	0.02474403	-14.132172	-34.229935	1.904345	1.8892517	0.013657901	5.2505828e-05	22.836515	4.301606	31.506638	8.394664	0.013483144	0.15735954	2.1	0.0	22.494383	102998	392000.0	23144.98637199402
99	3.968004	0.005586592	6.823286e-05	0.054836966	13.984744	13.985507	0.026949711	-14.007781	-33.144962	1.8680601	1.853003	0.013289591	5.3030908e-05	23.251503	4.253884	32.085392	4.139233	0.014525141	0.15212159	2.0	0.0	22.29609	103998	396000.0	23376.04830646515
100	3.987779	0.0	6.1828454e-05	0.054166105	14.1223545	14.12173	0.021573462	-14.242885	-34.443146	1.9324331	1.9156679	0.01350868	5.35612e-05	23.018154	3.5510383	29.584064	11.496804	0.0016759777	0.016628912	0.2	0.0	22.379889	104998	400000.0	23603.914434671402
101	4.0089536	0.0	5.612102e-05	0.053901553	14.051498	14.051139	0.027331186	-14.015381	-33.315174	1.7865058	1.7731264	0.012780673	5.4096818e-05	22.607769	3.5997798	32.37285	12.656636	0.002247191	0.014821242	0.1	0.0	22.426966	105998	404000.0	23832.19675731659
102	4.037296	0.0	5.1100604e-05	0.05320117	14.041605	14.040445	0.030640485	-13.907516	-31.901623	1.7210552	1.7071965	0.012654127	5.4637792e-05	22.926334	3.5554802	30.272568	11.5568905	0.0033333334	0.023333335	0.2	0.0	22.333334	106998	408000.0	24058.62771821022
103	4.060701	0.0	4.6247453e-05	0.053997353	14.229336	14.230148	0.02033254	-14.316908	-35.720615	1.8635825	1.8500642	0.0126931	5.5184155e-05	23.038248	3.5342724	30.652046	13.27649	0.0011235955	0.014948467	0.2	0.0	22.47191	107998	412000.0	24288.23260474205
104	4.0793576	0.0	4.1896506e-05	0.052760217	14.229468	14.2294035	0.020900192	-14.257609	-34.55139	1.8335541	1.818511	0.012428354	5.5736014e-05	22.945263	3.652706	30.976313	13.544299	0.0011235955	0.014948466	0.2	0.0	22.376404	108998	416000.0	24516.493537664413
105	4.099791	0.0	3.8025417e-05	0.0527406	14.24918	14.249875	0.02264651	-14.232754	-34.11779	1.8123323	1.7950407	0.012437809	5.6293364e-05	23.403845	3.835584	31.139814	9.572296	0.0011299435	0.014990397	0.2	0.0	22.62712	109998	420000.0	24748.454035520554
106	4.118706	0.010989011	3.443331e-05	0.05472173	14.371825	14.371674	0.015563192	-14.512144	-37.813988	1.9118571	1.894159	0.012625352	5.6856297e-05	22.561357	4.533649	30.585627	4.045117	0.039010987	0.26094738	2.0	0.0	22.076923	110998	424000.0	24985.48597216606
107	4.1323986	0.0056179776	3.116246e-05	0.053276468	14.370578	14.371043	0.017019141	-14.442107	-36.35137	1.857797	1.8414218	0.012212746	5.7424873e-05	22.466454	4.3772373	31.344004	9.261034	0.012359551	0.15014619	2.0	0.0	22.460674	111998	428000.0	25221.72025156021
108	4.1506305	0.0	2.832409e-05	0.05316527	14.415533	14.414721	0.015965445	-14.502255	-36.16378	1.8583814	1.8428931	0.012159365	5.7999103e-05	22.829153	3.4833987	32.088104	15.233317	0.002247191	0.01822166	0.2	0.0	22.41573	112998	432000.0	25452.79901456833
109	4.16202	0.0	2.5678131e-05	0.053994842	14.504914	14.50375	0.010714101	-14.671047	-37.834198	1.866353	1.8502324	0.012117615	5.8579095e-05	22.571342	3.782079	30.91318	9.500121	0.0011235955	0.010540263	0.1	0.0	22.426966	113998	436000.0	25680.108756303787
110	4.1668515	0.0	2.322742e-05	0.052562036	14.587984	14.590213	0.0069952225	-14.832212	-39.244213	1.9226086	1.9029274	0.012257921	5.9164893e-05	22.700409	4.0123043	31.129786	9.8016205	0.0011173184	0.014906887	0.2	0.0	22.474861	114998	440000.0	25909.907453536987
111	4.1721473	0.0	2.1086733e-05	0.051194817	14.589246	14.589951	0.008205428	-14.780264	-37.96864	1.8850471	1.8685638	0.012012875	5.9756538e-05	22.601734	3.924806	30.032665	1.5437899	0.018539326	0.1559462	2.0	0.0	22.455055	115998	444000.0	26143.766578435898
112	4.1706667	0.0	1.9080564e-05	0.05302659	14.719523	14.719205	0.0012071806	-15.016974	-40.7799	1.9277505	1.907387	0.012056334	6.0354098e-05	23.018631	3.3473358	30.258636	10.789013	0.0	0.0	0.0	0.0	22.595505	116999	448000.0	26375.246332406998
113	4.172572	0.0	1.7342805e-05	0.05273606	14.707518	14.708699	0.0030388494	-14.900902	-39.501015	1.8650243	1.8463752	0.011531782	6.095765e-05	22.980185	3.6033187	31.881954	12.218014	0.006703911	0.052424744	0.6	0.0	22.312849	117998	452000.0	26604.12885904312
114	4.1683235	0.0	1.5718657e-05	0.05247486	14.768836	14.769078	-0.0006313293	-15.017113	-40.40122	1.8964453	1.8781604	0.011808912	6.156721e-05	22.959846	3.3012726	29.564135	11.138276	0.0028248588	0.02237174	0.2	0.0	22.440678	118998	456000.0	26835.416158914566
115	4.162116	0.0	1.4258861e-05	0.05057279	14.760168	14.760987	0.0020563477	-14.939852	-38.77885	1.7970039	1.77988	0.011015372	6.2182895e-05	22.540709	3.8595698	30.685244	11.866522	0.0061452514	0.049761456	0.6	0.0	22.301676	119998	460000.0	27071.337964773178
116	4.1667986	0.0	1.30053195e-05	0.053286493	14.730027	14.732308	0.0050656586	-14.824861	-38.014862	1.8011293	1.7866545	0.011133734	6.280471e-05	23.2781	3.546205	30.63179	9.503644	0.0016853933	0.0224227	0.3	0.0	22.533709	120998	464000.0	27306.66761994362
117	4.1681366	0.0055555557	1.1795475e-05	0.051759377	14.695915	14.69445	0.008114485	-14.697222	-38.036358	1.7084365	1.6926906	0.010819922	6.343277e-05	22.399078	4.175205	30.872879	-0.8737369	0.013888889	0.14972712	2.0	0.0	22.25	121998	468000.0	27541.96302509308
118	4.1695995	0.0	1.0707801e-05	0.050313134	14.770057	14.769491	0.003962263	-14.8486595	-37.768814	1.7124143	1.6971381	0.010642385	6.406709e-05	23.130623	3.4136257	30.48907	13.64315	0.0	0.0	0.0	0.0	22.463276	122998	472000.0	27772.30445766449
119	4.1683855	0.0	9.709453e-06	0.050623015	14.953164	14.952941	-0.0060442416	-15.253008	-41.279976	1.8933254	1.876455	0.011338315	6.470777e-05	22.784956	3.537137	31.356464	13.952754	0.00056179776	0.0074742334	0.1	0.0	22.494383	123998	476000.0	28004.26615190506
120	4.1515856	0.0	8.752793e-06	0.051673036	14.980812	14.9800625	-0.0074885543	-15.284469	-42.819992	1.8805877	1.8648651	0.01141228	6.5354834e-05	22.364817	4.228973	31.506704	2.108397	0.011666666	0.14880078	2.0	0.0	22.355556	124998	480000.0	28237.8471865654
121	4.137947	0.0	7.939813e-06	0.050999094	14.943066	14.942957	-0.0035671948	-15.127527	-40.523346	1.82128	1.8010315	0.0109245945	6.600839e-05	23.088984	3.814512	31.541666	2.8903368	0.012571427	0.15104102	2.0	0.0	22.754286	125998	484000.0	28467.713376283646
122	4.127047	0.0	7.212357e-06	0.052467912	15.027719	15.028127	-0.008150906	-15.308221	-43.54492	1.8663177	1.8478386	0.01105937	6.666848e-05	22.62692	3.7084432	30.778978	10.816232	0.0061452514	0.04976146	0.6	0.0	22.407822	126999	488000.0	28694.20276761055
123	4.113972	0.0	6.542126e-06	0.05090683	14.987739	14.987549	-0.003353548	-15.140174	-40.896572	1.766438	1.7501488	0.010665005	6.7335175e-05	23.105844	3.567755	31.053974	13.234243	0.0	0.0	0.0	0.0	22.357542	127998	492000.0	28921.1209359169
124	4.100273	0.0056497175	5.938873e-06	0.05001793	15.032006	15.032072	-0.006448226	-15.227297	-42.120453	1.7816076	1.7605487	0.010654564	6.800853e-05	22.882978	3.8509555	31.25723	4.1105742	0.011299435	0.14990395	2.0	0.0	22.480227	128998	496000.0	29155.08815550804
125	4.083315	0.0	5.385626e-06	0.050195023	15.127325	15.127467	-0.011362425	-15.408251	-43.371124	1.8028277	1.7861387	0.010805948	6.868859e-05	22.995932	4.050235	30.656178	10.084533	0.00055555557	0.007432826	0.1	0.0	22.366667	129998	500000.0	29386.91038632393
