Epoch	Crash_ratio	Eval_Q	Target_Q	TD_error	AverageEpRet	StdEpRet	MaxEpRet	MinEpRet	AverageEpCost	StdEpCost	MaxEpCost	MinEpCost	EpLen	TotalEnvInteracts	Time
1	0.5555556	-0.07648041	-0.04993586	2.32115	-1.4645935	11.047568	22.96341	-20.866484	4.38796	1.3335838	8.264612	1.2370731	18.961111	4000.0	391.3349618911743
2	0.24444444	3.6932669	3.0946589	2.171061	14.725534	12.028252	29.129292	-85.82376	2.2640586	1.0574359	5.460411	0.9137004	25.333334	8000.0	759.184157371521
3	0.25490198	7.925508	6.8937016	3.092878	14.886763	9.425107	30.867458	-3.6773438	2.3328824	1.1574289	5.8649993	0.8963945	19.62745	12000.0	1120.183364868164
4	0.1657754	10.409009	9.252245	3.314064	17.07151	8.585738	28.924303	-3.8317447	2.4650805	1.3276907	6.20043	0.6675135	21.491978	16000.0	1487.8292558193207
5	0.19786096	11.503293	10.244504	3.0067937	15.804808	8.468058	29.01737	-3.3170443	2.4031157	1.3095138	6.29499	0.6590388	21.40107	20000.0	1851.5588784217834
6	0.13259669	11.932859	10.573592	2.6423936	16.386288	7.669587	28.752745	-2.6530733	2.2722898	1.1619743	5.585096	0.6677384	22.044199	24000.0	2219.5874247550964
7	0.13829787	12.126245	10.6702385	2.4292543	16.707388	7.897555	30.297503	-4.3726954	2.2420235	1.1190375	5.4848666	0.6719423	21.196808	28000.0	2580.5615224838257
8	0.15053764	12.247227	10.726186	2.246584	16.525047	8.465526	30.66381	-6.3746223	2.3395252	1.4321806	7.7474937	0.66778916	21.537634	32000.0	2941.73242020607
9	0.13043478	12.306261	10.7784	2.1237662	17.032661	8.141673	29.063274	-6.9130964	2.4162986	1.3907263	8.345244	0.91048574	21.717392	36000.0	3304.220747947693
10	0.06043956	12.418895	10.903131	1.9921719	18.994442	6.337886	29.875257	-0.7331049	2.0531883	0.9063517	5.7481284	0.8964352	21.901098	40000.0	3665.820170402527
11	0.055555556	12.568926	11.080472	1.8823059	18.534468	6.261502	29.512667	-1.6465535	2.1394274	1.0280039	5.6732593	0.9086496	22.322222	44000.0	4023.0869195461273
12	0.021978023	12.708613	11.238435	1.7655416	19.092543	5.3955154	28.736002	-5.179832	2.0188136	0.9150129	6.203574	0.9101668	21.989012	48000.0	4379.997446537018
13	0.022099448	12.868291	11.431533	1.6364926	18.994894	5.1087317	28.340683	-2.5269687	1.8766826	0.8049561	5.604692	0.6785335	22.055248	52000.0	4736.224610567093
14	0.016574586	12.996918	11.590714	1.5531863	19.130074	5.212048	29.27675	-3.2918885	1.9418403	0.7784528	5.447647	0.66751266	22.132597	56000.0	5082.444319486618
15	0.016574586	13.159132	11.753884	1.467345	19.438509	4.7995934	29.31105	-3.1591246	1.8741721	0.7961447	5.7693515	0.6772384	22.060774	60000.0	5429.485921859741
16	0.0055555557	13.320732	11.915147	1.4275621	19.507364	4.3302255	29.720024	2.1978571	1.9194041	0.6860996	4.3174586	0.91620076	22.266666	64000.0	5776.759523391724
17	0.0054347827	13.453536	12.038749	1.3718889	19.850323	4.0526547	29.135935	-0.32145578	1.8669958	0.7541623	5.970319	0.6677897	21.815218	68000.0	6124.6736924648285
18	0.0054945056	13.592188	12.1686325	1.337156	19.772196	4.2916546	29.38696	-0.285645	1.7997804	0.76443475	8.447563	0.66793853	21.906593	72000.0	6473.537619113922
19	0.0	13.708237	12.274863	1.2966104	19.88088	3.7417045	27.620575	9.168647	1.9206187	0.66917557	3.5989277	0.9142529	22.144444	76000.0	6820.131132364273
20	0.0	13.824356	12.384061	1.2499055	19.757265	4.3021092	28.804031	-1.2464398	1.8316597	0.6269078	3.703876	0.9088473	21.95055	80000.0	7167.540444850922
21	0.0	13.890639	12.448958	1.2059317	20.348545	3.8449242	28.038794	7.9654555	1.9094923	0.6685696	5.229188	0.91124433	22.010988	84000.0	7514.810570716858
22	0.0	13.925785	12.486923	1.1662996	20.0535	4.166679	29.736307	-0.14664999	1.9015163	0.6342144	4.393698	0.77308905	21.724325	88000.0	7859.697480678558
23	0.0	13.962516	12.515392	1.1197188	20.005175	4.169647	30.536478	4.892871	1.9490368	0.64650434	4.368913	0.8910848	22.223463	92000.0	8208.843994379044
24	0.011049724	14.007123	12.569567	1.0381572	19.937498	4.398025	28.506306	-1.1479998	1.9714365	0.70220286	5.7013774	0.6650247	22.18232	96000.0	8557.93888425827
25	0.0	14.054195	12.613612	1.0087472	20.108055	4.3138347	29.046661	4.762001	1.9487549	0.72345823	4.662268	0.925693	21.983517	100000.0	8905.27517080307
26	0.010989011	14.070615	12.645008	0.9688331	20.246567	4.5298705	29.979422	-1.2212667	1.9044919	0.752788	5.731487	0.6672689	21.989012	104000.0	9250.531875371933
27	0.005586592	14.100297	12.683748	0.9465424	19.763062	4.2023954	28.307503	-1.5238204	1.9443651	0.71551335	5.1254163	0.89447474	22.24581	108000.0	9596.287299871445
28	0.006134969	14.151283	12.738668	0.9020236	20.440754	3.8195665	28.701365	6.699222	1.944337	0.64298606	5.3208756	0.91002905	22.006134	112000.0	9952.673000574112
29	0.0	14.128528	12.717144	0.8821775	20.434008	5.445619	28.108482	-27.188799	1.9257281	0.7263685	5.314135	0.0	28.416666	116000.0	10314.660656929016
30	0.0	14.116211	12.687964	0.87426966	20.601002	3.9520817	29.03476	8.634206	2.0149195	0.68923914	4.6579924	0.6707417	22.177778	120000.0	10657.941591978073
31	0.0	14.163102	12.739323	0.84538466	20.19396	3.63431	28.122126	8.031252	1.9382098	0.70280427	4.5643125	0.91149783	22.044199	124000.0	11000.725111246109
32	0.0	14.189972	12.7595	0.8218326	20.01095	3.9350433	29.997643	6.2479205	1.9232165	0.7665834	4.8301067	0.91367126	21.956284	128000.0	11349.866060972214
33	0.0	14.209843	12.784778	0.8201242	20.516989	3.6996934	29.27645	9.547552	1.8943938	0.5853411	3.680202	0.8914681	22.27933	132000.0	11700.641243457794
34	0.0	14.226545	12.807941	0.79573214	20.592995	3.925546	29.751617	9.535904	1.9557232	0.65972227	3.6961732	0.9192528	22.121548	136000.0	12046.52516245842
35	0.0	14.25101	12.821383	0.77477723	20.023764	3.7299953	29.371159	11.279563	1.888586	0.5750382	3.960187	0.9077224	22.144444	140000.0	12392.693092107773
36	0.0	14.274554	12.851895	0.76452976	20.179848	4.220784	30.586237	8.396274	1.9960681	0.6722651	4.8726735	0.9238137	22.435755	144000.0	12744.763449668884
37	0.0054644807	14.280001	12.856822	0.74159753	20.055035	4.3800917	29.672615	2.5039375	1.9520954	0.7153184	5.1050954	0.6675951	21.863388	148000.0	13092.731257677078
38	0.0	14.29173	12.866131	0.73584116	20.512383	3.847497	29.39311	9.623309	1.9000515	0.6240015	4.785007	0.9230764	21.907104	152000.0	13440.820214748383
39	0.0	14.307323	12.878585	0.72744185	20.28998	3.976238	30.622963	9.530161	2.0502667	0.62203515	3.9807415	0.92359805	22.016575	156000.0	13789.510663986206
40	0.0054644807	14.319692	12.897295	0.7090134	20.231806	4.0388966	28.615189	4.796788	2.0195339	0.64428306	4.134829	0.91845053	21.819672	160000.0	14135.913653373718
41	0.0	14.356437	12.930927	0.68790257	20.535133	3.7892048	28.450924	8.090564	1.9376922	0.6189525	4.3727946	0.9103059	21.907104	164000.0	14483.015677452087
42	0.0	14.372023	12.944558	0.6862993	20.87123	4.1449866	29.538265	7.5969477	1.8070039	0.6291839	4.13733	0.91016906	22.0	168000.0	14832.318841218948
43	0.0	14.384296	12.953807	0.68924755	19.766884	4.023231	28.838398	0.043218564	1.921257	0.6531974	4.1183853	0.9040918	22.005465	172000.0	15180.569600582123
44	0.0	14.394984	12.963794	0.6697988	20.529688	3.875735	29.479939	8.234803	1.8432907	0.6241995	3.8610015	0.9160452	21.907104	176000.0	15527.673567295074
45	0.0	14.415041	12.978277	0.66507924	19.840487	4.50604	28.127777	-0.73372144	2.0267694	0.6936837	4.479658	0.9452028	22.044199	180000.0	15876.096516132355
46	0.0054644807	14.437824	13.011709	0.659199	19.834284	4.3744106	30.008621	1.2613178	1.9691526	0.6690107	6.6943192	0.9111609	21.857924	184000.0	16220.435906410217
47	0.0	14.427562	12.995596	0.6637788	20.82752	4.0001254	28.780003	7.2906933	1.8930277	0.59165007	3.458808	0.915497	22.005526	188000.0	16570.598206281662
48	0.0054945056	14.421877	12.98901	0.6431858	21.048784	3.6402752	28.536129	5.110856	1.8627588	0.6427187	5.5926733	0.90977794	22.04945	192000.0	16918.062408924103
49	0.0	14.416181	12.982215	0.639364	20.238775	4.1515794	29.418047	-1.8657231	1.8495953	0.5569481	3.7736914	0.90859884	21.961538	196000.0	17264.402502536774
50	0.0054945056	14.439701	13.008843	0.6291547	20.521374	4.102399	28.944197	-4.36025	1.9488357	0.650606	4.033502	0.9218497	21.978022	200000.0	17614.80711722374
51	0.0054347827	14.483733	13.05965	0.58393264	20.259075	4.362788	29.963476	-1.5337514	1.9090987	0.61590254	4.8668227	0.9166101	21.831522	204000.0	17961.939300060272
52	0.011049724	14.5479355	13.1292515	0.5454563	20.600767	3.7279325	27.744854	4.8157496	1.9424446	0.773044	6.1683636	0.91222715	22.121548	208000.0	18316.167506933212
53	0.0	14.674818	13.253612	0.5153272	20.93106	3.026029	27.736622	11.360517	1.9457568	0.5974825	3.7232947	0.9181331	22.457626	212000.0	18676.232097148895
54	0.016666668	14.9234495	13.50106	0.50983644	20.882908	4.3797965	28.875574	-5.393869	1.9618499	0.63795006	4.773904	0.9140509	22.233334	216000.0	19036.321823358536
55	0.016759777	15.111597	13.688238	0.5104112	21.098574	3.7550557	28.420523	5.155134	1.911617	0.71249473	5.813737	0.9221894	22.351955	220000.0	19395.270840644836
56	0.011173184	15.2087145	13.7927885	0.49323756	20.652063	3.8412108	27.756279	-0.9449333	1.9871219	0.7092169	4.9771004	0.89624006	22.335196	224000.0	19754.045047283173
57	0.005586592	15.246871	13.838588	0.4865164	20.859735	3.366826	29.907204	4.1327214	1.9151107	0.66792405	5.687738	0.91988957	22.363129	228000.0	20111.269934892654
58	0.0	15.257551	13.847858	0.46099326	21.523926	3.163955	31.082611	11.929662	1.8676353	0.59818494	4.2529607	0.90999544	22.244444	232000.0	20466.6958425045
59	0.0	15.28267	13.869733	0.45118365	20.869532	3.455053	28.09166	11.842463	1.906832	0.61192036	3.5949488	0.6712743	22.322222	236000.0	20823.386142253876
60	0.016853932	15.302299	13.883884	0.43208805	21.112875	4.10755	28.617933	-4.2149715	1.9572526	0.7089364	5.599557	0.8988635	22.342697	240000.0	21177.52227306366
61	0.011049724	15.30693	13.886653	0.419081	21.087088	3.7163486	29.092682	2.183824	1.9301916	0.6381916	4.2389526	0.90855217	22.21547	244000.0	21529.9177775383
62	0.016853932	15.318164	13.904877	0.41095072	21.361885	3.3863842	28.70977	3.3594656	2.0005429	0.69424963	4.631144	0.6743841	22.308989	248000.0	21886.72379231453
63	0.016759777	15.296523	13.878943	0.4103626	21.02401	4.302983	27.777056	-0.029695323	2.0442543	0.6816246	5.1206236	0.6836034	22.474861	252000.0	22243.266518115997
64	0.011173184	15.296845	13.877795	0.41036445	21.299711	3.3013637	28.091217	5.8009024	1.9597512	0.65578717	4.3540177	0.9023501	22.273743	256000.0	22597.021451473236
65	0.006849315	15.3027725	13.890493	0.40826368	21.183725	3.501951	27.528526	4.864976	1.8962764	0.6198521	4.7528276	0.908461	22.458904	260000.0	22974.746477127075
66	0.005952381	15.262687	13.843862	0.395867	20.95874	5.1312532	28.46055	-26.941772	1.9275773	0.63948375	4.695853	0.5	28.202381	264000.0	23335.827408075333
67	0.011235955	15.248699	13.833754	0.39006624	21.098963	3.9034169	29.932272	-1.4075289	1.8838222	0.6341576	3.936231	0.6841339	22.404495	268000.0	23689.402637004852
68	0.016759777	15.238022	13.82509	0.39938146	21.25388	4.0737195	28.974762	-2.6402194	1.9479746	0.6627729	4.688924	0.92831135	22.363129	272000.0	24044.71072244644
69	0.005586592	15.234959	13.826098	0.3928699	21.392996	3.8842022	30.553875	-3.5549276	1.9184785	0.6329862	5.5045195	0.9214158	22.329609	276000.0	24400.632719278336
70	0.016853932	15.238908	13.826076	0.39702985	20.957226	4.0613394	27.724268	-2.519054	1.9834379	0.72000456	4.9643154	0.92195725	22.550562	280000.0	24758.177063941956
71	0.016853932	15.240409	13.830574	0.3935939	21.294561	4.094919	32.973133	-1.4589524	1.9083678	0.70933115	4.8355665	0.9231359	22.39326	284000.0	25111.970536470413
72	0.011173184	15.242951	13.827804	0.3972504	21.386118	3.8402505	28.983349	1.7709392	1.9591272	0.6752953	5.0146413	0.91097194	22.374302	288000.0	25464.726794719696
73	0.016666668	15.228633	13.80485	0.3959024	20.854214	4.0336204	28.811644	-4.034097	1.9079787	0.66368675	4.6414757	0.8974442	22.15	292000.0	25821.78400182724
74	0.011363637	15.222041	13.807179	0.39007843	21.145592	4.156963	30.316814	-0.021509735	1.9730586	0.632018	4.9380264	0.9040848	22.755682	296000.0	26178.91239285469
75	0.0056497175	15.220101	13.799129	0.40575567	21.430237	3.3736467	29.845251	2.5439262	1.8737952	0.68726206	6.07344	0.6841664	22.508474	300000.0	26536.325685977936
76	0.011049724	15.229237	13.812694	0.39783674	21.29122	3.913788	29.52162	-3.805018	1.9356906	0.65250254	5.678433	0.9201908	22.24862	304000.0	26886.98716211319
77	0.016759777	15.229203	13.809507	0.39271683	21.184425	4.187279	28.13674	-2.8667204	1.9832269	0.7355749	5.483727	0.9086793	22.268156	308000.0	27238.299034833908
78	0.011173184	15.225357	13.8027525	0.39496505	21.543787	3.6371717	28.627045	0.7753323	1.9161094	0.6701501	4.5913615	0.68340105	22.351955	312000.0	27593.0098361969
79	0.0	15.252457	13.825076	0.40075216	21.515972	3.194595	28.755302	7.0275106	1.9573745	0.66116744	3.7267478	0.9094448	22.533709	316000.0	27945.013493299484
80	0.0	15.253205	13.833648	0.40239367	21.536312	3.1441422	30.169203	10.934203	1.9188406	0.58288443	3.8264487	0.9249075	22.318436	320000.0	28299.445075511932
81	0.005586592	15.24784	13.827759	0.39802712	21.297514	3.6368225	28.77574	-2.7003334	1.938463	0.707658	4.321651	0.91111374	22.329609	324000.0	28654.44348216057
82	0.0	15.250607	13.821762	0.39299995	21.521833	3.4983237	29.385605	-0.97357196	1.8566886	0.6416873	3.9906373	0.90903234	22.288889	328000.0	29006.44870376587
83	0.005586592	15.255857	13.833982	0.39981538	21.777803	3.6933346	28.402504	1.5301204	1.8581384	0.58913696	3.9842458	0.91843146	22.324022	332000.0	29357.94457769394
84	0.0056497175	15.258956	13.830896	0.39925197	21.069706	3.252768	28.549934	3.5402706	1.9084876	0.67743754	4.530008	0.9069394	22.514124	336000.0	29711.394596099854
85	0.022346368	15.245971	13.821324	0.39054054	21.33591	4.24544	28.944092	-3.6293874	1.8914227	0.74111676	4.7310076	0.9194616	22.418995	340000.0	30062.396985530853
86	0.011049724	15.261675	13.830106	0.3986962	21.590183	3.7261128	30.915615	-3.1033437	1.8230779	0.58141226	3.64222	0.7188586	22.022099	344000.0	30412.71893453598
87	0.016483517	15.254712	13.821948	0.39633316	21.06834	4.165075	27.58112	-3.7096405	1.9012083	0.76034534	6.579671	0.9171631	22.0	348000.0	30763.41056394577
88	0.011111111	15.257117	13.827396	0.40040302	21.486032	3.7566688	29.419594	-0.13802138	1.8708254	0.6315177	4.239918	0.9231737	22.172222	352000.0	31112.19710111618
89	0.0056497175	15.239512	13.811018	0.40669295	21.34737	3.640167	30.400928	4.2898116	1.9356462	0.61912465	4.502314	0.90289456	22.672316	356000.0	31463.346984386444
90	0.0	15.238402	13.805027	0.40716705	21.539219	3.1527739	31.18743	11.442617	1.8598313	0.5855663	3.9591248	0.92175055	22.47191	360000.0	31818.913931131363
91	0.0055555557	15.237837	13.803258	0.40495405	21.448923	3.4328496	28.838797	-0.7088415	1.8555831	0.60278404	4.89998	0.6865125	22.194445	364000.0	32173.047867774963
92	0.016759777	15.244094	13.811947	0.40149617	21.232763	3.9715488	28.027052	-2.9428048	1.8842628	0.6669151	4.6231413	0.92218006	22.374302	368000.0	32525.867202997208
93	0.016574586	15.244157	13.818003	0.4011081	20.965437	4.3042607	28.491451	0.26094222	1.9301164	0.712562	6.068053	0.66661006	22.104973	372000.0	32877.22151684761
94	0.005586592	15.247136	13.820005	0.40787622	21.608126	3.3101623	29.549633	2.926039	1.9247525	0.5728524	4.8491764	0.91067636	22.368715	376000.0	33225.75364732742
95	0.016853932	15.247547	13.8127165	0.4010603	20.701479	4.0924234	29.944832	-0.34366602	1.9760292	0.7508723	5.129551	0.65882814	22.337078	380000.0	33580.16904783249
96	0.011173184	15.242645	13.813266	0.41039252	21.316647	4.1232004	29.44773	-2.430608	1.8583279	0.603544	4.195113	0.90725744	22.486034	384000.0	33936.006519556046
97	0.0056179776	15.242355	13.810638	0.40901417	21.00296	3.5442436	30.645042	4.259233	1.984458	0.66959983	5.0084143	0.90645677	22.35955	388000.0	34291.74786782265
98	0.02189781	15.225936	13.797731	0.4046248	20.815939	5.777031	28.029125	-26.451889	1.869851	0.7237611	5.1619887	0.90406406	29.357664	392000.0	34677.33106589317
99	0.0056497175	15.205407	13.785203	0.40173575	21.541649	3.3779767	28.92544	1.1880735	1.8289143	0.6270263	4.344064	0.6677363	22.497175	396000.0	35032.847507953644
100	0.005524862	15.199222	13.7743635	0.41304538	21.544048	3.2148187	29.158005	4.3212304	1.845584	0.6102839	4.9028215	0.67475766	22.154696	400000.0	35381.92174887657
101	0.0	15.200459	13.782539	0.40590668	21.304186	3.4620419	31.450375	10.526456	1.7932386	0.6216717	3.956576	0.6265626	22.449438	404000.0	35735.07806491852
102	0.011173184	15.198455	13.77901	0.40863502	21.639273	3.8842278	29.014057	-2.3455236	1.8803525	0.60611725	4.5534453	0.6737478	22.385475	408000.0	36086.968760728836
103	0.016666668	15.217892	13.80294	0.40025938	21.34017	3.84802	28.35117	-2.260853	1.781387	0.65754414	4.181523	0.6677658	22.222221	412000.0	36442.733095645905
104	0.005524862	15.218226	13.807193	0.40394542	21.560183	3.8075984	30.95243	-6.689207	1.8161881	0.6596147	5.736133	0.67194676	22.121548	416000.0	36799.03482437134
105	0.011111111	15.219671	13.804125	0.39650452	21.066246	3.8308012	29.28145	2.5575483	1.9401242	0.6406933	4.787201	0.9235392	22.205555	420000.0	37149.451222896576
106	0.0	15.214322	13.803722	0.40498132	21.660069	3.1822467	28.742353	10.457928	1.7738572	0.5448837	4.0114965	0.90588695	22.41573	424000.0	37504.049136161804
107	0.0	15.216	13.814424	0.4049326	21.436384	3.410711	28.471596	0.6025442	1.8235124	0.63580406	4.412314	0.66790134	22.25	428000.0	37854.925973415375
108	0.006329114	15.220244	13.822409	0.39637432	21.04242	3.6626713	29.080767	-1.0825514	1.9099616	0.5941296	3.6659918	0.9076776	22.272152	432000.0	38221.93062400818
109	0.006329114	15.189461	13.78998	0.40987706	21.050358	5.249598	30.399597	-27.884512	1.8574185	0.5695361	3.798498	0.91730386	28.462025	436000.0	38593.92641735077
110	0.0056179776	15.180419	13.778606	0.39875287	21.22498	3.5165796	30.307407	-1.4547224	1.8765212	0.567261	3.6478825	0.9115787	22.41573	440000.0	38949.42974972725
111	0.0	15.185651	13.791021	0.40780497	21.576086	2.9317174	28.082998	13.941973	1.8268721	0.5394687	3.6176703	0.667774	22.449438	444000.0	39302.14086008072
112	0.005586592	15.184787	13.791325	0.3968636	21.680595	3.2790012	29.58638	3.4545193	1.7612339	0.58369	5.158433	0.9073946	22.385475	448000.0	39659.43701839447
113	0.0	15.18646	13.789921	0.38701722	21.476118	3.0330267	28.699322	13.590171	1.8368025	0.5424679	4.2427773	0.919305	22.485876	452000.0	40016.880861997604
114	0.011049724	15.174644	13.784402	0.392749	21.047417	3.72223	28.657122	-2.4014056	1.8938069	0.66542554	5.555431	0.9179343	22.18232	456000.0	40377.23053693771
115	0.011235955	15.164992	13.781904	0.38855463	21.486086	3.6998744	29.992414	0.77703804	1.8244245	0.5814821	3.4853842	0.90980375	22.505617	460000.0	40730.25740981102
116	0.016666668	15.191192	13.798647	0.39340064	20.838167	3.7162037	29.446331	3.757113	1.8810781	0.6841081	4.347921	0.9048355	22.183332	464000.0	41085.68127846718
117	0.0	15.198267	13.802469	0.3905543	21.440767	3.1392238	28.793093	10.98017	1.8233838	0.5494644	3.9181962	0.66346675	22.455055	468000.0	41444.22391319275
118	0.005586592	15.197326	13.803392	0.3907638	21.350775	3.3132627	30.310492	6.152989	1.905006	0.69364274	4.57668	0.9230923	22.284916	472000.0	41803.129249334335
119	0.011173184	15.187615	13.78584	0.39238685	21.026123	3.61224	28.253237	2.7776327	1.8316604	0.6595543	4.8419538	0.9120407	22.458101	476000.0	42163.66041469574
120	0.0055555557	15.189086	13.787932	0.38785607	21.309294	3.7500045	29.348171	-2.574226	1.7885193	0.6341278	4.4997296	0.90759355	22.166666	480000.0	42524.46128368378
121	0.0	15.180123	13.784545	0.38875568	20.965008	5.165698	29.858599	-25.957993	1.8737451	0.5715951	3.7411237	0.0	30.037594	484000.0	42922.400648355484
122	0.011173184	15.166946	13.784353	0.3816381	21.666126	3.3718643	28.70399	7.0050826	1.8810465	0.6108148	5.112275	0.9159582	22.346369	488000.0	43281.50176644325
123	0.016853932	15.171852	13.787508	0.38109785	21.403154	3.7321181	28.817884	1.8098066	1.8215791	0.6464162	4.7246323	0.65940523	22.382023	492000.0	43639.39728927612
124	0.016483517	15.163387	13.779232	0.38188764	21.0273	3.8888671	29.289022	-3.9931676	1.834883	0.65895253	5.4637585	0.90750146	22.120878	496000.0	43996.704503536224
125	0.011173184	15.156422	13.760223	0.38657174	21.301296	4.0271044	28.758698	-4.0194936	1.8218197	0.7066517	6.6624966	0.90863794	22.374302	500000.0	44358.19555568695
