Epoch	AverageCrash_counter	StdCrash_counter	Crash_ratio	AverageEpRet	StdEpRet	MaxEpRet	MinEpRet	AverageEpCost	StdEpCost	MaxEpCost	MinEpCost	EpLen	AverageVVals	StdVVals	MaxVVals	MinVVals	TotalEnvInteracts	LossPi	LossV	LossCV	DeltaLossPi	DeltaLossV	DeltaLossCV	Entropy	KL	ClipFrac	StopIter	Time
0	96.0	0.0	0.7164179	-2.4830275	7.9426923	18.792341	-12.326874	4.470305	1.14243	8.404424	1.5557597	15.858209	0.14590174	0.016663788	0.2742848	0.11579294	4000	1.7881393e-07	380.07858	6.9671226	-0.028128684	-37.12426	-5.7149777	1.6088872	0.012710083	0.192	19.0	508.27723002433777
1	137.0	0.0	0.6035242	0.6167622	8.976019	24.983147	-18.216751	4.4312882	1.3873639	9.228866	0.8814842	17.546255	-1.3048247	0.11238489	-0.9835221	-1.7788577	8000	6.146729e-08	69.08142	2.223051	-0.07127461	-10.232061	-0.6483694	1.5901128	0.013871368	0.22575	17.0	973.7298216819763
2	126.0	0.0	0.6268657	-0.33904824	8.098717	20.293146	-15.460463	4.1793284	1.3143721	8.331372	0.92022777	16.60199	0.33187738	0.88763326	1.484152	-1.1736782	12000	3.7252903e-08	117.34015	1.3824112	-0.048917163	-3.0599937	-0.094370246	1.5537012	0.013096059	0.13724999	12.0	1445.9629230499268
3	129.0	0.0	0.5890411	-0.4731407	8.421057	20.18386	-18.935965	3.8541229	1.302846	7.6690235	1.1750671	16.031963	0.34223026	1.0376537	1.5427312	-1.7349898	16000	0.0	113.17431	1.3695523	-0.05319164	-4.1357155	-0.08597079	1.5066054	0.012083156	0.40600002	13.0	1915.8199696540833
4	141.0	0.0	0.56626505	1.0771065	9.289353	23.342903	-13.551169	3.6058166	1.3309287	6.982654	0.67781717	15.979919	0.55820787	1.1049063	2.4281614	-2.5034053	20000	7.8231096e-08	66.835754	1.5004642	-0.025169399	-8.723757	-0.0692808	1.4298147	0.01325343	0.29675	12.0	2363.9450812339783
5	94.0	0.0	0.51648355	1.1925545	8.879915	23.624043	-13.342692	3.41489	1.38867	7.48941	0.9099924	15.945055	1.2884868	2.3048267	6.0153913	-1.7818561	24000	0.0	166.54999	1.0844184	-0.039037168	-30.756523	-0.05290404	1.4115673	0.012030599	0.36275	15.0	2843.705297231674
6	118.0	0.0	0.48962656	3.5043473	9.576847	24.217241	-13.94852	3.300158	1.2585881	6.8614783	0.9170521	16.580914	1.9950576	3.1641238	7.247291	-5.3754005	28000	1.8626451e-09	70.745384	1.1812525	-0.037977397	-9.854374	-0.017548323	1.2651048	0.012033364	0.12125	19.0	3287.9570803642273
7	71.0	0.0	0.4382716	5.313121	10.28769	28.695776	-11.924171	3.2466838	1.3899624	7.069108	0.6667078	17.648148	1.5775615	4.6009874	11.398885	-4.411217	32000	2.9802322e-08	142.14763	0.89493334	-0.03808096	-22.762291	-0.030577034	1.2726192	0.012015235	0.11975	20.0	3766.286196947098
8	99.0	0.0	0.4562212	4.9037247	10.655771	27.152372	-12.953631	3.2268877	1.2021725	6.203316	0.89799166	18.414747	4.6768074	5.320564	12.4105	-7.7557983	36000	0.0	93.96258	1.0847778	-0.020451128	-14.249672	-0.021750867	1.151248	0.013308286	0.063	16.0	4224.5352871418
9	105.0	0.0	0.46666667	4.9784184	10.801584	28.791416	-11.567251	3.0874805	1.2941604	6.308799	0.8942248	17.675556	4.493486	4.025759	10.192748	-4.9464984	40000	2.9802322e-08	75.81116	1.0745914	-0.027717602	-9.1080475	-0.02529475	1.0431163	0.014966277	0.2105	9.0	4671.176313877106
10	86.0	0.0	0.39269406	5.996995	10.697707	27.13327	-12.239979	2.8262258	1.2924987	5.8682604	0.8965197	18.178082	4.911454	4.001867	10.729455	-6.3520494	44000	9.313226e-09	66.90028	1.0287725	-0.01742463	-7.521345	-0.06913474	0.93661565	0.01254335	0.1895	17.0	5110.4702343940735
11	86.0	0.0	0.39269406	7.1885524	11.365341	29.94335	-11.058685	2.8344176	1.3574858	6.3246803	0.56140804	18.19178	6.2145343	3.7173455	11.678444	-1.7811822	48000	2.2351742e-08	61.525314	0.97149956	-0.024997257	-6.133772	-0.028597921	0.83602965	0.012447175	0.124249995	14.0	5550.339798927307
12	106.0	0.0	0.46696034	6.259018	11.18283	29.402338	-12.374981	2.8556962	1.2544304	5.6467004	0.66729504	17.594713	7.2028003	3.52676	12.20976	-5.606375	52000	-1.4901161e-08	62.646416	0.96276855	-0.050994456	-3.9133701	-0.01017192	0.7021487	0.013794964	0.07975	14.0	5994.344180345535
13	87.0	0.0	0.4223301	6.519926	10.513638	29.811844	-11.871334	2.94088	1.1486466	5.7082458	0.8966441	19.281553	6.8760757	3.300548	12.430756	-5.2737784	56000	-2.2351742e-08	57.6866	0.8258996	-0.028389513	-4.6061325	-0.019110918	0.7729515	0.012353524	0.1285	7.0	6463.729557991028
14	69.0	0.0	0.36507937	6.017339	10.303802	28.952768	-11.789682	2.9480662	1.1065682	5.4134126	0.92784727	21.100529	7.459245	2.8283513	12.30221	-1.4113684	60000	5.9604645e-08	55.001785	0.7930949	-0.027318444	-5.6150265	-0.027318895	0.85961914	0.015977876	0.22	9.0	6959.58552646637
15	43.0	0.0	0.25903615	6.7456384	8.704824	25.739964	-12.132109	3.0286682	1.0204176	5.367202	1.1734718	23.873493	7.4474015	2.0189161	11.9247675	1.3907276	64000	0.0	37.582123	0.652766	-0.027773634	-3.97795	-0.02809444	0.9285712	0.014290292	0.33075	24.0	7483.193717241287
16	54.0	0.0	0.29834256	7.900291	9.862437	26.436577	-12.1866255	3.0158153	1.0869254	5.6950827	0.917745	22.066298	7.4530206	2.0939553	12.054948	1.1622329	68000	-4.4703484e-08	41.957275	0.6723907	-0.023684077	-2.2656746	-0.009142131	0.84341216	0.014658928	0.18175	7.0	7985.45681643486
17	85.0	0.0	0.42288557	6.277039	10.308123	29.30487	-11.489687	2.946839	1.134954	5.517329	0.91289574	19.865671	8.339113	2.1242206	12.914295	2.703722	72000	2.6077032e-08	46.973312	0.830429	-0.015120838	-1.2547379	-0.02170682	0.7484441	0.014539551	0.14950001	11.0	8462.154945373535
18	75.0	0.0	0.36585367	8.564468	11.0802555	32.79149	-10.68953	2.6471586	1.1925658	5.78338	0.89548546	19.390244	7.6599393	2.4930656	12.5395155	1.035307	76000	7.450581e-09	54.204975	0.9229111	-0.014153361	-4.4418907	-0.073795736	0.6321167	0.013566721	0.106	17.0	8908.305948019028
19	99.0	0.0	0.4419643	7.053988	11.708148	31.494375	-11.579211	2.8402274	1.323191	6.7678895	0.8976661	17.709822	8.754541	1.7359343	12.5519085	-0.19723171	80000	0.0	56.296326	1.0507466	-0.07409936	-5.376652	-0.071030825	0.54688185	0.017560335	0.134	13.0	9340.903423309326
20	79.0	0.0	0.37089202	8.140405	11.392463	32.14367	-11.911147	2.6800349	1.2742609	5.540983	0.5608046	18.755869	8.661342	2.7960277	13.48596	-5.448682	84000	3.4458935e-08	51.150303	0.98275137	-0.021229265	-0.5778465	-0.04256013	0.6997577	0.015227867	0.16624999	6.0	9780.101583242416
21	77.0	0.0	0.37745097	7.3261366	9.778249	27.98712	-12.904527	2.8208995	1.159778	5.5031953	0.907947	19.529411	8.952976	2.5669081	13.418607	-5.4769373	88000	-1.8626451e-08	42.823177	0.79459417	-0.03081043	-1.3124809	-0.023937196	0.82854915	0.013281247	0.1485	6.0	10243.340217351913
22	45.0	0.0	0.25139666	9.353684	9.262183	27.9114	-11.873457	2.6896884	1.1151577	5.6430035	0.9249293	22.251396	8.917479	1.9718083	12.2237015	-1.7340734	92000	-1.4901161e-08	40.240402	0.6719971	-0.045348886	-1.9684048	-0.030591905	0.9053799	0.014494797	0.14774999	14.0	10728.58573293686
23	65.0	0.0	0.32828283	9.269785	10.00333	28.809444	-10.187042	2.7354355	1.1242976	5.318683	0.6673747	20.030304	8.884916	1.6212808	11.937146	-0.03213837	96000	-7.450581e-09	41.778393	0.71155053	-0.019373987	-1.1961079	-0.006140083	0.8193446	0.013920391	0.141	8.0	11192.169237613678
24	85.0	0.0	0.4009434	7.7385855	10.95152	28.568548	-10.730277	2.7625186	1.2414355	5.6379514	0.5608229	18.754717	9.190691	1.554965	12.363696	0.04032951	100000	-2.2351742e-08	48.724293	0.8918507	-0.018177204	-2.038805	-0.03557706	0.7014804	0.012186941	0.16925	12.0	11638.550776720047
25	107.0	0.0	0.46320346	6.8048334	11.52765	29.277206	-13.040019	2.8262942	1.3328384	5.81377	0.66685236	17.264069	8.210292	2.4596534	12.520756	-6.3408656	104000	-3.7252903e-09	50.781536	0.9537702	-0.08279103	-3.6502914	-0.034174234	0.57994556	0.012530224	0.085999995	14.0	12067.678078174591
26	70.0	0.0	0.3398058	9.356122	11.055446	28.83562	-10.679554	2.701761	1.2337825	5.6779156	0.6799906	19.23301	8.720156	3.322032	13.785048	-8.047183	108000	-1.1175871e-08	48.985348	0.7808406	-0.044252105	-2.126377	-0.021326095	0.64289796	0.0153715275	0.13800001	6.0	12517.418847560883
27	65.0	0.0	0.33854166	9.082966	10.582864	27.897982	-13.29811	2.7409103	1.0837486	5.702525	0.92659676	20.8125	9.953118	2.215606	13.741287	-4.0727196	112000	-3.7252903e-09	48.539062	0.69500375	-0.036008522	-1.9411583	-0.019871444	0.73375535	0.017201541	0.183	6.0	12988.6407558918
28	49.0	0.0	0.28	9.03402	9.627486	28.237656	-10.874881	2.7429566	1.132629	5.8446307	1.1605128	22.77143	9.611293	1.8878996	12.906618	-3.727639	116000	-3.7252903e-09	42.614548	0.70813465	-0.042031985	-3.50181	-0.044582248	0.79629046	0.012215655	0.2085	16.0	13490.694911003113
29	64.0	0.0	0.34042552	9.011941	10.075485	30.016464	-11.860304	2.8445837	1.1312169	5.3310323	0.89701617	21.154255	8.735827	1.993167	11.724892	-0.6558188	120000	-2.9802322e-08	41.685093	0.66069233	-0.020320356	-0.71644783	-0.021028578	0.7016153	0.014176901	0.2225	10.0	13984.964888095856
30	68.0	0.0	0.38636363	9.16388	10.190713	28.552341	-10.227765	2.6980703	1.130849	5.259075	0.667711	19.380682	9.380601	1.9424857	14.4041	-0.43846184	124000	1.4901161e-08	69.15706	0.6746723	-0.02417662	-10.439705	-0.023634702	0.6237562	0.01385556	0.1685	14.0	14463.35149359703
31	97.0	0.0	0.43693694	7.5309114	11.577911	29.726505	-10.995725	2.7096167	1.155087	5.2464256	0.90836936	17.878378	7.928887	1.5323503	10.946383	0.7962035	128000	-1.4901161e-08	58.956696	0.8472128	-0.06756446	-2.252737	-0.031209677	0.45865184	0.013233477	0.095750004	15.0	14894.680323839188
32	63.0	0.0	0.31343284	10.697004	10.433342	28.496244	-11.288653	2.4967022	1.1218839	5.75646	0.5609424	19.78607	8.578813	1.9722165	12.397158	-2.148912	132000	1.4901161e-08	47.960613	0.7379283	-0.01789406	-3.324316	-0.04305163	0.5160295	0.013075806	0.121999994	6.0	15345.975281238556
33	66.0	0.0	0.34375	9.5001135	9.811267	27.567963	-10.505205	2.732158	1.1670142	6.28542	0.66758114	20.703125	10.179625	1.6155518	13.611718	-1.3213178	136000	8.940697e-08	41.47678	0.70909655	-0.049495295	-2.0890903	-0.03972259	0.5792529	0.015974082	0.23750001	12.0	15818.172854423523
34	54.0	0.0	0.31213874	8.738188	9.173118	27.72473	-10.285344	2.8224397	1.0007838	5.580601	0.92378604	22.982658	9.470434	1.6624013	13.09716	-0.6457378	140000	-7.4505806e-08	38.322166	0.5055966	-0.041686133	-1.793066	-0.015204996	0.6364993	0.013503684	0.17025	18.0	16334.472403287888
35	60.0	0.0	0.31914893	10.511602	10.040846	30.179636	-11.307497	2.6410968	1.0158672	5.6175222	0.92689645	21.207447	8.933426	2.1266887	12.959467	1.0579789	144000	1.21071935e-08	41.261406	0.5522052	-0.03817161	-1.8236694	-0.021886826	0.5774026	0.013199874	0.181	7.0	16807.667704343796
36	59.0	0.0	0.35329342	10.257588	10.616199	28.93622	-9.948884	2.5749695	1.0780171	5.3390646	0.90974367	19.748503	10.134583	2.1309414	14.796188	1.460485	148000	3.7252903e-09	77.13316	0.61218745	-0.045653388	-14.726892	-0.013185635	0.5511442	0.013875584	0.137	7.0	17295.236907482147
37	82.0	0.0	0.38679245	10.403307	11.252886	29.584007	-8.872355	2.5773027	1.1898749	6.245783	0.6675678	18.754717	8.482664	1.2781811	11.524743	2.0897796	152000	-7.450581e-09	57.07164	0.8391223	-0.007268019	-4.2491016	-0.039135396	0.4227615	0.012137432	0.114	8.0	17722.8273601532
38	97.0	0.0	0.41452992	7.918092	10.474415	28.759424	-10.879703	2.643006	1.3355926	5.638058	0.6677219	17.034187	9.859502	1.7927539	13.511448	-0.8330977	156000	5.5879354e-08	51.528408	1.0184777	-0.023990013	-4.4347954	-0.047852665	0.36107206	0.012922041	0.1055	13.0	18145.97441959381
39	104.0	0.0	0.44827586	7.4362426	11.882863	31.406229	-11.047057	2.7267635	1.3662658	6.113091	0.66689336	17.206896	8.444127	2.1797779	12.839577	-2.7052448	160000	0.0	57.407753	1.0459738	-0.007188529	-4.039261	-0.040323257	0.25757542	0.012869485	0.07475	34.0	18559.90657019615
40	138.0	0.0	0.54545456	5.1458426	12.101928	30.970938	-12.970216	2.8834455	1.4080384	5.989177	0.5609072	15.715415	7.6744113	3.255177	13.21416	-8.042206	164000	-5.5879354e-08	54.561394	1.0621495	-0.06626848	-8.182575	-0.05048892	0.18363377	0.01308057	0.04875	24.0	18975.0369887352
41	103.0	0.0	0.4327731	7.3725495	11.185425	31.140816	-10.889509	2.5715036	1.3679694	5.54633	0.6669518	16.693277	7.0574293	4.5475183	15.2207985	-12.0755625	168000	1.4901161e-08	49.790043	1.1297679	-0.07175455	-3.4444656	-0.07365084	0.27642703	0.015961755	0.08075	6.0	19391.651206731796
42	90.0	0.0	0.4017857	9.133977	11.35777	30.983938	-12.300186	2.611569	1.2311672	5.7365355	0.6664672	17.696428	8.7207365	3.4083316	15.167505	-10.749468	172000	7.450581e-09	51.71823	0.8591547	-0.06475221	-1.0638409	-0.0138887465	0.35130697	0.015254791	0.12125	5.0	19813.824420928955
43	64.0	0.0	0.32323232	11.899865	10.250407	30.216135	-9.956432	2.4574986	1.1305786	5.435054	0.6662422	20.010101	10.150334	2.8512554	15.688537	-6.196393	176000	-2.9802322e-08	43.839622	0.6187165	-0.067900196	-2.3793545	-0.021511793	0.41547835	0.017070012	0.1855	5.0	20253.0460896492
44	45.0	0.0	0.2542373	11.077673	9.685753	30.921665	-11.269982	2.5225616	1.0010594	5.6832156	0.92465985	22.542374	11.109373	2.2421808	15.800783	-5.73308	180000	-3.7252903e-08	47.500435	0.5862582	-0.0029810742	-5.9900494	-0.052064404	0.48424625	0.013746927	0.18325001	7.0	20727.429733514786
45	35.0	0.0	0.21084337	11.106554	8.941511	30.509415	-8.444612	2.518818	0.9500112	4.945328	1.1727424	24.012049	10.200116	1.1381954	12.980018	-0.3330855	184000	0.0	35.238018	0.436509	-0.08074581	-1.8987751	-0.0046352595	0.5483415	0.015349947	0.23449999	13.0	21223.166090726852
46	44.0	0.0	0.24858756	11.833703	9.04617	29.777544	-11.143696	2.6029577	0.9742763	5.1508684	0.6675471	22.457626	9.956383	1.3773549	12.824388	1.6592818	188000	2.9802322e-08	35.23226	0.49370533	-0.03961705	-1.792059	-0.017818004	0.45880932	0.013991691	0.18724999	6.0	21701.49650287628
47	60.0	0.0	0.30456853	11.765154	10.128498	32.88861	-9.736841	2.517863	1.1165646	6.0704207	0.90893346	20.22335	10.58599	1.3372276	13.6835165	2.60811	192000	2.9802322e-08	41.68696	0.6126592	-0.022539452	-0.3486271	-0.010270208	0.38995153	0.013816234	0.1485	9.0	22137.238721609116
48	92.0	0.0	0.40528634	9.204938	11.1983795	28.703314	-11.659205	2.5831213	1.2098712	5.631865	0.6664072	17.594713	10.526026	1.5078675	13.960168	2.1910326	196000	5.2154064e-08	56.47406	0.89047956	-0.021623157	-4.237499	-0.044187695	0.33765972	0.012877318	0.12525	17.0	22560.06867480278
49	110.0	0.0	0.46025103	7.693631	10.995325	31.250889	-10.0235815	2.605433	1.2155058	5.3908067	0.90987414	16.610878	9.359462	1.9944997	13.672269	-3.1376746	200000	-1.0430813e-07	51.193527	0.90808165	-0.10961802	-3.543604	-0.025604337	0.23655766	0.013734935	0.10175	18.0	22973.788000822067
50	79.0	0.0	0.36744186	11.154007	11.088069	30.83438	-10.563004	2.5866024	1.1848174	5.448687	0.6675706	18.534883	8.816996	2.7393377	14.196257	-5.469533	204000	7.450581e-09	52.15485	0.7981317	-0.06154488	-3.3759193	-0.009216517	0.31636265	0.01352663	0.1265	5.0	23396.280946969986
51	55.0	0.0	0.2820513	12.8543215	9.985421	31.801622	-10.543477	2.4532478	1.0564096	5.2642884	0.6665711	20.37436	10.712306	2.1758492	15.14728	-5.082678	208000	2.9802322e-08	42.560997	0.56533974	-0.06331078	-1.1059074	-0.0161542	0.37513947	0.015728975	0.1625	5.0	23837.460906267166
52	65.0	0.0	0.33854166	11.6506605	10.191973	30.011606	-8.571866	2.5814683	1.0444434	6.0437136	0.9317288	20.697916	11.332251	1.7889564	15.009489	-3.3740876	212000	5.2154064e-08	46.6252	0.5914825	-0.034868553	-2.8286743	-0.038873017	0.4377283	0.016695315	0.1715	5.0	24306.149760484695
53	40.0	0.0	0.23391813	11.170877	9.3647375	27.522284	-10.612466	2.5367005	0.98425126	5.0481186	0.9304592	23.22807	10.67215	1.7079037	14.187499	-1.6642264	216000	4.4703484e-08	38.798866	0.48436016	-0.012187734	-2.8127518	-0.010204181	0.47395074	0.012861466	0.1855	10.0	24787.29683637619
54	42.0	0.0	0.25609756	8.7959	9.34536	28.335047	-11.141865	2.6733236	0.888267	4.565819	0.9219824	24.158537	10.006702	1.4773723	13.658173	1.842389	220000	6.7055225e-08	35.868656	0.44636863	-0.067057356	-2.9397097	-0.029648423	0.51240903	0.012288662	0.19275	14.0	25304.282738685608
55	41.0	0.0	0.23837209	11.678576	9.375497	28.116713	-9.689794	2.4672248	0.9165835	4.5519814	0.9314864	23.151163	9.149428	2.2271817	13.562317	1.7287135	224000	-2.9802322e-08	37.564217	0.4474923	-0.06493169	-2.2521496	-0.017338604	0.46241555	0.01373654	0.1755	5.0	25783.503371715546
56	56.0	0.0	0.29319373	12.853881	10.24453	30.62426	-11.429902	2.4611251	1.034214	5.234432	0.6676734	20.884817	10.317972	1.8308163	14.550286	2.4448674	228000	2.0489097e-08	42.328396	0.5346323	-0.040422864	-1.9770889	-0.027841255	0.42242935	0.014625637	0.20025	8.0	26235.93656539917
57	66.0	0.0	0.32512316	12.39018	9.90222	30.690954	-8.9390955	2.4781115	1.1324322	5.3732915	0.6675556	19.581282	11.297674	1.8565723	15.12444	2.3953512	232000	1.4901161e-08	43.756172	0.71041983	-0.013274841	-1.0147209	-0.018649071	0.3494627	0.013478327	0.14275	13.0	26665.823467969894
58	65.0	0.0	0.30660376	12.153309	10.575377	34.739594	-9.412604	2.3656764	1.1546079	6.6436024	0.56089705	18.745283	11.007992	1.433599	14.449019	2.292936	236000	-2.9802322e-08	45.796814	0.705228	-0.03025058	-2.6761494	-0.013932228	0.27783588	0.014245932	0.107250005	14.0	27086.264518737793
59	103.0	0.0	0.43644068	7.854852	11.026203	32.142162	-11.366018	2.6232247	1.342012	5.855045	0.6662283	16.864407	10.736172	2.0317988	14.905553	-0.2509582	240000	7.4505806e-08	55.95096	1.0471681	-0.10113159	-9.962984	-0.08274734	0.24020976	0.01700484	0.1055	27.0	27503.38849258423
60	84.0	0.0	0.3906977	11.769563	10.88277	30.231989	-7.3678684	2.5179052	1.1849499	6.1297455	0.6673845	18.47907	8.733056	2.7267253	13.820532	-2.9541953	244000	4.749745e-08	50.591705	0.73334086	-0.1154439	-4.2260303	-0.018395275	0.28636494	0.012668109	0.13825	5.0	27930.95417189598
61	64.0	0.0	0.32160804	13.627724	9.842443	30.679815	-6.6848364	2.5117478	1.0987602	5.4944983	0.5608426	19.9799	11.027726	2.4002974	15.968536	-1.657843	248000	0.0	44.709152	0.614612	-0.07394446	-2.5232468	-0.010759711	0.34021872	0.013650998	0.1625	4.0	28362.752676725388
62	56.0	0.0	0.29787233	12.899641	9.910735	31.744978	-10.214443	2.4757638	1.0034195	4.9849	0.9126949	21.132978	11.920608	1.4764283	15.282272	1.0757436	252000	7.450581e-09	44.07824	0.551561	-0.040712334	-3.4609852	-0.015161127	0.38331977	0.015733402	0.15325001	4.0	28813.454881429672
63	51.0	0.0	0.2849162	11.347115	9.426027	30.955803	-9.34426	2.6216598	0.9445602	6.292178	0.9249602	22.251396	10.744234	1.6132758	14.48097	2.7474408	256000	-3.7252903e-08	36.686768	0.48003018	-0.01966434	-1.41259	-0.021799684	0.40957493	0.014182974	0.14925	5.0	29293.658313512802
64	51.0	0.0	0.2947977	9.810306	9.842065	27.978018	-10.873664	2.6665392	1.0441958	5.1807733	0.9088343	22.913296	10.250343	1.9392787	14.646429	0.49972266	260000	-2.9802322e-08	39.5201	0.52979374	-0.07969121	-2.2168217	-0.02221559	0.44125384	0.012976287	0.18625	15.0	29785.612241506577
65	49.0	0.0	0.273743	12.498865	9.323905	33.344738	-10.191364	2.5553257	1.0062802	6.296334	0.9129949	22.26257	9.373903	2.3583481	14.8343725	-0.031252902	264000	-8.940697e-08	38.05832	0.53454226	-0.05691454	-3.0144348	-0.0153027475	0.38963315	0.013878253	0.181	6.0	30241.16445493698
66	65.0	0.0	0.33333334	12.844962	10.111047	30.260262	-8.933176	2.477928	1.0535874	5.060558	0.56087035	20.31795	10.773548	1.7554485	15.053717	2.3140917	268000	2.2351742e-08	41.09678	0.5514021	-0.027723089	-1.2747822	-0.028360456	0.34283352	0.012841115	0.15525	9.0	30676.847321033478
67	67.0	0.0	0.32524273	12.867959	10.490916	29.907198	-9.482694	2.474768	1.0972048	5.354433	0.6675817	19.271845	11.042585	2.2621522	16.337265	-0.6566758	272000	0.0	47.0543	0.6356058	-0.0275864	-2.911234	-0.010164142	0.28746533	0.014481235	0.1275	10.0	31104.189671278
68	81.0	0.0	0.369863	12.305564	10.516083	29.00416	-8.766905	2.4966354	1.1234986	5.429484	0.6666592	18.200912	11.183699	1.8405106	15.658973	-2.6503286	276000	3.7252903e-08	46.60132	0.6962647	-0.018320262	-1.5864887	-0.015394956	0.24815327	0.013576137	0.10925	16.0	31518.728014230728
69	97.0	0.0	0.41101694	9.162953	10.402807	29.384361	-10.100888	2.4421296	1.2712613	5.694556	0.5608199	16.911016	10.813647	2.655047	16.979149	-3.4703684	280000	-4.0978193e-08	48.576427	0.9048418	-0.044620637	-5.363531	-0.03205341	0.22099763	0.014121074	0.1065	31.0	31933.84343647957
70	104.0	0.0	0.42798355	7.113084	10.641826	30.12962	-10.823729	2.5148463	1.3163764	5.7353625	0.66629076	16.366255	8.603176	3.1839385	15.112902	-2.8446782	284000	-3.9115548e-08	42.30634	0.9707713	-0.10595609	-2.8767662	-0.025235355	0.16631174	0.015546748	0.0915	26.0	32345.872062444687
71	97.0	0.0	0.4199134	9.257285	11.414689	29.5896	-9.496547	2.5798378	1.2735581	5.6562147	0.66772544	17.212122	8.452056	3.558729	15.71672	-4.181822	288000	-1.4901161e-08	46.866325	0.87118673	-0.11895625	-1.522028	-0.028229296	0.2167647	0.0126612615	0.107	5.0	32764.524891376495
72	78.0	0.0	0.3611111	12.059577	10.23424	30.087305	-9.313397	2.4703922	1.2281563	5.5930195	0.66773236	18.49074	9.739627	3.6894352	17.453623	-3.1657674	292000	2.9802322e-08	46.8883	0.79417974	-0.0992921	-3.6295033	-0.020296425	0.25589353	0.013955325	0.1275	4.0	33184.74688076973
73	65.0	0.0	0.32178217	13.892143	10.498988	33.25029	-9.935581	2.497823	1.1406382	5.5095387	0.91008896	19.628714	10.929574	2.5501242	15.97439	-1.0183805	296000	-5.9604645e-08	44.032616	0.597311	-0.12987499	-1.7417717	-0.020682871	0.29635525	0.020198286	0.176	4.0	33608.553860902786
74	57.0	0.0	0.29533678	14.029378	9.7578945	31.00945	-5.397296	2.337033	0.9851988	4.329907	0.92716444	20.647669	12.052919	2.0807214	16.912079	-1.2157915	300000	-7.4505806e-08	43.342453	0.5219958	-0.036437035	-3.0194168	-0.042615235	0.32561833	0.018687557	0.15474999	4.0	34038.22205376625
75	55.0	0.0	0.3038674	12.542647	9.926079	29.164265	-8.498605	2.607056	1.1068695	5.746121	0.9412863	21.939226	11.659846	2.1957886	16.755882	1.4006871	304000	2.9802322e-08	44.493557	0.68135154	-0.020167343	-2.3670998	-0.074825466	0.36656636	0.016435131	0.18075	8.0	34493.42133665085
76	37.0	0.0	0.22560975	10.87463	9.244504	29.342224	-7.872043	2.545536	0.916057	5.089379	0.66696703	24.158537	10.496096	2.2774386	15.544383	1.267597	308000	2.9802322e-08	35.180428	0.41529405	-0.07560851	-1.8321791	-0.014039949	0.38421804	0.013404321	0.13749999	13.0	34980.043073654175
77	45.0	0.0	0.2556818	13.075812	9.425677	30.923706	-8.801365	2.4695356	0.9988787	4.8386583	0.91135633	22.5	10.189745	2.0580842	15.331687	2.48462	312000	-7.450581e-09	37.389847	0.5092157	-0.06488775	-1.6363354	-0.029246956	0.3439759	0.014439732	0.1435	6.0	35441.0771920681
78	41.0	0.0	0.22527473	15.716963	9.454857	31.15197	-7.1271553	2.3319001	1.0430639	5.8936973	0.6669108	21.813187	11.512879	1.9932163	16.413818	2.664539	316000	-2.9802322e-08	38.188606	0.4655931	-0.057133995	-1.7129765	-0.019845143	0.3074634	0.015767083	0.1515	7.0	35879.170171260834
79	43.0	0.0	0.22994652	16.17042	9.757906	29.910856	-8.98654	2.3223176	1.0140648	5.5525136	0.6675713	21.139038	12.271781	1.997759	17.131289	2.8695285	320000	1.1175871e-08	37.038376	0.46715778	-0.019542161	-1.5014286	-0.019030422	0.26208913	0.013959093	0.11925	9.0	36310.79877614975
80	88.0	0.0	0.40552995	12.989545	9.943913	29.133316	-9.528865	2.5929916	1.1998287	6.09601	0.91014826	18.364056	13.021529	2.3431578	18.011768	0.434471	324000	-5.9604645e-08	49.509594	0.8492076	-0.029562242	-6.6649513	-0.07650861	0.23614936	0.0133874435	0.114250004	13.0	36729.90648937225
81	90.0	0.0	0.4017857	12.127601	10.278002	31.29879	-8.163572	2.507963	1.2115462	5.8054433	0.66700596	17.8125	10.874061	2.6399941	17.30497	-0.28640586	328000	-6.146729e-08	47.33725	0.803578	-0.15644494	-0.958992	-0.048791558	0.19394538	0.017602827	0.1225	25.0	37143.60941028595
82	57.0	0.0	0.28078818	15.792244	9.890175	32.695774	-9.306149	2.2658255	1.1215851	5.5694	0.66753644	19.581282	11.048248	2.186351	17.118004	-2.5204582	332000	5.9604645e-08	44.435402	0.64479434	-0.10482219	-4.004637	-0.048140258	0.23208505	0.017319294	0.14025	5.0	37558.919090509415
83	57.0	0.0	0.296875	14.845578	9.301845	30.267996	-10.066422	2.4179406	1.0728246	6.063482	0.66683155	20.729166	12.629484	2.350008	17.931765	-1.9396179	336000	0.0	35.14541	0.539755	-0.082158476	-2.2178745	-0.043229833	0.25963467	0.016447658	0.15625	5.0	37998.19911599159
84	48.0	0.0	0.26373628	13.739499	9.439156	29.529335	-7.4408307	2.4831014	0.96298105	4.8670416	0.9220901	21.824175	11.999967	2.7412267	18.042896	-1.4803908	340000	-4.4703484e-08	33.63344	0.46570465	-0.04274109	-0.740922	-0.022039726	0.29411903	0.013074698	0.131	4.0	38451.310180187225
85	38.0	0.0	0.21965317	13.059243	8.679382	27.685658	-5.1516304	2.3468766	1.0352489	6.3657265	0.92568487	23.028902	11.57971	2.9000983	17.530556	-3.827982	344000	3.7252903e-08	29.953838	0.4899122	-0.041569866	-1.3425064	-0.030666977	0.311189	0.012116721	0.15924999	6.0	38896.88206887245
86	48.0	0.0	0.27745664	9.779606	9.79463	31.280123	-11.299733	2.5446258	0.9716556	4.8274403	0.9469767	23.057804	10.687066	2.4823697	15.659577	-3.7782671	348000	-5.2154064e-08	41.48945	0.5219836	-0.04562777	-3.9847012	-0.051440924	0.3358488	0.015915094	0.17774999	8.0	39384.3437898159
87	38.0	0.0	0.2389937	8.527909	8.870206	27.585419	-10.881645	2.6214743	0.9575746	5.9157324	0.6675752	24.993711	9.499127	2.7370641	15.009705	0.97144717	352000	4.4703484e-08	34.000565	0.41680485	-0.021483094	-2.1328783	-0.0070844293	0.36756104	0.012727793	0.13525	11.0	39891.68311905861
88	43.0	0.0	0.2638037	7.091498	9.442567	24.795744	-10.606413	2.7658756	0.946076	5.124303	1.1571658	24.447853	9.007626	2.4194777	14.309718	-0.9451876	356000	3.5390258e-08	37.251682	0.5019285	-0.090058625	-2.8146572	-0.03625314	0.3827768	0.012361881	0.16624999	13.0	40406.881011009216
89	42.0	0.0	0.25609756	9.108734	9.976705	29.642456	-11.6453285	2.6472464	1.0038822	6.3575387	0.66764677	24.359756	8.347895	2.9977868	13.5277605	0.9654402	360000	2.9802322e-08	36.130287	0.46018523	-0.10801932	-2.0640402	-0.015446141	0.33122656	0.018616475	0.174	5.0	40919.51475930214
90	41.0	0.0	0.24404761	10.971789	9.798717	27.582134	-10.182073	2.5233216	1.0935452	6.506475	0.90903646	23.547619	9.595014	3.019167	15.055045	1.9164634	364000	-7.450581e-09	35.323997	0.54021215	-0.0503043	-0.8305855	-0.036467925	0.29218203	0.016242575	0.1425	5.0	41400.2796227932
91	38.0	0.0	0.22093023	12.994996	9.177347	30.433723	-10.213953	2.4188263	0.9514873	5.1090536	0.7152982	23.07558	10.283463	2.7573292	15.380651	2.3256178	368000	5.9604645e-08	34.4609	0.47309896	-0.089291275	-1.8982601	-0.033560246	0.25367016	0.017776359	0.14025	6.0	41854.04477262497
92	45.0	0.0	0.24324325	14.713419	9.443375	29.782442	-8.130595	2.4099338	0.89135325	4.2663965	0.6675117	21.551352	11.31969	2.075828	16.044626	3.5111659	372000	7.450581e-09	38.551704	0.42820925	-0.051942877	-3.3074818	-0.037764937	0.24028939	0.013024949	0.1315	6.0	42289.866946935654
93	67.0	0.0	0.33168316	14.159505	10.5425415	30.908632	-7.7235794	2.481919	1.088133	6.812725	0.9121412	19.737623	12.210731	1.852532	16.327524	4.3840156	376000	2.9802322e-08	48.31656	0.5355876	-0.028043956	-2.3665943	-0.029371917	0.20484361	0.012526507	0.1095	7.0	42713.10100889206
94	69.0	0.0	0.33173078	14.591395	9.96213	33.071537	-4.7583537	2.4660258	1.0940979	5.6811843	0.66690737	19.129808	11.922255	1.9033471	16.234753	2.730046	380000	1.3038516e-08	41.875946	0.58135307	-0.021772869	-1.8642406	-0.031534165	0.18717676	0.0125791915	0.1	11.0	43132.552035331726
95	86.0	0.0	0.38914028	12.308525	10.255179	31.340145	-10.569878	2.53614	1.2225852	5.703372	0.6675789	17.995476	11.819563	2.1400757	17.81878	0.014177043	384000	-1.8626451e-08	46.473312	0.79102445	-0.11309364	-3.3329124	-0.050422937	0.17930102	0.012001844	0.1165	23.0	43546.536662817
96	67.0	0.0	0.32843137	14.937172	9.969141	31.138737	-7.0632014	2.445642	1.07224	5.184819	0.667683	19.392157	11.180017	2.26787	16.762188	-1.5207363	388000	2.2351742e-08	44.376656	0.58826566	-0.10742319	-1.9298153	-0.031882614	0.19935942	0.013773767	0.125	5.0	43959.90660262108
97	43.0	0.0	0.2263158	16.972187	8.186093	30.793009	-2.7231	2.2989802	1.0700045	5.861121	0.6666895	21.0	12.384383	2.208558	17.416302	-1.9271989	392000	-3.3527613e-08	30.701126	0.4946421	-0.068359666	-1.4687042	-0.03360851	0.20821834	0.015665399	0.12100001	5.0	44373.97704958916
98	48.0	0.0	0.2580645	13.992352	9.333161	32.43062	-6.562521	2.3543935	0.9815761	4.2785196	0.9091779	21.5	12.969872	2.5684955	18.47005	-1.4213024	396000	-1.1175871e-08	38.811325	0.43504	-0.06586481	-3.448822	-0.019684479	0.2256515	0.015998695	0.1495	7.0	44806.24620580673
99	44.0	0.0	0.25	13.123987	9.135246	28.97347	-11.287327	2.508729	0.9324761	4.94251	0.9093174	22.65909	11.538596	2.6479325	17.589935	1.1792125	400000	-7.450581e-09	36.14975	0.42199612	-0.045923732	-2.299244	-0.022901699	0.25088513	0.013679676	0.13775	7.0	45257.131881952286
100	48.0	0.0	0.27906978	10.751429	9.87582	31.48105	-9.581228	2.5821586	0.99805576	6.0116887	0.56092966	23.081396	10.655786	2.6315434	15.92632	1.7650502	404000	1.4901161e-08	38.94584	0.4444122	-0.08347365	-2.879425	-0.027645051	0.27327234	0.01863302	0.185	11.0	45729.29285812378
101	41.0	0.0	0.24550898	9.702923	9.209042	27.43821	-11.101413	2.5763257	1.0359935	6.619008	0.91097885	23.826347	10.112484	2.8761606	15.939965	2.7277172	408000	-4.4703484e-08	29.42249	0.44447702	-0.06625961	-1.4791718	-0.02869828	0.2996323	0.017710684	0.1665	6.0	46218.81032896042
102	40.0	0.0	0.24844721	8.222374	9.410981	26.245028	-12.13761	2.6928685	1.0622518	6.547516	0.9409023	24.776398	9.531429	3.3759365	15.903666	1.6498101	412000	3.7252903e-08	35.919537	0.52465504	-0.031469986	-2.2360191	-0.034713447	0.3321382	0.01650307	0.149	6.0	46725.08640265465
103	43.0	0.0	0.27388534	6.9108653	9.944226	28.946943	-11.353232	2.8396852	1.0047008	6.470384	1.1864411	25.292994	8.726436	2.6893077	13.844758	2.4285507	416000	-5.9604645e-08	36.760944	0.4758085	-0.12567644	-0.8968191	-0.016477272	0.3652516	0.014980722	0.18475	16.0	47260.903426647186
104	29.0	0.0	0.18238993	9.467251	9.42051	27.814522	-10.943118	2.5216417	0.9228116	4.8948784	0.8964706	24.90566	8.879605	3.034893	14.049393	0.7842378	420000	6.7055225e-08	30.557316	0.35569274	-0.08291255	-1.7669649	-0.03221132	0.30788687	0.015255866	0.16225	5.0	47768.333889722824
105	35.0	0.0	0.21212122	10.903807	9.592643	26.94229	-10.416652	2.5353253	1.0262547	5.6893053	0.6676249	24.072727	9.791107	2.913865	15.428782	1.6290758	424000	-5.5879354e-09	29.37167	0.41593015	-0.13890892	-0.98808956	-0.02669479	0.28160655	0.019001355	0.1595	6.0	48252.47439622879
106	37.0	0.0	0.21264368	12.862672	9.9476795	28.533604	-10.6982765	2.3870282	0.9852983	4.619104	0.6674978	22.87931	10.560457	2.8423476	16.244642	2.1197457	428000	-1.4901161e-08	35.19991	0.37501952	-0.0704512	-0.62685204	-0.009232163	0.2323075	0.015375098	0.1155	5.0	48706.44151306152
107	31.0	0.0	0.31	12.394417	10.142867	30.635468	-7.455112	2.610939	1.0901252	6.2588897	0.9150292	21.72	10.604324	2.1388974	16.873497	-0.3669455	432000	0.0	93.826416	0.28978646	-0.074230775	-53.721443	-0.024022799	0.24084753	0.015457854	0.106	7.0	49253.735275268555
108	49.0	0.0	0.25925925	15.950461	9.528345	30.423521	-7.8656993	2.2499938	0.95239705	4.8313303	0.6674805	21.042328	8.967867	3.8258178	14.3993845	0.9076023	436000	-3.7252903e-08	58.909073	0.4292872	-0.04932959	-21.17622	-0.07999009	0.19482747	0.014969744	0.12825	8.0	49666.385836839676
109	47.0	0.0	0.24352331	16.991167	9.580881	31.260675	-7.4775887	2.2879884	0.9800053	5.178536	0.8964562	20.621761	12.667971	2.9632237	16.995235	3.1210904	440000	2.9802322e-08	40.75789	0.4474159	-0.06959867	-2.5190277	-0.0207638	0.17349891	0.015764508	0.1195	8.0	50078.40612101555
110	85.0	0.0	0.39534885	13.638236	9.761053	29.41427	-6.700447	2.6457496	1.1696311	5.8200145	0.66770023	18.493023	13.1012535	2.4268546	17.413425	3.4791832	444000	0.0	49.39003	0.7419222	-0.2102628	-6.288788	-0.14363477	0.17566584	0.016064877	0.12975	22.0	50493.26193547249
111	57.0	0.0	0.29081634	15.862076	9.285595	30.546894	-7.274711	2.3570225	1.0253587	5.334734	0.66760635	20.311224	11.434205	2.1633706	16.132685	2.2826192	448000	1.4901161e-08	37.909134	0.4954338	-0.16678402	-2.7016783	-0.06798524	0.1915198	0.020514656	0.14775	5.0	50906.10116767883
112	48.0	0.0	0.25396827	15.505221	9.425376	31.218462	-8.488086	2.3148837	1.0029179	5.0955567	0.6664129	20.94709	12.772068	2.353428	17.736279	1.3720844	452000	1.4901161e-08	36.02762	0.42819327	-0.0061258078	-1.0658398	-0.02408886	0.21414068	0.0134547865	0.1005	4.0	51328.075867176056
113	38.0	0.0	0.2122905	15.323725	9.035242	31.17556	-6.285798	2.2355728	0.9099671	4.383929	0.9085877	22.240223	12.250603	2.2888134	17.912724	0.00548641	456000	0.0	30.120419	0.37203526	-0.081758976	-0.37849045	-0.019878581	0.22286144	0.012418807	0.12725	6.0	51753.17804694176
114	43.0	0.0	0.23888889	14.288071	9.752903	29.889904	-9.879424	2.3426676	0.98036534	6.0509553	0.91091263	22.13889	12.195492	2.6368067	17.810852	1.8531088	460000	4.656613e-09	37.825146	0.3984959	-0.024744872	-1.7904282	-0.030410066	0.25690895	0.01465037	0.13275	9.0	52190.77594709396
115	38.0	0.0	0.22619048	11.80879	9.008267	28.050179	-9.289437	2.3611596	0.9303616	5.1743975	0.73695123	23.535715	11.153301	2.8269308	16.965996	0.21583128	464000	2.9802322e-08	31.42263	0.33644766	-0.048583403	-1.6293192	-0.022952393	0.2623877	0.014459925	0.13925001	12.0	52655.064569711685
116	46.0	0.0	0.27710843	9.614369	9.941395	28.119726	-12.078477	2.628627	0.9331271	4.9908514	0.934952	23.843374	10.212635	2.881526	16.596195	0.92878133	468000	2.7939677e-09	36.55861	0.41099995	-0.12767076	-1.5244465	-0.031939164	0.2885857	0.012010366	0.147	18.0	53148.42335033417
117	31.0	0.0	0.18235295	13.8760195	9.501529	29.47032	-7.912449	2.257582	0.9914416	4.823555	0.90947384	23.411764	10.530726	3.219136	17.39953	0.45202145	472000	3.7252903e-09	33.63581	0.4334997	-0.117264315	-1.8354292	-0.05982846	0.26637372	0.012951585	0.12325	6.0	53594.84684038162
118	43.0	0.0	0.23626374	14.709984	9.420298	30.610855	-6.440069	2.381402	1.0453227	5.929794	0.6676895	21.884615	11.187282	2.7896037	17.005806	2.2156703	476000	0.0	35.122498	0.4299401	-0.09509891	-0.9176779	-0.03610678	0.25328773	0.016617022	0.116500005	5.0	54032.735296964645
119	51.0	0.0	0.27272728	14.992853	9.230934	30.298702	-4.8316865	2.3566782	0.94938844	4.4729767	0.9090291	21.256685	11.8529625	2.385951	17.586033	2.7990057	480000	-5.9604645e-08	35.78484	0.37337852	-0.05212453	-2.1447449	-0.039235175	0.23045	0.015527613	0.11625	6.0	54457.781618118286
120	36.0	0.0	0.19251336	17.559563	8.919153	31.087942	-4.2964325	2.2375295	0.90822595	5.331847	0.66715217	21.213903	12.119523	2.022625	17.55021	2.2364807	484000	2.9802322e-08	33.72029	0.3772769	-0.06519059	-2.8392286	-0.028794587	0.21154824	0.013874946	0.107	7.0	54874.919090270996
121	68.0	0.0	0.32850242	15.065826	9.455168	29.168932	-6.881177	2.3698688	1.0184734	4.5824623	0.6662975	19.169083	13.476636	2.4030821	18.749905	4.2477403	488000	-1.09896064e-07	42.655487	0.47770104	-0.05968254	-4.047035	-0.042612016	0.20244436	0.013656048	0.11749999	10.0	55284.64728856087
122	90.0	0.0	0.4090909	12.879219	10.326129	31.03346	-7.69753	2.6005282	1.1467537	5.155148	0.9086613	18.054546	12.224243	1.9863693	17.71387	3.3657546	492000	0.0	48.84199	0.6966808	-0.16249913	-3.8842564	-0.0810824	0.18255769	0.013610734	0.117	18.0	55695.30477976799
123	62.0	0.0	0.30541873	15.737725	9.431754	30.762877	-5.9423532	2.3848126	1.0664269	6.7965198	0.7481325	19.551723	11.4292755	2.5160618	17.977802	-0.8150753	496000	5.9604645e-08	38.569607	0.5181096	-0.112481356	-3.4909449	-0.03384295	0.19579288	0.016601397	0.124749996	5.0	56106.63876223564
124	52.0	0.0	0.26262626	16.079937	9.24131	31.516972	-5.969974	2.3629897	1.0021039	5.0782733	0.6676815	20.040403	12.674859	2.4567266	18.641571	-1.8584884	500000	-2.9802322e-08	36.048428	0.39403608	-0.09174593	-1.0763454	-0.01664956	0.19533712	0.013233086	0.109249994	5.0	56517.302641391754
