Epoch	penalty	Crash_ratio	alpha	entropy	critic1	critic2	cost	LossPi	alpha_loss	critic1_loss	critic2_loss	cost_loss	sigma	AverageEpRet	StdEpRet	MaxEpRet	MinEpRet	AverageEpCost	StdEpCost	MaxEpCost	MinEpCost	EpLen	Buffer_size	TotalEnvInteracts	Time
1	1.0100136	0.44954127	0.95283705	1.2050477	1.0239937	1.0347183	0.23241363	-1.9715744	-0.22579196	3.3215048	3.3200107	0.13790075	2.0000203e-05	6.371228	8.670858	23.259733	-7.36725	1.1321101	1.1048999	4.1	0.0	18.091743	5998	4000.0	275.15460443496704
2	1.0301006	0.28921568	0.8661969	1.145704	1.2899508	1.2911897	0.24234577	-2.16087	-0.67711866	3.17005	3.1630762	0.10680629	2.0200201e-05	10.669645	8.337566	24.745577	-7.5695477	0.71029407	1.010941	3.0	0.0	19.661764	6998	8000.0	501.8573582172394
3	1.0503664	0.32317072	0.7846814	1.0814313	1.3770385	1.3776709	0.24057297	-2.2135465	-1.1520222	3.2284513	3.225327	0.09392287	2.0402204e-05	11.353821	9.017138	25.193731	-7.7259583	0.77256095	1.0754651	3.3	0.0	19.353659	8000	12000.0	748.6669211387634
4	1.0708709	0.24	0.71455574	0.9948043	1.4309646	1.4310945	0.24378183	-2.0640006	-1.4691322	3.2792377	3.2786455	0.08227095	2.0606221e-05	11.471497	13.484098	25.770615	-131.7204	0.58285713	0.9689127	3.2	0.0	25.44	8998	16000.0	988.0468847751617
5	1.0916135	0.25581396	0.647188	1.0124973	1.5745589	1.5743196	0.24775	-2.2263858	-2.0665102	3.2909355	3.292673	0.07142935	2.081229e-05	12.010591	16.365608	24.52304	-175.78778	0.5796511	0.9414202	2.6	0.0	25.406977	9998	20000.0	1224.2241697311401
6	1.1125349	0.23529412	0.58750194	0.8508395	1.6592151	1.6592634	0.25571537	-2.2190995	-2.2472339	3.332827	3.337812	0.06269866	2.1020413e-05	13.558224	7.3391976	25.546478	-5.1283097	0.5382353	0.92014956	3.1	0.0	19.612745	10998	24000.0	1450.0747339725494
7	1.1336353	0.24489796	0.53437626	0.7688861	1.7986118	1.798615	0.2639929	-2.3658037	-2.6711142	3.2664456	3.2721272	0.05544024	2.1230615e-05	14.100117	7.3939223	24.872292	-3.8467832	0.5841837	0.9549574	2.7	0.0	20.397959	11998	28000.0	1682.125586271286
8	1.1549742	0.22222222	0.4854098	0.69992507	1.9572198	1.9574815	0.26707435	-2.460397	-2.9748344	3.14495	3.151088	0.050358705	2.1442926e-05	14.9705	7.103989	28.047575	-1.0006691	0.50353533	0.92306995	2.7	0.0	20.227272	12998	32000.0	1909.3845562934875
9	1.1765515	0.17098446	0.4414393	0.6218369	2.175976	2.1762705	0.27378207	-2.7375205	-3.453838	3.0341654	3.040998	0.045844797	2.1657346e-05	16.013075	6.476081	24.504747	-1.065079	0.39274612	0.83910215	2.7	0.0	20.735752	13998	36000.0	2136.0723843574524
10	1.1983074	0.17435898	0.40014288	0.56475365	2.3407795	2.340521	0.27649418	-2.8020518	-3.6975071	2.879195	2.8852067	0.04220044	2.1873928e-05	16.53827	6.683446	24.662397	-2.3812885	0.3917949	0.83465594	2.6	0.0	20.512821	14998	40000.0	2360.4454786777496
11	1.2202421	0.17435898	0.36350513	0.53262025	2.5784848	2.5777545	0.27805343	-3.0347848	-4.184221	2.7711713	2.778171	0.038987197	2.2092669e-05	17.053514	6.8359175	26.41867	-2.147066	0.40102562	0.83488	2.6	0.0	20.6	15998	44000.0	2584.924349308014
12	1.2424155	0.1875	0.33002728	0.48441	2.7479763	2.7478902	0.27894104	-3.0763843	-4.3072314	2.6239862	2.6308897	0.03751016	2.2313585e-05	16.981907	7.0467744	25.384762	-0.95409906	0.43645835	0.8798816	2.5	0.0	20.666666	16998	48000.0	2809.6862301826477
13	1.2648271	0.21827412	0.29983234	0.4337381	2.9641473	2.9638345	0.27952105	-3.3112528	-4.7422624	2.515647	2.5228095	0.03612233	2.253672e-05	16.925896	7.214248	25.738457	0.82641804	0.49187818	0.9174756	2.6	0.0	20.243654	17998	52000.0	3038.6824872493744
14	1.2874773	0.18686868	0.27158922	0.39050615	3.1913774	3.191099	0.27987915	-3.518244	-5.2007284	2.4118335	2.4180572	0.034645543	2.2762097e-05	17.783567	6.9704204	26.53045	1.5771967	0.41717175	0.86568016	2.6	0.0	20.38889	18998	56000.0	3267.194283723831
15	1.3103659	0.21938775	0.24716972	0.36352742	3.3464243	3.3461528	0.27796677	-3.5334039	-5.2306066	2.2944374	2.2979555	0.033009667	2.2989716e-05	17.2818	7.367314	30.322084	-2.072926	0.49132654	0.9200578	2.6	0.0	20.362246	19998	60000.0	3493.2039527893066
16	1.3334926	0.23232323	0.22440882	0.30887946	3.5976226	3.597557	0.27821034	-3.8539052	-5.5830574	2.2315018	2.2323587	0.031968936	2.3219614e-05	17.816277	7.819055	27.698742	0.8328991	0.5277778	0.9530843	2.8	0.0	20.257576	21000	64000.0	3719.5286128520966
17	1.3568581	0.15625	0.20348734	0.29899096	3.7815597	3.782111	0.27848607	-3.9904096	-6.1336474	2.1563725	2.155225	0.031549696	2.3451808e-05	18.772837	6.6412535	27.766516	0.96171093	0.36510417	0.83384216	2.6	0.0	20.786459	21999	68000.0	3945.223567008972
18	1.3804619	0.24257426	0.18451191	0.25663644	4.011623	4.011971	0.27980396	-4.2359114	-6.5733175	2.0904741	2.0831256	0.030416066	2.368633e-05	17.90171	7.7676635	28.204346	1.5021437	0.54851484	0.95623165	2.7	0.0	19.925743	22999	72000.0	4165.349426746368
19	1.4043041	0.20408164	0.1673957	0.21533552	4.1529627	4.1529493	0.27740106	-4.2300906	-6.379128	2.045548	2.0343127	0.029737484	2.3923189e-05	18.597414	7.4540877	29.47022	0.7307462	0.46530613	0.90802574	2.6	0.0	20.239796	23998	76000.0	4388.608599901199
20	1.4283848	0.17857143	0.1520061	0.20325863	4.434628	4.4344482	0.27658674	-4.608296	-7.2129426	2.0254297	2.0092702	0.029391622	2.4162418e-05	19.048204	7.317966	29.251476	1.494898	0.4178571	0.8700443	2.7	0.0	20.44898	24998	80000.0	4615.776439189911
21	1.4527038	0.23115578	0.13795032	0.1880158	4.525173	4.5253935	0.27839777	-4.5104475	-7.1068106	1.9198924	1.901288	0.028640434	2.4404042e-05	18.34347	7.9656773	29.9419	1.7926142	0.55175877	0.9767058	2.8	0.0	20.045227	25998	84000.0	4843.050638914108
22	1.4772612	0.12631579	0.12545805	0.16455472	4.748639	4.748748	0.2760465	-4.7304597	-7.3998013	1.9017652	1.8788259	0.028180908	2.4648085e-05	20.687439	6.4131227	28.973455	2.5408666	0.29	0.7544639	2.6	0.0	20.994738	26998	88000.0	5068.508333444595
23	1.5020573	0.11578947	0.11381531	0.1470165	5.0096965	5.010152	0.27572724	-5.0788016	-7.9280148	1.8795763	1.851062	0.0277468	2.4894562e-05	20.999931	6.0850086	29.309734	2.612697	0.26736844	0.71214163	2.7	0.0	21.121052	27998	92000.0	5289.746827125549
24	1.5270915	0.1632653	0.10332258	0.13164572	5.1675653	5.1665516	0.27633882	-5.1348634	-7.9599795	1.8814368	1.8514118	0.027280206	2.5143516e-05	19.920124	7.3180733	29.656443	1.7237655	0.3821428	0.8466847	2.6	0.0	20.535715	28998	96000.0	5511.467253923416
25	1.5523642	0.11764706	0.09372643	0.124059126	5.3727045	5.3733077	0.27776396	-5.357164	-8.520944	1.8338355	1.8017638	0.027072523	2.5394946e-05	20.855837	6.5753846	30.008543	2.318869	0.27433154	0.7411395	2.9	0.0	21.160427	29998	100000.0	5732.101000070572
26	1.5778755	0.11578947	0.08500821	0.11464098	5.587272	5.586788	0.27843574	-5.570073	-8.913139	1.8359939	1.8006443	0.027049541	2.5648904e-05	20.880068	6.249468	29.476013	1.4849861	0.26894736	0.71143585	2.7	0.0	21.178947	30998	104000.0	5954.7444977760315
27	1.603625	0.19796954	0.07709541	0.11029708	5.7480197	5.7475696	0.27858916	-5.629246	-8.801945	1.7751951	1.7394503	0.02638614	2.5905381e-05	19.18893	7.892695	29.873781	-1.630825	0.46852794	0.9208936	2.7	0.0	20.360407	31998	108000.0	6178.899485111237
28	1.629613	0.15104167	0.06999826	0.10394805	6.025428	6.0249453	0.276199	-6.025853	-9.652717	1.8501014	1.8107908	0.026408445	2.6164438e-05	20.36519	7.058134	30.160713	0.446468	0.34635416	0.7901656	2.5	0.0	20.697916	32998	112000.0	6402.80961728096
29	1.6558992	0.13756613	0.06340025	0.09846432	6.1511416	6.1509523	0.27731466	-6.0524855	-9.719311	1.8075573	1.7722576	0.025835937	2.6426076e-05	20.766752	6.804691	30.303848	1.9065462	0.3253968	0.8031621	2.8	0.0	21.195766	33998	116000.0	6626.296324253082
30	1.6824832	0.14136125	0.057629813	0.090670615	6.287224	6.287146	0.2814577	-6.106904	-9.893078	1.7657374	1.7297834	0.025895728	2.6690344e-05	20.16152	6.5408297	29.848713	2.422343	0.33979058	0.81919897	2.8	0.0	21.031414	34998	120000.0	6850.699873924255
31	1.7093056	0.20103092	0.052310493	0.09073634	6.539577	6.539161	0.27989462	-6.436625	-10.381244	1.7928027	1.7548116	0.02582284	2.6957256e-05	19.200737	7.682948	28.906507	-0.58250463	0.4737113	0.9327819	2.8	0.0	20.613401	35998	124000.0	7075.812619924545
32	1.7363665	0.14814815	0.047243875	0.09108942	6.8232374	6.8222833	0.2788223	-6.8236094	-11.499083	1.9304146	1.8888527	0.026359998	2.722682e-05	20.482838	7.0054674	32.821106	2.7040122	0.34973544	0.8232484	2.8	0.0	20.984127	36998	128000.0	7300.142521619797
33	1.7637256	0.11170213	0.042827263	0.085847646	6.942711	6.943127	0.28029543	-6.8504877	-11.224977	1.8239096	1.7872385	0.025506275	2.749909e-05	20.779171	6.235659	29.08011	2.3827584	0.25904253	0.7124076	2.7	0.0	21.372341	37998	132000.0	7527.270802974701
34	1.7913826	0.101604275	0.03881359	0.08699861	7.1756377	7.176674	0.27688873	-7.141679	-11.736113	1.8999598	1.8646799	0.02533777	2.7774084e-05	21.271772	6.230187	29.406155	1.8744245	0.2449198	0.7061331	2.7	0.0	21.486631	38998	136000.0	7755.8168156147
35	1.8192779	0.13756613	0.035259273	0.08551688	7.3142815	7.3136945	0.27786842	-7.184186	-12.0859785	1.8968757	1.861657	0.02523965	2.8051825e-05	20.815512	6.6815934	30.72212	2.959683	0.31534392	0.76222146	2.8	0.0	21.11111	40000	140000.0	7979.991496324539
36	1.8474715	0.14210527	0.031966932	0.08441145	7.501713	7.500642	0.27879876	-7.3514132	-12.083828	1.9337107	1.8996837	0.02538333	2.8332337e-05	20.424097	6.613446	28.601213	2.7127895	0.32894737	0.7919689	2.8	0.0	21.010527	40998	144000.0	8204.755447626114
37	1.8759626	0.08791209	0.029068284	0.08322087	7.5056295	7.5061564	0.28538176	-7.1075683	-11.69917	1.7275834	1.6964792	0.024492428	2.8615665e-05	21.645658	5.7868347	31.034914	2.5820997	0.20439564	0.6479743	2.9	0.0	21.906593	41998	148000.0	8431.066675662994
38	1.9046926	0.12834224	0.026376747	0.08620079	7.9247355	7.9235864	0.27239656	-7.8544664	-13.584966	2.006773	1.9718468	0.025013668	2.8901819e-05	20.849491	6.6631026	31.31459	2.4006546	0.3187166	0.79175055	2.9	0.0	21.502674	42998	152000.0	8657.971571683884
39	1.9337205	0.095744684	0.023841988	0.08466876	8.047737	8.047693	0.27368414	-7.8933425	-13.581251	1.9170754	1.8838637	0.024383526	2.9190844e-05	21.304474	5.886617	30.378738	2.5264482	0.24042551	0.6977653	3.2	0.0	21.287233	43998	156000.0	8883.43341755867
40	1.9630464	0.10752688	0.021727886	0.08032053	7.9294157	7.930565	0.28302625	-7.392939	-12.084594	1.622088	1.594946	0.02343697	2.9482737e-05	20.992434	6.070141	30.930096	2.8786528	0.27365592	0.76531297	3.2	0.0	21.553764	44998	160000.0	9109.907575368881
41	1.9926704	0.09139785	0.019716414	0.081446245	8.287252	8.28713	0.27479175	-8.02114	-13.966236	1.903847	1.8750235	0.024264285	2.9777568e-05	20.938816	5.960391	30.151926	2.236525	0.23333333	0.6918626	3.3	0.0	21.413979	45998	164000.0	9342.293257951736
42	2.0225925	0.10695187	0.017816314	0.079608865	8.493836	8.495085	0.27059454	-8.251086	-14.513631	1.9856476	1.9573714	0.0245575	3.0075353e-05	20.956427	6.3858595	29.07019	1.9161582	0.24545455	0.69260275	2.9	0.0	21.481283	46998	168000.0	9569.598403215408
43	2.0527527	0.11290322	0.01614764	0.077609465	8.67398	8.673068	0.2684873	-8.407558	-14.862015	2.0140388	1.9855396	0.024370575	3.0376095e-05	20.880968	6.374876	29.09211	0.8646252	0.27849463	0.74687165	3.4	0.0	21.32258	47998	172000.0	9792.311193227768
44	2.083271	0.101604275	0.01467251	0.07984092	8.789462	8.790004	0.26796648	-8.482795	-14.906836	1.9774953	1.9504715	0.023989605	3.0679872e-05	20.792076	5.597984	29.029222	1.9281237	0.2620321	0.7639625	3.2	0.0	21.561497	48998	176000.0	10025.689853668213
45	2.1141462	0.055248618	0.013334467	0.07657949	8.844166	8.843752	0.2682702	-8.388275	-14.257982	1.85735	1.8335121	0.02379067	3.098666e-05	21.99537	4.7546954	27.855442	2.7537098	0.13646409	0.5070734	2.5	0.0	21.977901	49998	180000.0	10251.37078166008
46	2.1452603	0.05945946	0.0121071525	0.07596751	9.114901	9.115225	0.2607688	-8.8088455	-15.011854	2.0368407	2.0114172	0.024173995	3.1296535e-05	21.629705	5.1490445	30.215279	1.100022	0.14702703	0.5423715	2.9	0.0	21.72973	50998	184000.0	10475.165848255157
47	2.1767328	0.06521739	0.010949717	0.075697176	9.408618	9.409577	0.2544885	-9.281183	-16.365599	2.2304306	2.206186	0.024464529	3.1609492e-05	21.473858	4.963431	27.737497	1.5147903	0.17065217	0.61485916	3.1	0.0	21.668478	51998	188000.0	10699.988386154175
48	2.2085617	0.075675674	0.009917881	0.07599335	9.537111	9.537069	0.2510403	-9.316535	-16.847338	2.2130876	2.191587	0.023928925	3.192559e-05	21.689524	5.247816	28.776539	3.3133054	0.18540542	0.62821317	3.3	0.0	21.762161	52998	192000.0	10934.461658716202
49	2.2406292	0.038251366	0.008984568	0.07699796	9.650097	9.650487	0.24959128	-9.404116	-16.978163	2.1855118	2.1629205	0.02420758	3.2244843e-05	21.6792	4.577209	31.696608	2.9935918	0.099999994	0.46447578	3.0	0.0	21.918034	53999	196000.0	11164.653673887253
50	2.2730548	0.049723756	0.008131966	0.075604275	9.857444	9.857416	0.24407166	-9.638633	-17.440693	2.218371	2.1943772	0.023941921	3.2567285e-05	21.83172	4.907609	29.920614	0.7494004	0.12928177	0.52186877	3.4	0.0	21.834253	54998	200000.0	11389.263600587845
51	2.3058376	0.021978023	0.007400072	0.07456583	9.910892	9.911768	0.24216197	-9.593071	-17.045172	2.150839	2.1306653	0.023295049	3.289296e-05	22.251165	3.7950394	29.34418	3.259535	0.06043956	0.36940077	3.4	0.0	21.961538	55998	204000.0	11620.34701704979
52	2.338859	0.032786883	0.0067252484	0.075479686	9.9999895	10.000881	0.24067843	-9.611699	-17.258924	2.044687	2.025615	0.0229431	3.322189e-05	21.97823	4.1083784	29.266071	2.6853523	0.07923497	0.37138855	2.3	0.0	21.918034	56998	208000.0	11849.000861167908
53	2.3722386	0.043715846	0.0060981377	0.07195465	10.289578	10.288902	0.23248023	-10.061211	-18.092133	2.3148637	2.2934902	0.023838691	3.3554115e-05	21.76031	4.5294614	29.360699	2.8846538	0.10601093	0.44772273	2.4	0.0	21.852459	57998	212000.0	12076.992796182632
54	2.405975	0.038251366	0.0055068457	0.07429499	10.57657	10.575128	0.22281417	-10.512409	-19.502008	2.4422855	2.4244082	0.023726564	3.388965e-05	21.660845	4.5560527	29.085445	2.3781376	0.08743169	0.40028062	2.2	0.0	22.01093	58998	216000.0	12301.837381124496
55	2.44007	0.032786883	0.0049773008	0.07537843	10.689016	10.688817	0.21991779	-10.56876	-20.013208	2.383256	2.3674688	0.023061844	3.422855e-05	21.654392	4.356833	29.669434	1.5612534	0.085792355	0.39837828	2.7	0.0	21.644808	59998	220000.0	12530.390794754028
56	2.4745216	0.032432433	0.004528477	0.0732512	10.690842	10.691348	0.2212565	-10.396366	-19.016285	2.26035	2.246463	0.022779847	3.4570836e-05	21.443296	4.1184177	28.454721	3.6164992	0.08108108	0.36734092	2.2	0.0	21.697298	61000	224000.0	12766.207909822464
57	2.5092118	0.027472528	0.00411689	0.07428349	10.842036	10.842036	0.21532862	-10.56565	-19.773537	2.2830398	2.2746909	0.022721896	3.4916542e-05	22.047787	4.0826263	29.702707	2.0754035	0.069230765	0.3566302	2.2	0.0	22.032967	61998	228000.0	12995.96508717537
58	2.54426	0.016483517	0.0037354955	0.07171364	10.908151	10.906654	0.21326435	-10.547928	-19.407515	2.229255	2.2159183	0.022217948	3.5265708e-05	21.855358	3.647196	28.962234	4.8422356	0.045604397	0.31528363	2.6	0.0	21.912088	62998	232000.0	13226.322675943375
59	2.5796657	0.016129032	0.0033909988	0.071459256	11.199764	11.199234	0.20686269	-11.035506	-20.60202	2.472313	2.4593575	0.022415102	3.5618374e-05	21.67529	3.8857777	29.757122	0.4660936	0.050000004	0.2775178	2.2	0.0	21.553764	63998	236000.0	13452.205867767334
60	2.615429	0.027173912	0.003075551	0.06849901	11.17292	11.174334	0.20781292	-10.814377	-19.63131	2.2375484	2.2282705	0.022372328	3.5974554e-05	21.91825	4.1173058	28.649433	3.4999952	0.07445652	0.37583202	2.5	0.0	21.652174	64998	240000.0	13679.495480060577
61	2.6515496	0.010989011	0.0027952427	0.07056447	11.256535	11.258011	0.20306593	-10.863013	-20.113722	2.251436	2.2453866	0.021806551	3.633429e-05	22.60129	3.76747	29.648567	3.7105014	0.04835165	0.27729568	2.4	0.0	22.0	65998	244000.0	13907.653994083405
62	2.6880286	0.06521739	0.0025362605	0.068529986	11.393398	11.394846	0.20086896	-10.968681	-20.133934	2.2392514	2.2364326	0.021950856	3.6697642e-05	21.300367	5.280286	29.114235	-0.37603205	0.1543478	0.5454182	2.8	0.0	21.826086	66998	248000.0	14132.736963510513
63	2.7248645	0.016666668	0.00230479	0.06857035	11.488941	11.488631	0.19744994	-11.076034	-20.459301	2.2441573	2.2393038	0.021556007	3.706462e-05	22.297274	3.734298	29.808083	2.4012978	0.044444446	0.27431175	2.2	0.0	22.13889	67998	252000.0	14365.831078529358
64	2.7620585	0.027027028	0.0020826922	0.07183316	11.72949	11.731609	0.18935438	-11.487706	-22.051134	2.4037318	2.3944468	0.021338133	3.7435264e-05	21.578003	4.2059603	29.026867	3.9305012	0.0691892	0.36401945	2.3	0.0	21.643244	68998	256000.0	14604.65002822876
65	2.7997293	0.0054644807	0.0018884628	0.06674557	11.851732	11.852001	0.1874174	-11.599459	-22.218634	2.5122828	2.5036318	0.021530028	3.7809627e-05	22.252682	3.1586423	31.516493	4.0807056	0.023497269	0.18090487	2.3	0.0	21.945354	69998	260000.0	14838.343894720078
66	2.8377578	0.010989011	0.0017124007	0.06711248	11.915844	11.913092	0.18395859	-11.595785	-21.927347	2.3829827	2.373862	0.02104712	3.818771e-05	22.26812	3.38645	30.2028	2.4406137	0.029670328	0.2206357	2.1	0.0	21.93956	70998	264000.0	15068.75140285492
67	2.8761437	0.027173912	0.0015555334	0.06842291	12.102852	12.103326	0.17852364	-11.856917	-23.080572	2.4737134	2.4679635	0.020718101	3.8569593e-05	21.532665	4.436915	28.961111	-0.8184455	0.06467391	0.3426272	2.3	0.0	21.711956	71998	268000.0	15298.601107120514
68	2.914887	0.0054347827	0.0014077425	0.06742469	12.128725	12.129654	0.17780702	-11.820511	-22.764141	2.3956156	2.389773	0.02070374	3.8955288e-05	21.966887	3.4994774	29.88926	3.1747227	0.016847827	0.1651378	2.2	0.0	21.695652	72998	272000.0	15525.996507644653
69	2.9539886	0.0054054055	0.0012800207	0.06770953	12.174049	12.173139	0.17362125	-11.7533245	-22.43284	2.2429829	2.2371993	0.019884836	3.9344835e-05	21.924854	3.1981428	29.365402	8.210845	0.02	0.15309423	2.0	0.0	21.67027	73998	276000.0	15750.799666643143
70	2.9935668	0.0054644807	0.0011586372	0.06669931	12.482377	12.481017	0.16485557	-12.335703	-24.449612	2.5327559	2.5306876	0.019808479	3.9738294e-05	21.822607	3.3638241	29.180355	2.7247343	0.020765027	0.16564317	2.2	0.0	21.836065	74998	280000.0	15976.859212636948
71	3.033502	0.016216217	0.0010515063	0.06690542	12.36816	12.369619	0.16723272	-11.945399	-23.091402	2.27431	2.2682247	0.019644858	4.0135666e-05	21.794205	3.6405787	30.477068	1.0496416	0.04	0.25387803	2.0	0.0	21.783783	75999	284000.0	16213.345068454742
72	3.0737956	0.010928961	0.00095403177	0.065819226	12.653434	12.653907	0.15861513	-12.459094	-24.808739	2.5188584	2.5137963	0.019429147	4.053703e-05	22.096634	3.6474795	30.329014	2.2938197	0.030601095	0.23127864	2.4	0.0	21.693989	76998	288000.0	16453.24400806427
73	3.1145658	0.005524862	0.00086314493	0.06631551	12.59102	12.592207	0.15831345	-12.229511	-24.100258	2.340672	2.3348022	0.019268895	4.0942392e-05	22.196686	3.4782581	30.951418	-0.31570068	0.01712707	0.17896119	2.4	0.0	22.077349	77998	292000.0	16688.63166475296
74	3.1556935	0.0054945056	0.0007845352	0.06469966	12.715634	12.714933	0.15636373	-12.385879	-24.418879	2.3746586	2.370538	0.018899223	4.1351825e-05	22.73155	3.3886404	30.621336	3.324048	0.01868132	0.17409867	2.3	0.0	21.906593	78998	296000.0	16917.80491256714
75	3.1971788	0.016129032	0.0007116088	0.06358873	12.853498	12.851248	0.15208389	-12.578397	-26.019848	2.4267313	2.4178064	0.018907823	4.176534e-05	21.668177	4.0498238	30.990501	1.2452884	0.049462363	0.29842728	2.2	0.0	21.763441	79998	300000.0	17147.006932497025
76	3.2391415	0.010928961	0.0006430909	0.06446267	12.96975	12.969468	0.14695017	-12.708107	-25.832281	2.42964	2.4237106	0.018300816	4.218299e-05	21.907837	3.796782	31.749237	-2.5957022	0.031147538	0.23013966	2.3	0.0	21.819672	80998	304000.0	17375.29013299942
77	3.2815804	0.0	0.00058274413	0.06375368	13.083147	13.083995	0.14307566	-12.859793	-26.540352	2.451586	2.4473946	0.018247608	4.2604817e-05	22.470076	3.2786229	29.314005	11.424522	0.009444444	0.04434364	0.3	0.0	22.105556	81998	308000.0	17601.89686012268
78	3.3243773	0.010989011	0.00052923494	0.064249754	13.07252	13.072948	0.14437403	-12.74639	-26.130613	2.3080208	2.304355	0.017917214	4.303087e-05	22.077229	3.5507495	29.405115	5.1166153	0.029120877	0.25263074	2.7	0.0	21.895605	82998	312000.0	17828.200385808945
79	3.3675315	0.0054054055	0.00048053998	0.06304909	13.215528	13.213541	0.13894379	-12.945049	-26.842701	2.409768	2.4058297	0.0178467	4.3461183e-05	22.396513	3.2706773	29.731333	5.043377	0.016756758	0.16370796	2.2	0.0	21.778378	83998	316000.0	18067.83037161827
80	3.4111629	0.0054347827	0.00043562465	0.061297607	13.346364	13.3461895	0.13657345	-13.14926	-27.36768	2.5425503	2.5349975	0.018037932	4.3895787e-05	22.291227	3.7127464	29.46713	3.6582766	0.021195652	0.16130137	2.1	0.0	21.722826	84998	320000.0	18309.668112516403
81	3.455271	0.0	0.00039495813	0.061043665	13.440534	13.442236	0.13394025	-13.29034	-28.1054	2.5664747	2.5644493	0.017667005	4.4334753e-05	22.660341	3.0021589	29.63554	13.993254	0.0027472528	0.01941824	0.2	0.0	22.005495	85998	324000.0	18544.583602428436
82	3.499856	0.0054945056	0.0003570223	0.061873745	13.571139	13.570811	0.12988894	-13.484088	-29.263422	2.5650094	2.5599077	0.017152928	4.4778095e-05	22.539341	3.2993019	30.008799	3.1696694	0.013736262	0.16300175	2.2	0.0	21.857143	86998	328000.0	18774.567904233932
83	3.544918	0.0	0.0003243126	0.062109735	13.549592	13.548407	0.12937701	-13.280907	-28.419498	2.4259481	2.425761	0.016658604	4.5225883e-05	22.273016	3.100695	29.740248	14.007769	0.0103260875	0.060360353	0.7	0.0	21.72826	87998	332000.0	19002.889694929123
84	3.590456	0.0054644807	0.00029402028	0.06184352	13.564877	13.566197	0.13032873	-13.243665	-28.552258	2.393004	2.3853674	0.016943028	4.567814e-05	22.47024	3.635514	29.903833	2.226487	0.014754097	0.15594181	2.1	0.0	21.8306	88998	336000.0	19230.233558893204
85	3.636472	0.005376344	0.00026732267	0.06057731	13.7120695	13.71032	0.12420131	-13.498127	-29.502926	2.459607	2.455877	0.016642317	4.613492e-05	22.336327	3.09747	28.106049	1.1753659	0.013978494	0.1478094	2.0	0.0	21.623655	89998	340000.0	19457.66834807396
86	3.6828444	0.0	0.00024170491	0.06076411	13.800989	13.801264	0.12053733	-13.597486	-30.064896	2.411723	2.409955	0.016100736	4.6596273e-05	22.104553	2.830779	27.15162	13.429114	0.0027173914	0.019314518	0.2	0.0	21.755434	90998	344000.0	19685.86428976059
87	3.7295754	0.010989011	0.00021962225	0.059595194	13.935158	13.934379	0.1181473	-13.797611	-31.252771	2.5210073	2.5167124	0.015893247	4.7062233e-05	21.752733	3.5413082	28.757364	0.6763033	0.026923077	0.23083788	2.4	0.0	21.945055	91998	348000.0	19918.465087890625
88	3.776783	0.005524862	0.00019951924	0.06217003	13.75708	13.756041	0.1215968	-13.370182	-28.864355	2.1812994	2.1759908	0.015431159	4.753285e-05	22.32868	3.453386	29.161812	3.7588851	0.015469613	0.16447951	2.2	0.0	22.121548	92998	352000.0	20158.838421344757
89	3.8244674	0.0054347827	0.00018102328	0.061256852	13.891721	13.890302	0.11844443	-13.558616	-29.394596	2.2645762	2.2570875	0.015267904	4.800818e-05	22.389307	3.2091138	29.282215	1.481859	0.015760869	0.15611264	2.1	0.0	21.679348	93998	356000.0	20397.141609430313
90	3.8726287	0.010928961	0.00016447861	0.05951687	13.883907	13.883127	0.118081115	-13.515844	-29.485153	2.2703714	2.2641542	0.015541426	4.8488262e-05	22.275806	3.8251998	30.203289	1.4327596	0.027322402	0.21454476	2.1	0.0	21.852459	95000	360000.0	20629.182723283768
91	3.9212668	0.0	0.00014930156	0.05976403	14.008842	14.008393	0.115349196	-13.712566	-31.588823	2.314939	2.3126712	0.01527989	4.897315e-05	22.39912	2.961407	28.422735	15.021657	0.0022099449	0.020907057	0.2	0.0	22.198895	95998	364000.0	20859.43222308159
92	3.970382	0.0	0.00013524189	0.058611892	14.068982	14.0681305	0.113403596	-13.788074	-30.596724	2.2884567	2.284818	0.015079795	4.9462862e-05	22.474604	3.067058	29.807442	13.905283	0.002762431	0.026657097	0.3	0.0	22.044199	96998	368000.0	21085.55462694168
93	4.020091	0.016483517	0.000122464	0.059420425	14.198779	14.1998625	0.11071121	-13.999104	-32.067684	2.3574688	2.3567202	0.014786477	4.9957514e-05	21.852066	3.5895321	28.366983	4.6825438	0.03846154	0.25560498	2.0	0.0	22.054945	97998	372000.0	21313.811456918716
94	4.0703754	0.0	0.0001110941	0.05859427	14.168572	14.167747	0.11040413	-13.876018	-31.723558	2.2773712	2.2752104	0.014440894	5.0457074e-05	22.06949	3.4928823	29.328417	0.6515581	0.013586956	0.14773713	2.0	0.0	21.684782	98998	376000.0	21543.532747268677
95	4.1211586	0.0054347827	0.00010087358	0.058164038	14.121161	14.122697	0.110729285	-13.723242	-31.361681	2.079438	2.0790021	0.014218744	5.096165e-05	22.339802	3.4178813	30.067972	2.464159	0.013586956	0.16245455	2.2	0.0	21.701086	100000	380000.0	21775.786234617233
96	4.17242	0.0054054055	9.142445e-05	0.059397604	14.307502	14.307334	0.105311	-14.07116	-33.3421	2.3202975	2.3216712	0.014075452	5.1471274e-05	21.996546	3.4869761	29.498852	7.394309	0.014594594	0.14796993	2.0	0.0	21.681082	100998	384000.0	22014.655346393585
97	4.2241573	0.011049724	8.2778824e-05	0.059375495	14.33961	14.340869	0.104447074	-14.066914	-33.463665	2.287229	2.2894478	0.014018182	5.198597e-05	22.249512	3.7902317	31.081778	-1.4834301	0.026519338	0.2414586	2.5	0.0	21.983425	101998	388000.0	22252.899936914444
98	4.276371	0.0	7.502003e-05	0.057968788	14.370016	14.371705	0.10344548	-14.120826	-33.794437	2.2404249	2.2391963	0.01379754	5.2505828e-05	22.47647	3.0722432	29.522335	13.723322	0.0032786888	0.02314516	0.2	0.0	21.857924	102998	392000.0	22486.408349514008
99	4.3290625	0.010928961	6.8179426e-05	0.05796656	14.43318	14.433189	0.102488376	-14.176743	-33.417484	2.2608402	2.26223	0.013556589	5.3030908e-05	22.356451	3.968147	29.894257	0.8419975	0.035519123	0.27139717	2.3	0.0	21.978142	103998	396000.0	22718.12970685959
100	4.382231	0.0	6.173312e-05	0.05751774	14.558324	14.55614	0.09840949	-14.401529	-34.9714	2.3418293	2.342416	0.013939637	5.35612e-05	22.680277	2.933874	29.239311	13.630968	0.0027472528	0.01941824	0.2	0.0	21.879122	104998	400000.0	22945.763603448868
101	4.435876	0.0	5.6125195e-05	0.057334222	14.355082	14.356201	0.10436659	-13.888953	-31.887308	2.0745864	2.0723732	0.013203951	5.4096818e-05	22.376417	3.4221103	30.70562	12.29066	0.0038043477	0.026306821	0.3	0.0	21.815218	105999	404000.0	23173.08708500862
102	4.4902363	0.010928961	5.100895e-05	0.058366768	14.41221	14.412153	0.10344449	-13.982425	-33.19429	2.0668747	2.0725272	0.01340885	5.4637792e-05	22.361322	3.1865628	29.258434	5.8735037	0.022950819	0.21327023	2.1	0.0	21.825136	106998	408000.0	23403.82495713234
103	4.5452766	0.0	4.6196492e-05	0.05853316	14.529237	14.531084	0.09896067	-14.220104	-35.528996	2.1898594	2.1886714	0.013244227	5.5184155e-05	22.231983	3.0639243	29.644737	2.6040845	0.012087912	0.14812763	2.0	0.0	21.978022	107998	412000.0	23636.36485004425
104	4.6008096	0.0054644807	4.18322e-05	0.05630156	14.590951	14.591447	0.09695698	-14.327668	-35.609158	2.199745	2.2040293	0.012863523	5.5736014e-05	22.887167	3.0688484	30.390253	10.198204	0.01420765	0.1490051	2.0	0.0	21.808743	108998	416000.0	23871.75774383545
105	4.656838	0.0	3.7864254e-05	0.055521797	14.71985	14.718182	0.09520412	-14.539363	-36.968464	2.2532177	2.2550328	0.012882568	5.6293364e-05	22.836332	2.918079	31.231173	14.484383	0.0054644807	0.027113963	0.2	0.0	21.972677	109999	420000.0	24113.485425949097
106	4.7133007	0.010989011	3.432975e-05	0.056650627	14.588907	14.589591	0.09830677	-14.185872	-35.2759	2.0722284	2.0749795	0.012772512	5.6856297e-05	22.420177	3.741403	29.157112	-0.2972577	0.025274727	0.2196868	2.2	0.0	21.824175	110998	424000.0	24353.566425800323
107	4.770261	0.010869565	3.122067e-05	0.056854162	14.647787	14.646902	0.095084935	-14.271492	-35.34612	2.0655904	2.0640845	0.012602301	5.7424873e-05	22.225325	3.6449785	29.78664	2.507186	0.024456521	0.23335858	2.3	0.0	21.97826	112000	428000.0	24587.06081676483
108	4.8279405	0.0054945056	2.8307531e-05	0.054400906	14.785954	14.786912	0.091894165	-14.536457	-36.955128	2.1762793	2.1816752	0.012379711	5.7999103e-05	22.249268	3.3516455	28.694536	1.1949503	0.012087912	0.1484981	2.0	0.0	21.835165	112998	432000.0	24818.323217391968
109	4.886314	0.0054644807	2.5707379e-05	0.056441262	14.740048	14.739224	0.094195634	-14.425792	-36.532715	2.0970771	2.0982602	0.012827188	5.8579095e-05	22.286509	3.3963666	30.965694	5.7436013	0.013661202	0.1628947	2.2	0.0	21.863388	113999	436000.0	25046.8347325325
110	4.945151	0.0054644807	2.3306444e-05	0.054001015	14.809207	14.811738	0.0915427	-14.550391	-36.57577	2.174799	2.175044	0.012331443	5.9164893e-05	22.216639	3.503482	29.923485	-1.1354527	0.019672131	0.19654363	2.6	0.0	21.819672	114998	440000.0	25276.089511871338
111	5.0044785	0.010810811	2.1145317e-05	0.054717727	14.859792	14.861735	0.08944209	-14.653937	-38.811577	2.1294436	2.1335273	0.012257969	5.9756538e-05	22.158615	3.665916	29.877792	-1.690031	0.026486486	0.22969094	2.4	0.0	21.762161	115999	444000.0	25507.172767162323
112	5.0645466	0.0	1.9112984e-05	0.0554526	14.855951	14.857241	0.089567974	-14.5972185	-39.177795	2.1188648	2.1191912	0.011989528	6.0354098e-05	22.528246	3.4281363	29.329142	0.97292423	0.011475409	0.14758345	2.0	0.0	21.73224	116998	448000.0	25739.38334465027
113	5.125299	0.010752688	1.7356824e-05	0.054480232	14.802524	14.801378	0.09067744	-14.43368	-37.318813	2.0355325	2.038696	0.012219507	6.095765e-05	22.685163	3.408084	29.104265	1.6696486	0.023655914	0.20811383	2.0	0.0	21.607527	118000	452000.0	25973.21302342415
114	5.1865263	0.0054644807	1.5737329e-05	0.053060226	14.982966	14.984508	0.08557041	-14.796303	-40.122982	2.1695976	2.1766846	0.0117033785	6.156721e-05	22.634163	2.9404793	30.760399	9.874096	0.012021858	0.14809449	2.0	0.0	21.836065	118998	456000.0	26215.506854772568
115	5.248263	0.0	1.427871e-05	0.054095525	14.907828	14.908145	0.086409375	-14.582857	-39.376373	2.025819	2.0301466	0.01169184	6.2182895e-05	22.556139	2.7004652	28.542433	15.455464	0.0010928962	0.010396887	0.1	0.0	21.90164	119998	460000.0	26453.356590986252
116	5.310683	0.0	1.2949406e-05	0.053064242	15.005852	15.006401	0.0845036	-14.778287	-40.83914	2.1149795	2.1169684	0.011681968	6.280471e-05	22.998035	3.0480025	29.840862	13.652146	0.0	0.0	0.0	0.0	22.044199	120998	464000.0	26687.067008972168
117	5.3738427	0.011049724	1.1723708e-05	0.051891554	15.018534	15.016469	0.08286349	-14.769099	-39.759754	2.0536518	2.0600538	0.0113390675	6.343277e-05	22.60534	3.458242	29.451542	3.515437	0.022099448	0.20907055	2.0	0.0	21.939226	121998	468000.0	26919.81480526924
118	5.4374733	0.0	1.0631861e-05	0.05070092	15.131176	15.132086	0.080852725	-14.99478	-42.954838	2.152108	2.1573026	0.011542183	6.406709e-05	22.933256	3.0273085	30.167253	12.3436365	0.0005494506	0.0073921005	0.1	0.0	22.076923	122998	472000.0	27149.20716238022
119	5.5017424	0.0	9.642015e-06	0.05116987	15.082734	15.08473	0.08134983	-14.852289	-41.596783	2.0404153	2.044332	0.011288321	6.470777e-05	22.619541	3.0799417	31.535376	14.215799	0.0021857924	0.01797474	0.2	0.0	21.885246	123998	476000.0	27382.70779299736
120	5.566683	0.0	8.740039e-06	0.05202694	15.075173	15.0772915	0.08264917	-14.765684	-40.78939	1.9735714	1.9755971	0.011080213	6.5354834e-05	22.662622	2.8751738	29.981403	15.263787	0.0010928962	0.014743977	0.2	0.0	21.868853	124998	480000.0	27617.572573900223
121	5.6321554	0.0054644807	7.981675e-06	0.054510623	14.811844	14.811645	0.08792847	-14.193148	-37.325478	1.6795763	1.6810867	0.010811258	6.600839e-05	22.416422	3.4374845	29.28689	-2.9517074	0.015300546	0.16623703	2.2	0.0	21.786884	125998	484000.0	27846.03245782852
122	5.698412	0.0	7.2421626e-06	0.05161281	15.040136	15.041051	0.082270585	-14.676328	-40.56434	1.9293845	1.9332017	0.010924891	6.666848e-05	22.999966	2.9616814	28.792353	15.810695	0.0	0.0	0.0	0.0	21.956043	126998	488000.0	28079.114020347595
123	5.765381	0.0054054055	6.563786e-06	0.05446729	14.888579	14.888698	0.08589302	-14.338565	-38.84209	1.7518115	1.7586479	0.010728301	6.7335175e-05	22.733362	3.2362397	29.715221	2.8727176	0.014054054	0.17619796	2.4	0.0	21.745947	127998	492000.0	28318.584177732468
124	5.8330503	0.010928961	5.95112e-06	0.05287713	15.017957	15.016472	0.082692966	-14.589055	-40.942616	1.7990233	1.8044199	0.010658622	6.800853e-05	22.128563	3.8334823	30.824036	-1.5683086	0.024043715	0.21366188	2.1	0.0	21.748634	128998	496000.0	28547.586526870728
125	5.9012313	0.005524862	5.3789627e-06	0.051908225	15.210492	15.206977	0.077502936	-15.029165	-45.22835	1.9986342	2.0056965	0.010737175	6.868859e-05	22.238756	3.6064892	30.873255	0.62931573	0.01712707	0.18770061	2.5	0.0	22.099447	129998	500000.0	28741.26201748848
