Epoch	Crash_ratio	alpha	entropy	critic1	critic2	LossPi	alpha_loss	critic1_loss	critic2_loss	AverageEpRet	StdEpRet	MaxEpRet	MinEpRet	AverageEpCost	StdEpCost	MaxEpCost	MinEpCost	EpLen	Buffer_size	TotalEnvInteracts	Time
1	0.5619469	0.95172036	1.5882773	0.5920824	0.5986985	-2.1267154	-0.3284031	1.4466616	1.4364413	-2.7036939	9.891489	20.528267	-25.866198	4.4897103	1.5233109	10.435618	0.9275146	17.473452	5998	4000.0	282.37452244758606
2	0.36363637	0.86137927	1.5413991	0.9968454	0.99687344	-2.401578	-0.9783353	1.8123474	1.8132513	2.6867805	9.198139	18.70008	-18.489756	4.079029	1.2390841	8.799118	1.1417692	19.034966	6998	8000.0	511.33941411972046
3	0.3292683	0.77988267	1.4650987	1.4990969	1.4985268	-2.8026133	-1.6091291	2.0170965	2.0204225	4.14774	28.680416	24.901152	-242.37514	3.6718526	1.4781033	8.20896	0.5	32.292683	7998	12000.0	733.216413974762
4	0.335	0.70643896	1.36375	2.115155	2.1144629	-3.328931	-2.2133098	2.4259715	2.430209	9.585825	8.832965	23.23931	-16.115698	3.4242437	1.2029369	8.629988	1.1910794	19.925	8998	16000.0	947.6915044784546
5	0.315	0.6401496	1.2504199	2.8069777	2.8062916	-3.9518285	-2.7899287	2.70525	2.7045443	11.228599	9.377343	26.779823	-8.124579	3.2539804	1.3090136	7.335191	0.9146153	20.15	9998	20000.0	1157.8776769638062
6	0.2994924	0.58010656	1.1659018	3.5228844	3.5221128	-4.5863304	-3.359627	2.9551566	2.9475358	12.392624	9.505935	27.884851	-7.8138003	3.0631385	1.3062544	6.63306	0.6681488	20.253807	11000	24000.0	1365.7451717853546
7	0.26288658	0.52559596	1.0970428	4.2417073	4.2408166	-5.225719	-3.9238124	3.1420107	3.1214092	14.162311	9.20325	27.655714	-4.0614944	2.8667402	1.1991585	7.1518426	0.9039171	20.484535	11998	28000.0	1572.5521459579468
8	0.2914573	0.4761645	1.0194602	4.959428	4.9588366	-5.8744082	-4.468228	3.308083	3.267526	13.810169	9.30222	28.210695	-5.516684	2.9679005	1.2878625	7.7480927	0.667056	20.311558	12998	32000.0	1781.0617554187775
9	0.17741935	0.43139625	0.9508895	5.6105556	5.60963	-6.461508	-5.0051527	3.453814	3.3811395	16.146513	8.898537	31.559502	-4.9996257	2.7497685	1.2564416	6.5098658	0.90959615	21.290323	13998	36000.0	1990.605319261551
10	0.2741117	0.39077926	0.8900244	6.261117	6.26106	-7.042936	-5.536349	3.5532303	3.4479337	15.042894	9.616593	28.445097	-6.335313	2.7756124	1.2436756	6.640428	0.9098337	20.345179	14998	40000.0	2196.0082631111145
11	0.26020408	0.35394946	0.8357627	6.7831492	6.7818613	-7.509819	-6.062857	3.637793	3.4943514	15.29414	9.385912	27.66732	-3.963685	2.7552853	1.2244439	5.8277555	0.9100612	20.530613	15999	44000.0	2402.100087404251
12	0.25	0.320615	0.76784235	7.2776465	7.276124	-7.945422	-6.5630302	3.7163265	3.534842	16.074804	9.471423	29.594965	-5.129793	2.6117718	1.2565396	5.8550296	0.6672028	20.848959	17000	48000.0	2604.8537878990173
13	0.23684211	0.2904262	0.6957421	7.7088933	7.7076263	-8.338476	-7.0439305	3.7460244	3.531218	15.887568	9.283269	29.483332	-7.0000916	2.553143	1.2906122	7.295901	0.90912896	20.83158	17998	52000.0	2809.9139256477356
14	0.26666668	0.2630892	0.64320046	8.095996	8.095183	-8.670904	-7.5370564	3.7926674	3.5461192	15.996278	9.467045	28.376081	-3.4385824	2.5520558	1.2750891	5.625703	0.6676976	20.635897	18998	56000.0	3011.617432117462
15	0.2670157	0.23830512	0.57984227	8.435656	8.433288	-8.987881	-8.004489	3.7419877	3.4745865	16.182596	10.115598	31.004065	-4.5821605	2.6185613	1.3690519	7.0135713	0.91582227	20.926702	19998	60000.0	3215.2999579906464
16	0.22994652	0.21586479	0.51961386	8.730899	8.729557	-9.252724	-8.4640875	3.782074	3.5099225	16.827166	9.831011	31.416557	-3.3919847	2.4284866	1.3201259	6.687292	0.91341305	21.320856	21000	64000.0	3419.4080345630646
17	0.2	0.19551957	0.47088286	9.012509	9.011337	-9.517084	-8.930972	3.7447462	3.4908617	16.954578	9.470754	30.525496	-5.514458	2.4381578	1.3287991	6.337165	0.9097043	21.697298	21998	68000.0	3621.95312166214
18	0.2287234	0.17706653	0.4324677	9.263385	9.260819	-9.741662	-9.406813	3.7257192	3.489718	16.195562	9.186024	29.785505	-4.034784	2.449827	1.2933581	6.3123546	0.9089746	21.30851	22998	72000.0	3825.215782880783
19	0.17741935	0.16033716	0.39639056	9.491338	9.491815	-9.961588	-9.879894	3.7115479	3.5062075	17.532028	8.790056	29.228043	-3.7200406	2.2765265	1.1973082	5.5964174	0.91775817	21.510754	23998	76000.0	4030.3143479824066
20	0.16042781	0.14517584	0.36618936	9.7173395	9.717937	-10.174737	-10.357712	3.694495	3.515185	18.037931	8.604799	29.177177	-6.374206	2.2326546	1.1636845	5.7683806	0.9089929	21.320856	24998	80000.0	4242.376273155212
21	0.17894737	0.13143522	0.34195963	9.998982	9.998197	-10.413062	-10.842223	3.63492	3.4679625	17.46981	8.713102	29.645798	-5.5512457	2.2326066	1.1390837	5.479865	0.9098185	21.131578	25000	84000.0	4454.232657670975
22	0.122994654	0.118981555	0.31961372	10.370203	10.369903	-10.731919	-11.326262	3.535724	3.3787658	18.477024	7.463152	29.776545	-4.7642307	2.0790076	0.96446186	5.2497473	0.66757846	21.229946	25000	88000.0	4656.446982622147
23	0.08791209	0.107713744	0.29005402	10.746744	10.74471	-11.073045	-11.789712	3.483162	3.3449175	18.97731	7.505492	30.608324	-6.63625	2.0207393	1.079805	6.753946	0.6677562	21.989012	25000	92000.0	4862.88680434227
24	0.07027027	0.09751235	0.2647165	11.077274	11.077322	-11.381066	-12.257069	3.5455894	3.421936	18.84657	6.723338	28.550798	-4.5641127	2.013397	0.9334929	5.076036	0.89104646	21.58919	25000	96000.0	5064.6748995780945
25	0.044444446	0.08827055	0.24847288	11.429791	11.427401	-11.723107	-12.741899	3.6761107	3.5644784	19.179571	6.669739	30.600937	-5.7461376	1.9244281	0.82845896	5.379523	0.89639413	22.222221	25000	100000.0	5267.407697200775
26	0.04945055	0.0798956	0.24051489	11.847507	11.846495	-12.10735	-13.245136	3.5209925	3.427211	19.502222	6.772791	28.959572	-5.333124	1.8299956	0.823103	5.9573226	0.66578436	22.142857	25000	104000.0	5470.1482808589935
27	0.033333335	0.07228907	0.27342469	12.278028	12.278262	-12.481444	-13.856202	3.2205987	3.1478608	20.08365	6.149531	29.729395	-5.476371	1.8574982	0.78371936	5.9291854	0.9113234	22.127777	25000	108000.0	5674.929843187332
28	0.005586592	0.065374486	0.30909905	12.650361	12.648748	-12.835887	-14.483095	3.0253692	2.9652293	20.721777	4.425017	30.418625	-2.8442647	1.7135974	0.5420134	4.2757597	0.90854037	22.525139	25000	112000.0	5881.573765277863
29	0.022857143	0.059166927	0.2346401	12.96444	12.962434	-13.153756	-14.802345	2.8564873	2.8120267	19.954865	5.1552205	30.206846	-6.2678084	1.7835068	0.72720003	5.680449	0.90863115	22.731428	25000	116000.0	6090.989488601685
30	0.05172414	0.053563133	0.22752777	13.263451	13.263759	-13.447574	-15.302386	2.7066257	2.671996	18.802769	6.462228	28.64586	-8.244279	1.909581	0.96030056	6.2451224	0.9085499	22.827587	25000	120000.0	6306.5738780498505
31	0.0058139535	0.04847239	0.24764663	13.52328	13.523723	-13.6877575	-15.88578	2.5353417	2.509274	19.932638	4.6983733	29.657305	-5.4141293	1.8153777	0.71305174	5.3487163	0.89174676	23.302326	25000	124000.0	6519.647748708725
32	0.0058139535	0.043852773	0.25517157	13.749488	13.748056	-13.9126425	-16.434793	2.4575176	2.436501	19.944803	4.1874146	29.82921	0.8257149	1.7793682	0.66344714	6.843996	0.8107469	23.436047	25000	128000.0	6734.265303134918
33	0.0	0.039666396	0.2940392	13.946729	13.947524	-14.096459	-17.087683	2.3028831	2.289998	20.542751	4.3545594	29.998617	-2.0712225	1.7651379	0.5124809	3.5086775	0.92462885	23.17341	25000	132000.0	6946.054830789566
34	0.01754386	0.03587517	0.31095046	14.123238	14.12333	-14.256071	-17.675726	2.2229388	2.210507	19.677538	5.0506735	30.199781	-3.939166	1.7910547	0.70000017	4.737824	0.6795821	23.22807	25000	136000.0	7157.996983528137
35	0.011627907	0.032454	0.31035212	14.268414	14.268505	-14.392371	-18.206028	2.1337976	2.129117	20.866835	4.6249948	28.661823	-4.372122	1.788774	0.67747355	5.9554243	0.6737809	23.348837	25000	140000.0	7365.411563158035
36	0.011560693	0.02935918	0.32858536	14.383018	14.383698	-14.490305	-18.802504	2.0073035	2.001935	21.386354	4.697945	30.31408	-8.111521	1.8012247	0.63230276	5.030103	0.9246356	22.97688	25000	144000.0	7574.329695701599
37	0.0056818184	0.026565067	0.2891936	14.507108	14.507568	-14.600461	-19.191452	1.9143023	1.9085168	21.696945	4.086201	29.622583	-0.60441893	1.6986996	0.57920176	3.9577653	0.79722863	22.84091	25000	148000.0	7783.207736730576
38	0.0	0.024055459	0.22393571	14.612497	14.612951	-14.703854	-19.473171	1.8281755	1.8260185	21.392004	4.1440043	30.324324	6.5608153	1.8090028	0.63430536	4.390212	0.8500035	22.98276	25000	152000.0	7988.908269405365
39	0.011235955	0.021786042	0.18839704	14.740026	14.7411175	-14.824096	-19.855326	1.750184	1.7496965	21.597105	4.254491	28.86879	-3.932846	1.8919542	0.6824553	4.848595	0.6677637	22.488764	25000	156000.0	8192.750930786133
40	0.0	0.019724095	0.17297256	14.906923	14.9073105	-14.9844475	-20.310644	1.655683	1.6547363	21.814165	3.5829785	28.273924	9.811875	1.7570366	0.54313254	3.6658769	0.6677649	22.449438	25000	160000.0	8398.818889856339
41	0.0056497175	0.01785387	0.16207533	15.064058	15.06386	-15.136668	-20.782196	1.5768758	1.5796118	21.581516	4.333565	28.538927	-4.8645716	1.8957642	0.7593548	5.60295	0.92241675	22.514124	25000	164000.0	8601.7623462677
42	0.0056497175	0.016158538	0.15870379	15.225084	15.224706	-15.29584	-21.283382	1.4969685	1.4977769	21.94054	3.5501206	29.814384	1.3168385	1.8120452	0.61417484	3.621486	0.91020316	22.59887	25000	168000.0	8806.3196747303
43	0.011111111	0.014622951	0.15056756	15.371163	15.373278	-15.432035	-21.764044	1.4191473	1.4165876	21.557112	4.0530195	28.890741	-0.99369913	1.7958326	0.608633	4.1349955	0.90969837	22.177778	25000	172000.0	9008.982666254044
44	0.0	0.013233589	0.14464904	15.51983	15.5206995	-15.577316	-22.252697	1.3217437	1.3172803	21.836649	3.5791876	28.242012	9.932217	1.897414	0.65361506	4.3536406	0.9088544	22.505617	25000	176000.0	9212.748104095459
45	0.0	0.011975354	0.14347595	15.675994	15.677405	-15.726184	-22.761503	1.2495217	1.2411343	22.09648	3.4189808	29.252724	11.103012	1.9078479	0.6719993	3.8530867	0.9084644	22.761364	25000	180000.0	9417.57278084755
46	0.011173184	0.010836437	0.13978933	15.814939	15.813615	-15.853637	-23.258837	1.1760103	1.1626426	21.76792	4.001902	28.50591	-3.6180553	1.9204504	0.66743445	4.4987025	0.79168135	22.290503	25000	184000.0	9622.97441148758
47	0.011111111	0.009805814	0.13587762	15.924521	15.92579	-15.951459	-23.75441	1.1161307	1.1018803	21.713715	4.328896	29.627254	-0.38898027	1.8705349	0.7042336	4.2481475	0.6563211	22.333334	25000	188000.0	9829.743084192276
48	0.0	0.008873327	0.13166378	16.001278	16.000467	-16.02262	-24.247702	1.0741793	1.0556691	21.683367	3.3414488	31.324604	13.542323	1.9323975	0.67868835	3.9270103	0.9054511	22.463276	25000	192000.0	10034.60724568367
49	0.016666668	0.008029466	0.12869325	16.08731	16.087866	-16.099184	-24.746183	1.0085651	0.9885106	20.969482	4.6360908	30.249203	-2.4677467	1.9971498	0.7430187	4.090887	0.79652613	22.316668	25000	196000.0	10241.603061199188
50	0.0	0.007265744	0.12582637	16.15572	16.154003	-16.156809	-25.24465	0.9668148	0.94544077	21.685783	3.6270564	30.102722	11.006533	2.025215	0.7473208	4.223976	0.83817005	22.385475	25000	200000.0	10446.15800499916
51	0.011111111	0.00657459	0.12433936	16.213932	16.213007	-16.209032	-25.749546	0.9327432	0.9096402	21.6624	4.0535135	28.376883	-0.28504223	1.8657362	0.6663792	4.902499	0.9092395	22.35	25000	204000.0	10651.636032104492
52	0.016759777	0.005949107	0.12155418	16.268017	16.26793	-16.258142	-26.247566	0.8939971	0.87340146	21.922686	4.4816666	29.733984	-5.794565	1.8324045	0.74774766	6.053963	0.90996957	22.22905	25000	208000.0	10859.189765930176
53	0.005524862	0.0053834277	0.11457235	16.323751	16.324476	-16.309689	-26.722847	0.8716719	0.84746486	21.864288	4.042887	29.674404	-2.4571707	1.9299202	0.73697376	6.0438504	0.92161727	22.143646	25000	212000.0	11064.052112817764
54	0.0	0.004871395	0.114220746	16.338753	16.33891	-16.318785	-27.232096	0.8837485	0.8608155	21.989367	3.6989725	29.078648	11.305101	1.8871276	0.66378385	4.528868	0.9085727	22.211111	25000	216000.0	11272.214408159256
55	0.0	0.004408112	0.11044262	16.404785	16.40602	-16.376265	-27.722727	0.8554091	0.8306667	21.309614	3.4046237	30.086329	8.779175	1.8701549	0.62553734	3.6068962	0.9120863	22.205555	25000	220000.0	11479.439361333847
56	0.005524862	0.003988813	0.10863889	16.415848	16.41667	-16.382137	-28.223557	0.83039886	0.80848473	21.63655	3.7066782	28.979805	4.2643676	1.9073731	0.7223373	5.7736077	0.9074238	22.160221	25000	224000.0	11686.639845848083
57	0.0056818184	0.0036092664	0.1105704	16.456823	16.457558	-16.413399	-28.745296	0.81322664	0.7899921	22.247477	3.762209	30.232918	4.403979	1.9169313	0.7235461	5.6850944	0.6863002	22.539772	25000	228000.0	11892.19244337082
58	0.021978023	0.0032657438	0.11036273	16.467173	16.467413	-16.420563	-29.255234	0.8051221	0.7840165	21.67952	4.6698318	28.550638	-1.5278534	2.030251	0.82287574	6.5273786	0.92966694	22.17033	25000	232000.0	12100.114620923996
59	0.033333335	0.0029549238	0.110913835	16.468248	16.467546	-16.414234	-29.769602	0.8055601	0.7829316	21.13271	5.367217	28.821838	-6.071203	1.957915	0.8694833	6.8752084	0.67141503	22.1	25000	236000.0	12309.723574876785
60	0.02173913	0.0026736793	0.109339215	16.507586	16.5068	-16.449913	-30.271423	0.80503523	0.78449714	21.179953	4.808072	28.76367	-8.827535	1.8654776	0.7577044	4.863891	0.91197634	21.89674	25000	240000.0	12517.473173379898
61	0.0	0.0024192848	0.10663965	16.50505	16.503332	-16.442883	-30.765968	0.79420555	0.7762504	22.11163	3.8157527	29.900644	12.589958	1.8738028	0.67084306	4.493828	0.6677806	22.41243	25000	244000.0	12724.879169940948
62	0.011111111	0.0021891217	0.10521957	16.493607	16.493734	-16.43211	-31.267797	0.7932695	0.7738545	21.66335	3.9859006	31.053375	8.52804	1.9116495	0.6992774	4.3188343	0.86356574	22.3	25000	248000.0	12936.325075864792
63	0.016853932	0.0019807918	0.10461868	16.497692	16.498226	-16.434828	-31.774511	0.7805855	0.76211643	21.376284	4.456366	28.689138	2.3716908	1.9141345	0.71055293	6.348054	0.911024	22.426966	25000	252000.0	13149.886868953705
64	0.016666668	0.0017923338	0.1049727	16.468664	16.468273	-16.40281	-32.287266	0.7834591	0.76677173	21.55875	4.529477	30.239597	-9.325569	1.8941675	0.6765052	4.9431853	0.66757375	22.188889	25000	256000.0	13362.156116485596
65	0.0055555557	0.0016216829	0.10627228	16.47345	16.474203	-16.40903	-32.80626	0.79120886	0.7755094	22.077269	4.513452	30.63443	-0.45719764	1.8909044	0.6283809	3.5509298	0.90965813	22.211111	25000	260000.0	13568.065555810928
66	0.016759777	0.0014673922	0.10205046	16.456207	16.457836	-16.390894	-33.289333	0.78355443	0.76938653	22.03089	4.2138834	29.563292	0.25988418	1.9042611	0.7708701	6.7799544	0.6787223	22.357542	25000	264000.0	13775.484461069107
67	0.027624309	0.0013277328	0.10253346	16.45565	16.457687	-16.390621	-33.80269	0.7828219	0.77013165	21.469934	5.3743725	29.441246	-2.5697742	1.8802966	0.6324012	3.999029	0.9086969	22.187845	25000	268000.0	13984.689516305923
68	0.0056179776	0.001201399	0.09976205	16.443087	16.444847	-16.377161	-34.294254	0.7932138	0.78253454	21.719486	3.679378	30.080755	7.934675	1.8851507	0.58090204	4.421514	0.90942997	22.314608	25000	272000.0	14194.0332300663
69	0.027624309	0.0010870914	0.099144205	16.445545	16.444687	-16.377487	-34.79992	0.791593	0.7801788	21.48442	4.690645	29.942373	-0.35936305	1.8825377	0.67038625	5.939625	0.67958695	22.121548	25000	276000.0	14404.33152461052
70	0.016216217	0.0009836456	0.09818561	16.434067	16.433844	-16.36625	-35.30321	0.7988857	0.7884449	21.561516	4.6569386	29.570028	-1.76543	1.8441793	0.65182805	5.3371124	0.90048015	21.805405	25000	280000.0	14613.254881620407
71	0.011049724	0.0008900399	0.095683135	16.405012	16.406548	-16.337093	-35.7954	0.8081014	0.7966886	22.011536	3.8887215	30.03266	-0.58078295	1.7732476	0.6175066	4.8012776	0.6677942	22.049725	25000	284000.0	14823.46574997902
72	0.0055555557	0.0008053586	0.09609822	16.379936	16.380825	-16.3105	-36.30789	0.81840086	0.80759084	21.572426	4.0780697	28.449009	-1.0346559	1.8518285	0.66320467	5.705072	0.90911776	22.188889	25000	288000.0	15031.56262254715
73	0.011363637	0.0007287142	0.09332191	16.382698	16.382862	-16.315487	-36.797455	0.79416174	0.78283995	21.690884	4.0712194	30.590618	0.9895187	1.9127078	0.6935953	5.3860097	0.91123164	22.511364	25000	292000.0	15240.334007501602
74	0.021978023	0.00065938494	0.09131985	16.373297	16.372421	-16.303873	-37.29196	0.81721276	0.8076885	21.249586	4.749492	30.785639	-2.7529325	1.8106673	0.5937086	4.176379	0.90937835	22.131868	25000	296000.0	15449.248369932175
75	0.021978023	0.0005966285	0.09321622	16.349916	16.350748	-16.28299	-37.8152	0.82454973	0.81282765	21.521423	4.2339945	31.137777	1.0922053	1.8583384	0.63850397	4.7027636	0.8815437	22.06044	25000	300000.0	15654.81879067421
76	0.016666668	0.00053984165	0.09265935	16.339977	16.338167	-16.26939	-38.32043	0.8408761	0.8308663	21.64991	4.337756	29.821629	0.1606119	1.8588663	0.6662121	4.672031	0.9104533	22.172222	25000	304000.0	15863.17847943306
77	0.027624309	0.00048845354	0.09439541	16.322044	16.321854	-16.253986	-38.84314	0.828841	0.81973016	21.286947	4.3188143	29.707785	0.35568377	1.8586906	0.5979378	4.7152376	0.679644	21.972376	25000	308000.0	16072.551624774933
78	0.021857923	0.00044195048	0.09404191	16.29803	16.298874	-16.231443	-39.35004	0.84163254	0.82997	21.328846	5.234743	28.764803	-15.110097	1.8740581	0.69054663	4.9644356	0.90877116	22.087431	25000	312000.0	16279.846282243729
79	0.011173184	0.00039990133	0.09005091	16.28212	16.281832	-16.213772	-39.82815	0.8390887	0.82701266	21.424753	3.8850815	29.724152	3.4262118	1.913096	0.6623687	4.798277	0.9093844	22.162012	25000	316000.0	16484.735375881195
80	0.0055555557	0.0003618583	0.088633895	16.260918	16.261135	-16.192654	-40.325798	0.83625716	0.82423866	21.66409	3.8914835	29.409555	-1.7181656	1.8607261	0.6576138	5.2474723	0.9192753	22.194445	25000	320000.0	16692.909089565277
81	0.0054644807	0.00032740724	0.09075649	16.260424	16.260853	-16.191174	-40.85182	0.84464073	0.83406776	21.84557	3.9366026	29.326193	4.63954	1.7888967	0.64651555	5.0025535	0.9110159	22.021858	25000	324000.0	16902.279111385345
82	0.016574586	0.00029622074	0.09010075	16.250784	16.250519	-16.18136	-41.356266	0.8283644	0.819347	21.806444	4.010572	30.035643	4.068319	1.8414814	0.6517797	5.397189	0.6755333	22.066298	25000	328000.0	17108.656033039093
83	0.016666668	0.00026799663	0.09146392	16.249886	16.249601	-16.180168	-41.877083	0.8322052	0.82088315	22.149513	4.178743	31.401741	0.083464265	1.8296281	0.7035924	6.6395698	0.9257858	22.277779	25000	332000.0	17316.963971614838
84	0.0056497175	0.00024246195	0.09546514	16.236462	16.237837	-16.168137	-42.420162	0.8409763	0.8301776	22.023575	3.7073426	29.807827	3.634379	1.8819457	0.6268079	4.7589135	0.9087535	22.361582	25000	336000.0	17526.449257850647
85	0.005524862	0.00021936349	0.09029572	16.23278	16.233189	-16.16443	-42.88683	0.82990044	0.81781155	22.332552	3.4957278	31.71016	8.292878	1.8258994	0.6520645	6.342553	0.91008717	22.270718	25000	340000.0	17733.27472472191
86	0.021978023	0.00019846481	0.091840945	16.240898	16.242271	-16.172684	-43.40947	0.8125034	0.80243665	21.912642	4.3190017	30.417223	3.2286105	1.9006699	0.68509763	4.671394	0.9125784	22.082418	25000	344000.0	17941.54588341713
87	0.0	0.0001795688	0.08891928	16.245304	16.246841	-16.178806	-43.89393	0.7950359	0.7838435	22.59567	3.48503	30.754745	13.202046	1.8503587	0.510876	3.1326427	0.911332	22.166666	25000	348000.0	18147.964569807053
88	0.016666668	0.00016246525	0.08353399	16.276987	16.27782	-16.20968	-44.35614	0.83547556	0.8243922	21.564756	4.2462397	30.767662	4.5455422	1.8558621	0.68158245	5.836572	0.66779244	21.98889	25000	352000.0	18359.08127975464
89	0.005524862	0.00014698858	0.08474753	16.269547	16.268734	-16.200037	-44.8759	0.8023082	0.79403836	21.744802	3.891451	28.564077	1.9442161	1.8535221	0.6197134	5.765444	0.9193366	22.287292	25000	356000.0	18567.96375131607
90	0.016574586	0.00013298428	0.08208255	16.276947	16.278154	-16.213179	-45.36107	0.7984431	0.78831154	21.58944	4.195625	30.640253	1.4734634	1.8223455	0.68721753	5.5874605	0.92219585	22.055248	25000	360000.0	18777.13920903206
91	0.011049724	0.00012031493	0.08486882	16.281519	16.281404	-16.216028	-45.89504	0.80120754	0.79228634	21.924225	4.3794928	30.297314	-5.230847	1.8089852	0.6464732	5.1357665	0.83022106	22.060774	25000	364000.0	18985.468129873276
92	0.011049724	0.00010885233	0.0798518	16.264816	16.263592	-16.19766	-46.35837	0.806049	0.7966129	21.396542	4.656452	29.454403	-9.813944	1.96858	0.6446423	4.6955466	0.91005653	22.254143	25000	368000.0	19195.384149312973
93	0.022222223	9.8480836e-05	0.081241146	16.278868	16.278841	-16.211014	-46.879837	0.7949737	0.7857492	21.66275	4.9237876	30.726952	0.8927801	1.8584001	0.6954751	5.509457	0.7548195	22.061111	25000	372000.0	19401.38686299324
94	0.0	8.909994e-05	0.07617887	16.268251	16.271486	-16.203176	-47.341373	0.7875214	0.7788155	21.90938	3.9610362	30.116993	8.945386	1.8611945	0.56263626	3.98856	0.9225315	22.272223	25000	376000.0	19608.76225924492
95	0.032967035	8.06112e-05	0.07859999	16.25241	16.254778	-16.186777	-47.87237	0.7783463	0.76813257	21.399488	4.909205	29.288849	-3.7600603	1.9327714	0.73824257	6.5019493	0.9209621	22.038462	25000	380000.0	19816.899985790253
96	0.0	7.293165e-05	0.074515484	16.274797	16.277103	-16.208702	-48.341915	0.7772696	0.7689682	22.030996	3.551566	30.639477	12.760198	1.7831686	0.54738206	3.4517312	0.91160655	22.244444	25000	384000.0	20024.841970920563
97	0.016666668	6.598284e-05	0.07999209	16.259108	16.26206	-16.193928	-48.902718	0.78466445	0.7764744	21.747608	4.162062	29.455427	1.317986	1.8289056	0.66834617	5.513616	0.92765754	22.211111	25000	388000.0	20231.339733600616
98	0.0	5.9696005e-05	0.079550795	16.264883	16.26576	-16.19715	-49.40715	0.7769468	0.7692545	22.666054	3.238618	31.362854	13.711221	1.8522215	0.5607677	4.60327	0.92075187	22.604519	25000	392000.0	20437.34734773636
99	0.0056179776	5.4008033e-05	0.07751683	16.27362	16.273949	-16.20618	-49.89563	0.77279305	0.7646257	22.13279	3.6978083	27.86184	-1.262058	1.8635403	0.57126546	4.9308887	0.9105682	22.410112	25000	396000.0	20649.539080142975
100	0.0	4.886257e-05	0.075029716	16.28329	16.284502	-16.215961	-50.37946	0.75443876	0.7483749	22.219923	3.4079895	30.393457	12.867687	1.8163854	0.5953792	4.4776397	0.6663356	22.525423	25000	400000.0	20859.7878742218
101	0.005524862	4.4206805e-05	0.071680374	16.30916	16.30909	-16.24156	-50.853996	0.7454314	0.7372053	21.98125	3.9557095	29.47726	-3.4175992	1.785345	0.5691131	3.823953	0.8935932	22.132597	25000	404000.0	21069.273559570312
102	0.016483517	3.9994633e-05	0.07282736	16.304178	16.304516	-16.235804	-51.37343	0.744754	0.73689294	22.026632	4.1193967	29.857027	2.241888	1.8382833	0.6228032	4.4917107	0.91131604	22.016483	25000	408000.0	21276.01239824295
103	0.016759777	3.6183807e-05	0.0735542	16.314955	16.31437	-16.246088	-51.88886	0.7159409	0.709015	21.488014	4.0925317	29.245358	1.4681808	1.9593569	0.7086599	7.099513	0.9236581	22.385475	25000	412000.0	21482.909794330597
104	0.033333335	3.2736036e-05	0.072718695	16.326385	16.32841	-16.258217	-52.388268	0.73888457	0.7310042	21.410406	4.6469793	28.903961	1.5164151	1.9220271	0.6899275	4.2381444	0.9029471	22.211111	25000	416000.0	21688.511998176575
105	0.011111111	2.9616787e-05	0.075753905	16.335629	16.334696	-16.265898	-52.927906	0.7413683	0.7338483	21.36378	3.7217338	29.028896	5.4841495	1.7830689	0.596152	3.9684312	0.66778713	22.13889	25000	420000.0	21896.015424489975
106	0.0056497175	2.6794829e-05	0.074507244	16.314322	16.31371	-16.245176	-53.422993	0.7475212	0.74040586	21.018524	4.137957	29.335777	0.17334682	1.844073	0.5997085	3.654433	0.9212174	22.474577	25000	424000.0	22103.9787273407
107	0.0	2.4241714e-05	0.075457655	16.306719	16.308466	-16.239946	-53.9412	0.7470244	0.7384003	22.059553	3.5825195	29.52153	9.363077	1.782208	0.5801626	4.9464774	0.90844774	22.38889	25000	428000.0	22312.32538342476
108	0.016483517	2.1931903e-05	0.07509594	16.300093	16.300756	-16.230106	-54.44558	0.74221605	0.7336372	21.79203	4.315603	29.262032	-1.8887599	1.797377	0.61352193	3.9234457	0.67616713	21.967033	25000	432000.0	22520.59376001358
109	0.011173184	1.9842144e-05	0.073311694	16.283522	16.284126	-16.215433	-54.934383	0.73248327	0.72524464	21.74458	3.6446805	30.2338	2.2274697	1.8601234	0.57849663	4.1781406	0.90991026	22.312849	25000	436000.0	22726.054520606995
110	0.011235955	1.795151e-05	0.07279998	16.27797	16.278835	-16.208998	-55.436836	0.74096876	0.73322797	22.404203	3.9364367	29.066332	1.523973	1.863316	0.6347974	6.3317266	0.92772347	22.460674	25000	440000.0	22935.404527902603
111	0.016666668	1.6241022e-05	0.07192041	16.278725	16.2765	-16.20801	-55.935074	0.7400762	0.7336157	21.720993	4.3102446	30.293167	-0.72242093	1.838446	0.6150791	3.8330538	0.66637516	22.38889	25000	444000.0	23143.524109840393
112	0.005586592	1.469357e-05	0.06963655	16.260252	16.260462	-16.190344	-56.417572	0.745626	0.7405634	22.031176	3.6042988	28.667633	-0.6134529	1.7671734	0.5774222	4.978748	0.91073006	22.145252	25000	448000.0	23351.52613401413
113	0.0055555557	1.32936075e-05	0.068174966	16.250422	16.249102	-16.181034	-56.908737	0.7431797	0.7343077	21.59062	4.1211553	28.342157	-1.7221231	1.7802639	0.54811406	4.0655127	0.9091822	22.26111	25000	452000.0	23558.410341501236
114	0.016666668	1.2026951e-05	0.07142173	16.240688	16.241707	-16.173182	-57.45302	0.72982764	0.7234609	21.907118	4.135078	29.873182	-3.1858237	1.8654399	0.6002662	4.4535155	0.90878916	22.411112	25000	456000.0	23766.165524482727
115	0.0056179776	1.0880977e-05	0.07057207	16.259819	16.259844	-16.192131	-57.951115	0.73534197	0.7278598	22.269548	3.3901422	30.12333	11.583703	1.820401	0.55675125	3.7675905	0.9209007	22.382023	25000	460000.0	23974.471371650696
116	0.011299435	9.844182e-06	0.07048488	16.263727	16.26518	-16.194326	-58.457905	0.7332124	0.7257557	22.151121	3.749267	29.952362	5.8976736	1.8095764	0.55553013	4.2220125	0.89464206	22.491526	25000	464000.0	24179.93511199951
117	0.011173184	8.906174e-06	0.074612014	16.26858	16.26901	-16.200504	-59.013596	0.72003603	0.7135739	22.552086	3.9422193	31.485424	-2.778273	1.7291917	0.5575998	3.6509316	0.66778946	22.340782	25000	468000.0	24386.261069774628
118	0.005586592	8.057545e-06	0.0745648	16.251837	16.251474	-16.182167	-59.52119	0.7111818	0.70553637	22.355902	3.6871712	31.956955	6.677369	1.7271934	0.55890983	4.530651	0.9084226	22.368715	25000	472000.0	24593.19799542427
119	0.011111111	7.2897788e-06	0.076188505	16.26356	16.263027	-16.193338	-60.048546	0.69875664	0.693207	22.080301	3.897083	30.732403	4.4065194	1.8837996	0.6144991	4.9567275	0.9102654	22.4	25000	476000.0	24803.870890140533
120	0.011173184	6.5951726e-06	0.07750982	16.283075	16.283493	-16.214003	-60.572586	0.69985706	0.69223905	22.302673	4.087534	29.847351	-0.34020302	1.879964	0.60689825	4.2640257	0.6677379	22.189943	25000	480000.0	25011.500905275345
121	0.016574586	5.9667736e-06	0.07530175	16.280201	16.279943	-16.210255	-61.05447	0.71360695	0.7066511	21.897446	4.3771877	30.54842	-1.9344376	1.9087557	0.6064286	4.233458	0.9087115	22.132597	25000	484000.0	25218.858937978745
122	0.022222223	5.39826e-06	0.07519603	16.263083	16.262798	-16.194874	-61.561375	0.7298717	0.72275585	22.124472	4.4090896	28.992523	-7.251721	1.8722916	0.63211685	5.0826154	0.9163503	22.122223	25000	488000.0	25426.34244298935
123	0.0	4.883894e-06	0.076379605	16.284145	16.284477	-16.216433	-62.084072	0.7128016	0.7037412	22.406664	3.216603	28.948832	11.859038	1.783546	0.5158276	3.2781653	0.91965926	22.301676	25000	492000.0	25632.68841791153
124	0.011111111	4.4185335e-06	0.07454958	16.275839	16.278858	-16.208914	-62.56976	0.7095549	0.7019174	21.515509	4.253372	29.790325	-3.110137	1.827138	0.5639174	4.1606774	0.9084384	22.35	25000	496000.0	25840.93076992035
125	0.005586592	3.997524e-06	0.07678789	16.278765	16.279516	-16.210276	-63.105846	0.7287438	0.71904016	22.207623	3.597054	30.55771	6.260397	1.8343862	0.5951539	3.855014	0.92326283	22.329609	25000	500000.0	26019.908308267593
