Epoch	AveragePenalty	StdPenalty	AverageCrash_counter	StdCrash_counter	Crash_ratio	AverageEpRet	StdEpRet	MaxEpRet	MinEpRet	AverageEpCost	StdEpCost	MaxEpCost	MinEpCost	EpLen	AverageVVals	StdVVals	MaxVVals	MinVVals	TotalEnvInteracts	LossPi	LossV	LossVC	DeltaLossPi	DeltaLossV	DeltaLossVC	Entropy	KL	ClipFrac	StopIter	Time
0	1.05	0.0	160.0	0.0	0.6896552	-6.5027704	9.15622	16.555197	-22.504	4.6600466	1.3250703	9.53257	0.6472125	16.512932	0.017955417	0.030631885	0.07386738	-0.04546236	4000	2.9802322e-08	75.28215	12.457449	-0.011301399	-14.399413	-11.016909	1.6073799	0.01218149	0.21275	6.0	206.8023157119751
1	1.1000589	0.0	157.0	0.0	0.7072072	-6.2442217	8.8753	17.295242	-25.715332	4.9727817	1.5366172	9.755015	1.3921416	17.5	-2.2019997	2.7768362	3.4860945	-7.574792	8000	1.8626451e-09	56.019844	1.9283744	-0.010839294	-2.2173157	-0.1364342	1.5991882	0.014070703	0.2415	7.0	401.57844376564026
2	1.1499182	0.0	131.0	0.0	0.60091746	-3.5908809	9.596393	18.282467	-24.159239	4.44789	1.3809237	9.625998	1.1491389	18.261467	-1.9089438	3.2554488	5.8910427	-12.856453	12000	-5.5879354e-09	57.973244	1.748097	-0.010383731	-6.1274385	-0.19999784	1.5747683	0.014253207	0.13825001	6.0	601.8201098442078
3	1.1996117	0.0	88.0	0.0	0.5116279	-1.9579022	9.92606	19.77155	-22.948992	4.3171034	1.5700924	8.613551	0.9362723	19.33721	1.5147061	4.6586976	11.08811	-13.4325075	16000	0.0	127.71506	1.7165301	-0.012155579	-45.664215	-0.07466005	1.5429095	0.012926087	0.22625	20.0	803.3053042888641
4	1.2492114	0.0	80.0	0.0	0.46783626	-1.3455979	9.323803	18.25181	-20.737017	4.3067465	1.4462941	8.576006	1.4395787	19.508772	-0.67662716	3.0863457	5.9467425	-10.958971	20000	-1.4901161e-08	105.88733	1.3171482	-0.005814351	-9.91053	-0.040692165	1.5007831	0.012458254	0.124749996	11.0	1008.7258970737457
5	1.2984558	0.0	86.0	0.0	0.4526316	0.0016687092	9.53428	24.932148	-20.562246	3.886567	1.5900667	8.881219	0.56086344	18.557896	-0.4327097	5.522009	9.52353	-14.26905	24000	-2.2351742e-08	97.545204	1.7233692	-0.01356641	-6.321781	-0.082710326	1.4689701	0.008046502	0.13175	79.0	1210.5410454273224
6	1.3474705	0.0	97.0	0.0	0.45754716	1.1016316	9.672328	20.789423	-18.459854	3.8925436	1.501685	9.610788	0.92125845	18.712265	1.1521043	3.767404	9.324558	-12.236963	28000	-7.450581e-09	70.23319	1.6186221	-0.013749538	-28.149567	-0.038322046	1.4034472	0.01218392	0.176	33.0	1406.6398541927338
7	1.3960987	0.0	92.0	0.0	0.427907	1.6551023	10.159851	22.248533	-19.77998	3.6140149	1.330804	6.8821154	0.8982444	18.404652	4.120434	3.8568304	10.586727	-8.603459	32000	3.7252903e-09	51.138092	1.2863885	-0.017418321	-3.388115	-0.0713788	1.3529649	0.0100202635	0.17	79.0	1602.599979877472
8	1.4441532	0.0	63.0	0.0	0.31658292	4.7797813	9.872661	23.879946	-18.257668	3.2947047	1.4257597	8.455915	0.92140204	19.909548	5.1078196	3.3648238	11.23912	-7.367965	36000	-4.656613e-09	48.32794	1.3693447	-0.018048204	-3.3080711	-0.096591085	1.3000869	0.008270869	0.17225	79.0	1803.3415880203247
9	1.49196	0.0	88.0	0.0	0.42105263	5.1669116	10.623284	22.971193	-18.841488	3.496294	1.4781854	8.470396	0.89756024	19.0	6.4199085	2.6656604	13.352967	-2.9908895	40000	-1.1175871e-08	52.763058	1.3732765	-0.0139990095	-2.090454	-0.054992467	1.2748373	0.01216122	0.16100001	24.0	2004.5875742435455
10	1.5393757	0.0	59.0	0.0	0.30890054	7.931843	9.752893	23.290966	-14.935425	3.273849	1.4124742	7.7871175	1.1555506	20.596859	6.793001	3.0154393	14.7536955	-2.95386	44000	9.313226e-09	46.8604	1.0988487	-0.017189959	-5.073348	-0.074495375	1.1924361	0.011199952	0.1265	79.0	2213.8479413986206
11	1.5861435	0.0	47.0	0.0	0.2460733	10.696172	8.989558	25.640406	-12.781553	2.934415	1.2707214	7.652361	0.9222309	20.685863	8.2450485	3.1130521	17.47046	-4.278715	48000	-1.6763806e-08	40.874153	0.9474444	-0.01606272	-7.299383	-0.08967893	1.1406993	0.007480216	0.121999994	79.0	2420.813460588455
12	1.6322762	0.0	52.0	0.0	0.2722513	11.626303	9.527114	28.97713	-8.885621	2.8301337	1.1993593	5.894952	0.9094829	20.753927	9.804566	2.6766608	14.498248	-2.1899886	52000	1.8626451e-09	40.408913	0.8185977	-0.016077116	-3.3473177	-0.016067713	1.0689818	0.009697057	0.15650001	79.0	2605.7553215026855
13	1.677813	0.0	49.0	0.0	0.2606383	12.191334	9.625221	28.55899	-14.916037	2.759965	1.2206734	6.48636	0.90317386	21.015957	10.4158945	2.458161	15.8664875	-1.5421569	56000	3.7252903e-09	36.4604	0.7931485	-0.008148663	-5.0648165	-0.041961133	1.0096607	0.012367415	0.142	11.0	2789.8324007987976
14	1.7226915	0.0	42.0	0.0	0.22826087	13.559622	9.074259	27.042215	-11.18463	2.6117158	1.1532444	6.217574	0.922113	21.576086	10.59724	3.6161067	17.398106	-3.47099	60000	3.7252903e-09	32.07453	0.7663026	-0.010988744	-4.05472	-0.027968109	0.9281394	0.0064393384	0.0735	79.0	2975.4395875930786
15	1.7670919	0.0	43.0	0.0	0.23243243	13.647034	9.235819	27.210606	-6.836726	2.6720426	1.1312468	5.9427276	0.9024763	21.297297	10.837006	3.3731422	17.09571	-0.34015796	64000	-1.8626451e-09	29.266731	0.6346185	-0.003714833	-3.475368	-0.019530311	0.9046649	0.015423619	0.163	4.0	3156.7629833221436
16	1.8108286	0.0	44.0	0.0	0.23529412	14.152244	9.498602	29.29612	-10.354885	2.4451747	1.059409	5.716684	0.67978096	21.128342	11.385779	3.7962472	18.553839	-1.980598	68000	7.450581e-09	30.586296	0.63675433	-0.013554784	-3.5660791	-0.048251256	0.82789373	0.012054831	0.110249996	49.0	3337.6979677677155
17	1.8541108	0.0	49.0	0.0	0.2565445	14.9328985	9.4504175	28.918274	-7.5518527	2.5323055	1.102378	5.9834228	0.8989493	20.659685	11.914526	3.6921012	18.600925	-4.572604	72000	-2.7939677e-09	26.511927	0.6322156	-0.010921088	-3.7761526	-0.033632196	0.7628938	0.008099217	0.07425	79.0	3524.581932783127
18	1.8968835	0.0	40.0	0.0	0.21621622	15.974024	9.013358	29.1091	-5.210892	2.4252617	1.0489558	5.2899327	0.9117746	21.35135	11.734157	4.393047	19.129051	-2.8856177	76000	-3.7252903e-09	22.265732	0.5373888	-0.009465295	-3.6014786	-0.018435225	0.73896265	0.0066241855	0.11925	79.0	3713.1757209300995
19	1.9390134	0.0	33.0	0.0	0.17934783	17.04483	8.500025	29.508957	-4.054606	2.2564878	0.93145263	4.8248825	0.66757846	21.625	12.894801	4.336402	19.59207	-1.9659927	80000	-9.313226e-09	19.793606	0.479766	-0.012382599	-3.1472812	-0.034215696	0.71082175	0.00718529	0.213	79.0	3897.6583926677704
20	1.9806072	0.0	34.0	0.0	0.18681319	17.58809	8.510333	30.695534	-3.9407377	2.2666945	0.97991294	5.3449426	0.6675154	21.65934	12.906261	4.265155	20.683987	-4.171108	84000	-7.450581e-09	19.306324	0.4588043	-0.007430996	-1.7363687	-0.010294326	0.66573286	0.005882353	0.05775	79.0	4090.8451290130615
21	2.0216916	0.0	38.0	0.0	0.2054054	16.601744	8.659225	27.784729	-6.286347	2.2260244	1.049093	4.948208	0.90017974	21.335135	13.575566	4.329428	20.616308	-5.1088014	88000	1.21071935e-08	20.218182	0.49383956	-0.007948311	-3.297656	-0.009419635	0.61918426	0.0037757568	0.060000002	79.0	4276.882610321045
22	2.0624433	0.0	45.0	0.0	0.23809524	16.153847	8.949569	27.883503	-3.3793945	2.302308	0.9821019	4.7863083	0.9103144	20.899471	12.3426695	4.8571296	20.29279	-4.7887726	92000	-3.7252903e-09	19.556198	0.46023658	-0.008920765	-3.0591257	-0.010953404	0.6118567	0.0069485335	0.13525	79.0	4461.877270460129
23	2.1029298	0.0	41.0	0.0	0.2204301	16.777174	8.938262	28.959572	-2.5102613	2.311328	0.9631953	4.9950747	0.6675565	21.306452	13.110248	4.5195723	19.952375	-5.2660394	96000	-9.313226e-10	23.308357	0.49100733	-0.011512469	-5.732376	-0.05609206	0.5672679	0.011740921	0.085	79.0	4648.023833036423
24	2.143075	0.0	39.0	0.0	0.20855615	17.502846	9.035214	28.417303	-5.568678	2.2194211	1.0681074	5.164747	0.66379017	21.19786	13.054805	4.6018224	20.443876	-5.0490017	100000	-7.450581e-09	22.111397	0.52090794	-0.007984413	-5.3351545	-0.13762195	0.55993205	0.0023520575	0.0535	79.0	4829.9874901771545
25	2.1830127	0.0	41.0	0.0	0.21693122	17.085728	9.317582	30.72078	-4.6158733	2.2775016	1.0519885	6.711736	0.66762316	20.973545	13.188254	5.0464406	21.771856	-5.4490814	104000	-7.450581e-09	21.486301	0.42859948	-0.007062775	-2.618119	-0.102016754	0.5179735	0.0053416984	0.08325	79.0	5014.9567527771
26	2.2227561	0.0	41.0	0.0	0.21465969	17.30873	9.012024	27.976658	-7.104945	2.25781	0.9642496	4.7354603	0.66770434	20.680628	12.978737	4.935963	20.509523	-4.2156606	108000	3.7252903e-09	21.039467	0.30542117	-0.009566931	-3.3488512	-0.050042722	0.51474273	0.008669866	0.05375	79.0	5202.96684217453
27	2.2623284	0.0	46.0	0.0	0.24210526	16.731266	9.767657	31.532045	-9.752684	2.2469378	0.9425281	4.9914384	0.6664234	20.805264	13.422602	4.893987	20.562317	-4.7502456	112000	5.5879354e-09	19.336472	0.27692467	-0.010178246	-2.8636181	-0.041497216	0.50675344	0.009546205	0.06025	79.0	5384.625830888748
28	2.3018427	0.0	42.0	0.0	0.22340426	17.18159	8.915792	28.991537	-4.993661	2.3027549	0.9678163	5.342749	0.9015228	21.042553	13.1381645	5.0866246	21.51247	-4.8948774	116000	0.0	18.602482	0.2816341	-0.0072463136	-2.5062675	-0.027863462	0.50647736	0.0062314295	0.046	79.0	5576.461283683777
29	2.3411622	0.0	32.0	0.0	0.17391305	18.257147	8.485497	28.402596	-6.035109	2.189909	0.903945	5.3151183	0.90989155	21.565218	13.496903	4.562522	21.346514	-4.415047	120000	-3.7252903e-09	21.26759	0.30436975	-0.008199227	-3.96149	-0.0396687	0.4879662	0.00657664	0.04225	79.0	5762.334420681
30	2.3803747	0.0	41.0	0.0	0.21925133	17.436892	9.262015	30.087461	-5.8025393	2.2253017	0.96801203	5.970772	0.9112141	21.101604	13.283026	4.4684176	21.52409	-5.934852	124000	1.1175871e-08	22.316633	0.2831461	-0.008352488	-2.3670363	-0.033882428	0.48215806	0.0056663407	0.0445	79.0	5951.909866809845
31	2.4196718	0.0	39.0	0.0	0.20967741	17.752731	9.019227	29.53956	-3.8843772	2.3400948	0.9876995	5.9455423	0.6677386	21.306452	13.380262	4.72182	21.549187	-5.141498	128000	5.5879354e-09	17.833113	0.31697303	-0.0069525153	-2.8837736	-0.042390097	0.47126117	0.0046117418	0.052500002	79.0	6137.5423583984375
32	2.4590378	0.0	44.0	0.0	0.23404256	17.202927	9.430415	28.672428	-5.2003407	2.324183	1.0112768	4.9638305	0.90855896	21.111702	13.234797	5.070006	22.182467	-5.854836	132000	7.450581e-09	17.057018	0.28971797	-0.00782368	-3.0065668	-0.06364663	0.4436692	0.006954006	0.039	79.0	6322.638708353043
33	2.4983172	0.0	34.0	0.0	0.1878453	17.629436	8.70081	29.519054	-4.2721066	2.2120938	0.97221935	4.885943	0.9099113	21.911602	13.364347	5.140027	21.739052	-6.2464137	136000	-3.7252903e-09	17.728508	0.2633931	-0.004952726	-3.6330478	-0.027959332	0.45561975	0.005725068	0.03125	79.0	6516.390931844711
34	2.537439	0.0	28.0	0.0	0.15642458	18.852589	8.2698765	30.503195	-4.8198338	2.1477325	0.8755969	5.701422	0.9133462	22.072626	13.620559	4.442393	23.560436	-5.440251	140000	-9.313226e-09	18.081726	0.25033975	-0.007212084	-4.2242975	-0.038502775	0.43918464	0.007226474	0.10125	79.0	6699.457496166229
35	2.5765066	0.0	31.0	0.0	0.16847827	18.502539	8.374984	31.046602	-4.298178	2.1959198	0.9141571	4.7352033	0.90869886	21.60326	13.994808	4.5151577	21.867592	-4.3395123	144000	-3.7252903e-09	16.151028	0.23038147	-0.006791482	-4.190431	-0.03695675	0.42604077	0.0044247713	0.037	79.0	6886.348820209503
36	2.6154327	0.0	24.0	0.0	0.13259669	19.62567	7.893731	28.417456	-2.3283184	2.1246827	0.8122968	4.0994673	0.9115902	21.767956	13.940219	4.673938	22.872795	-7.369845	148000	5.5879354e-09	17.84777	0.22086318	-0.007899305	-4.774477	-0.045488093	0.43200707	0.004721382	0.1125	79.0	7072.892692327499
37	2.654432	0.0	44.0	0.0	0.23529412	17.662016	9.283779	29.061453	-3.3103034	2.2470126	0.99777156	5.4892545	0.9105022	21.101604	14.3479	4.632223	22.371286	-5.848764	152000	-2.6077032e-08	21.610607	0.30542827	-0.0068465983	-7.007603	-0.09536651	0.4285888	0.005001866	0.054750003	79.0	7266.450941801071
38	2.6932168	0.0	30.0	0.0	0.16393442	18.6091	8.489009	30.689157	-2.2590842	2.0548322	0.88828003	5.050473	0.6667406	21.677595	13.379856	5.143102	21.827969	-6.9319043	156000	7.450581e-09	16.260592	0.20365441	-0.0066441586	-4.6744127	-0.05876109	0.44050854	0.0048200563	0.18375	79.0	7451.68381023407
39	2.7320254	0.0	37.0	0.0	0.19786096	17.994846	9.100492	27.839785	-3.7522411	2.185565	1.0064855	5.2400556	0.9132222	21.112299	13.804398	5.0025496	22.027388	-5.238443	160000	0.0	17.23977	0.25381082	-0.008356948	-3.0677507	-0.060711373	0.4196033	0.0065994994	0.0545	79.0	7640.765462636948
40	2.7709787	0.0	49.0	0.0	0.25520834	17.055351	9.653437	30.542667	-4.9947786	2.2563934	0.9819805	5.1245165	0.9084644	20.619791	13.02792	5.498443	21.559155	-5.958106	164000	1.1175871e-08	17.275957	0.24112469	-0.0077636107	-3.3442197	-0.044339657	0.418576	0.0059594135	0.1055	79.0	7826.50198340416
41	2.809883	0.0	39.0	0.0	0.20634921	18.372013	8.868057	29.804976	-3.3039412	2.1329927	0.9593208	4.8840785	0.9256047	20.89418	13.595506	5.26619	21.80943	-6.0534625	168000	-7.450581e-09	19.005428	0.23802501	-0.0068180533	-4.633053	-0.02959634	0.39237043	0.009244785	0.041	79.0	8016.730838775635
42	2.848907	0.0	37.0	0.0	0.2	17.940298	8.820295	29.49855	-4.533482	2.2282166	1.0069139	5.304781	0.6671264	21.335135	13.896037	4.9715343	24.034513	-6.4174123	172000	7.450581e-09	16.933638	0.24111843	-0.0073414426	-4.5823936	-0.05213135	0.38342795	0.0045809145	0.09075	79.0	8200.08397436142
43	2.8879318	0.0	38.0	0.0	0.20212767	17.981842	8.682902	27.80103	-2.2141416	2.1527586	0.9455248	4.8378224	0.6677892	21.095745	13.516887	5.0660405	22.355669	-5.4883265	176000	1.1175871e-08	15.823199	0.2034297	-0.007444553	-3.9897678	-0.03474115	0.3920364	0.0066602863	0.04625	79.0	8388.069986104965
44	2.9271207	0.0	40.0	0.0	0.21390374	17.873936	9.090497	30.82639	-1.796326	2.247381	0.98398596	5.2017965	0.90703875	21.074867	12.91482	5.2444754	21.463509	-8.251236	180000	9.313226e-09	19.611773	0.25339282	-0.0077906046	-5.940663	-0.057592653	0.41257292	0.012068092	0.0475	43.0	8576.1305706501
45	2.9664798	0.0	39.0	0.0	0.20634921	17.846962	9.001601	29.7838	-4.1949387	2.253945	0.91422194	4.9168277	0.9267899	20.957672	13.929367	4.9534707	22.364084	-5.4121375	184000	-7.450581e-09	15.139686	0.16922858	-0.0066098073	-3.3551016	-0.02169986	0.416106	0.00543934	0.048	79.0	8765.068699359894
46	3.0059233	0.0	38.0	0.0	0.2054054	18.038578	8.963553	29.139555	-3.7009237	2.2035253	0.94958204	4.845367	0.83817005	21.35135	13.593442	4.9958315	22.111794	-7.2066345	188000	0.0	15.616512	0.18260485	-0.009549564	-4.2167435	-0.031979404	0.40010533	0.012137642	0.04575	70.0	8953.251801013947
47	3.0453045	0.0	40.0	0.0	0.21052632	17.728636	8.982941	30.065031	-3.8480074	2.1110811	0.9247578	4.7450876	0.66776335	20.984211	13.741101	5.3045273	23.12447	-6.4541984	192000	-1.8626451e-09	16.675766	0.18497822	-0.0077204956	-4.342907	-0.027019551	0.37783557	0.0054638186	0.083000004	79.0	9138.87897658348
48	3.084873	0.0	41.0	0.0	0.21693122	17.719908	9.015859	28.842169	-2.8099568	2.2529483	0.9843443	4.648818	0.91044235	20.968254	13.317849	5.22805	23.89873	-6.6496015	196000	7.916242e-09	20.945599	0.21774864	-0.007828025	-4.7249465	-0.03236873	0.3836841	0.006062825	0.045500003	79.0	9324.137557268143
49	3.1245532	0.0	41.0	0.0	0.21925133	17.590857	9.361063	30.554111	-5.282741	2.2113454	0.9164637	4.517777	0.9024463	20.994652	13.409576	5.236023	23.153374	-4.7247844	200000	4.1909516e-09	16.997509	0.1709032	-0.008154494	-5.0797844	-0.041902788	0.3695988	0.006385334	0.08575	79.0	9515.578195810318
50	3.164367	0.0	46.0	0.0	0.23589744	17.108273	9.08135	30.52113	-3.000869	2.2246482	1.0388913	5.5572653	0.7625362	20.328205	13.549627	5.703964	23.359713	-8.132939	204000	-1.1175871e-08	17.621037	0.2635029	-0.008278958	-5.297054	-0.055412598	0.33994994	0.0121786175	0.09775	38.0	9695.496187925339
51	3.2043285	0.0	46.0	0.0	0.24338624	17.35992	9.726071	29.72933	-2.986432	2.23486	0.95817685	5.0334444	0.90996957	20.777779	13.231752	5.517691	22.19211	-6.6867094	208000	9.313226e-10	15.246322	0.19345301	-0.009350158	-4.346527	-0.034974497	0.3706715	0.003803622	0.042500004	79.0	9886.25589799881
52	3.2443433	0.0	38.0	0.0	0.20212767	18.163473	9.346985	31.253754	-3.9288385	2.180461	0.9744749	5.309088	0.65523446	21.117022	13.810943	5.3336444	23.530355	-5.557075	212000	-1.3038516e-08	16.454098	0.19192582	-0.0069285342	-4.9768453	-0.037644405	0.33966637	0.0030772835	0.0715	79.0	10068.411737680435
53	3.2846675	0.0	37.0	0.0	0.1957672	18.17339	9.079445	31.392956	-6.946585	2.3317153	0.97833633	5.3088307	0.9137001	21.031746	13.346676	5.613789	23.38335	-6.0445065	216000	4.656613e-10	17.946522	0.22953314	-0.007032633	-5.4818044	-0.02954397	0.36948356	0.003210194	0.052	79.0	10260.318565368652
54	3.325051	0.0	40.0	0.0	0.21621622	17.74904	8.982823	30.269726	-2.4643545	2.1944613	1.0071648	5.0099554	0.90548974	21.275675	14.078329	5.490303	24.428469	-7.408465	220000	-3.7252903e-09	15.30216	0.21514206	-0.006692074	-5.043633	-0.03422207	0.33160406	0.0070902347	0.083	79.0	10452.351131677628
55	3.365432	0.0	36.0	0.0	0.19251336	18.396376	8.507592	29.822527	-2.0690992	2.1552198	0.8999206	4.964236	0.93254304	21.122995	13.713577	5.1758466	23.096	-8.036583	224000	5.5879354e-09	15.679452	0.19641599	-0.009997648	-4.476424	-0.037959114	0.3475393	0.0059070615	0.05325	79.0	10641.409333467484
56	3.4059227	0.0	32.0	0.0	0.17204301	18.2809	8.670811	30.389822	-2.4833267	2.2155733	0.94713324	5.2767944	0.91411203	21.290323	14.045985	4.950287	22.759861	-5.038909	228000	-1.8626451e-08	13.640394	0.18859951	-0.0069221053	-4.1883607	-0.027325677	0.3257156	0.006077769	0.0435	79.0	10827.397668123245
57	3.4465716	0.0	39.0	0.0	0.20967741	17.964838	9.0678215	30.231934	-6.561601	2.2451138	0.9595355	5.2755613	0.8284376	21.241936	13.148462	5.69677	23.89566	-10.137823	232000	-1.8626451e-09	18.952957	0.23753953	-0.0075899675	-6.2923775	-0.054758765	0.33076185	0.0064624203	0.044	79.0	10996.492332696915
58	3.487421	0.0	36.0	0.0	0.1904762	18.627768	8.87016	29.292807	-3.827784	2.2738867	0.9407377	5.1912966	0.9128552	20.978836	13.825342	4.883764	23.050436	-5.091996	236000	-6.519258e-09	16.466751	0.22280118	-0.007910281	-4.799489	-0.051943842	0.3297559	0.0077743866	0.04	79.0	11164.872105360031
59	3.5282464	0.0	34.0	0.0	0.17894737	18.741434	8.598434	29.201275	-5.224632	2.149048	0.9310774	5.138595	0.9094549	20.894737	14.28182	5.0818887	25.130526	-5.4048395	240000	5.5879354e-09	18.412125	0.19616693	-0.00939331	-5.8640413	-0.031023905	0.29222113	0.00848697	0.0585	79.0	11332.71522808075
60	3.5691311	0.0	37.0	0.0	0.19680852	18.70058	8.77105	29.821608	-2.8693416	2.1906698	0.9534183	5.0542974	0.6790799	21.01064	14.080104	5.352503	28.894178	-5.9483237	244000	-7.450581e-09	17.1195	0.20248741	-0.007162649	-6.4374037	-0.04855518	0.2978675	0.0034519946	0.043250002	79.0	11500.74423956871
61	3.6102362	0.0	45.0	0.0	0.2356021	17.599861	9.747097	28.612051	-5.1373343	2.2825098	0.9306623	4.7262545	0.9088578	20.675392	13.781069	5.4579487	23.271526	-7.740604	248000	-9.313226e-09	17.961245	0.21889266	-0.005574225	-7.0547743	-0.050492216	0.295963	0.0122222565	0.0785	20.0	11666.206014871597
62	3.6513019	0.0	36.0	0.0	0.19354838	17.519857	9.08056	31.060047	-3.6631823	2.1403582	0.9157928	5.455525	0.90970343	21.290323	13.673381	5.375289	23.288721	-6.4533014	252000	3.7252903e-09	19.708342	0.19061181	-0.0056981063	-6.8687983	-0.04422814	0.31133822	0.0039667347	0.039	79.0	11837.242071390152
63	3.6925042	0.0	41.0	0.0	0.21925133	17.66202	9.4246855	29.737047	-7.178121	2.2341917	0.8945119	5.2144213	0.921894	21.053476	13.253551	5.3954196	23.150146	-6.4580326	256000	3.7252903e-09	16.685059	0.19008319	-0.007599596	-6.1119814	-0.040348537	0.29243582	0.0075470544	0.03675	79.0	12007.707629203796
64	3.7336266	0.0	32.0	0.0	0.17297298	19.096771	8.141362	28.818687	-1.909765	2.1133165	0.87779766	4.767514	0.898162	21.324324	14.141999	5.140575	23.305195	-4.903395	260000	-3.7252903e-09	13.537128	0.15235591	-0.0062391832	-4.8050222	-0.027571436	0.26021582	0.0018031569	0.077	79.0	12176.25402188301
65	3.7745821	0.0	38.0	0.0	0.2	18.134317	8.889949	31.723774	-5.2710004	2.054326	0.9065977	4.7547183	0.9165671	20.789474	13.941003	5.0390673	24.246344	-6.731213	264000	-3.7252903e-09	16.592062	0.18406284	-0.0071494905	-5.8824625	-0.04868379	0.23763937	0.006338399	0.078999996	79.0	12343.567641019821
66	3.8154593	0.0	34.0	0.0	0.1827957	18.94564	8.562178	28.912966	-1.9365028	2.0896955	0.886981	5.1270595	0.9220288	21.42473	13.702043	5.243259	23.645723	-6.6645904	268000	-8.614734e-09	16.076443	0.1644811	-0.0079053575	-6.1374636	-0.053432524	0.24691842	0.00631853	0.035	79.0	12513.35624074936
67	3.8565757	0.0	31.0	0.0	0.17127071	18.717306	8.11213	29.646574	-4.3231945	2.2600737	1.0060444	4.968948	0.91396874	21.718231	14.179995	4.9376116	24.374943	-4.124589	272000	7.450581e-09	17.453669	0.25942522	-0.006854477	-6.681158	-0.08511295	0.2529595	0.0039539034	0.03125	79.0	12681.940742969513
68	3.8974617	0.0	29.0	0.0	0.1576087	18.930454	8.736647	30.785246	-2.4902494	2.0050557	0.8409206	4.316647	0.90089655	21.494566	14.114485	4.7852488	24.17548	-9.120084	276000	2.2351742e-08	14.82472	0.17115763	-0.006675439	-6.764955	-0.07511336	0.24599051	0.006683939	0.03125	79.0	12850.876735687256
69	3.938389	0.0	34.0	0.0	0.18181819	18.675238	8.519933	29.802809	-1.9575223	2.1390064	0.92738503	4.698264	0.6677942	21.171124	13.904248	5.2975793	23.254705	-7.550877	280000	-7.450581e-09	14.680039	0.19829112	-0.0081399735	-5.14215	-0.052676238	0.24496654	0.004797313	0.092250004	79.0	13021.684504508972
70	3.9792106	0.0	31.0	0.0	0.1693989	18.25006	8.243423	28.416822	-4.6882954	2.0547645	0.8837495	4.958179	0.9104533	21.5847	14.291435	4.9176073	26.01209	-5.943759	284000	-5.5879354e-09	12.485218	0.14413661	-0.006060573	-5.855099	-0.04137283	0.23647283	0.005644409	0.025	79.0	13191.280421972275
71	4.0201936	0.0	30.0	0.0	0.16393442	19.07086	8.389631	29.39688	-5.0619397	2.1926885	1.0155935	6.739858	0.9206934	21.754099	13.7075615	5.2191863	23.280272	-7.1658134	288000	0.0	16.30285	0.26313922	-0.0066124774	-6.7212257	-0.096665725	0.22026679	0.0068519353	0.039499998	79.0	13360.665901184082
72	4.061255	0.0	30.0	0.0	0.16483517	18.799883	8.085098	30.20941	-1.0596063	2.1512573	0.9186153	4.8295574	0.909085	21.752747	14.296465	4.999569	24.272371	-6.3005614	292000	1.8626451e-09	15.084983	0.2076087	-0.00599321	-6.837137	-0.05485066	0.23551437	0.005650695	0.079500005	79.0	13528.734481334686
73	4.102472	0.0	38.0	0.0	0.2010582	18.140574	8.884096	30.045542	-4.3691244	2.193882	0.98429936	4.958977	0.91592115	21.005291	13.460484	5.224657	23.079409	-5.8399067	296000	0.0	18.459503	0.21139017	-0.0052875774	-8.517698	-0.057232004	0.22223492	0.012549247	0.031000001	29.0	13695.587180137634
74	4.1437087	0.0	26.0	0.0	0.1436464	19.677	7.79187	31.11911	-2.996119	2.1238241	0.91176414	5.3349595	0.9115566	21.823204	14.419467	4.6560864	24.4409	-8.426093	300000	-1.8626451e-09	14.907192	0.21916427	-0.0065208217	-6.1728764	-0.057701483	0.2120421	0.0041191094	0.031999998	79.0	13864.396396875381
75	4.184914	0.0	26.0	0.0	0.14130434	18.759506	8.034456	33.399303	-6.1507545	2.0925155	0.8776649	4.757921	0.91212916	21.440218	14.163533	5.185457	23.239132	-7.7012124	304000	9.313226e-10	12.499889	0.18497156	-0.009011803	-5.3049254	-0.053181916	0.21610817	0.0045466805	0.0315	79.0	14033.45412683487
76	4.226228	0.0	26.0	0.0	0.14285715	19.151121	7.7213364	29.695763	-1.2473392	2.1633713	0.8516631	4.7352724	0.9102216	21.928572	13.783051	4.9751067	24.258091	-4.1281853	308000	3.7252903e-09	13.028696	0.18094872	-0.0076670935	-5.3545446	-0.052077107	0.24187893	0.009220614	0.0325	79.0	14203.530412197113
77	4.2677326	0.0	44.0	0.0	0.23280424	17.513044	9.063131	28.862614	-4.025109	2.209748	0.9529016	4.859237	0.9093844	20.798943	14.0997	5.038016	25.786377	-8.636399	312000	-3.7252903e-09	17.258007	0.19725326	-0.007837593	-8.302042	-0.051166087	0.23676899	0.0088366885	0.0995	79.0	14373.038378715515
78	4.309422	0.0	34.0	0.0	0.18478261	18.015272	8.541608	30.152264	-6.110292	2.2139742	0.94552374	5.072106	0.9081201	21.451086	13.647284	5.2057486	24.070541	-6.3525405	316000	-1.4901161e-08	13.697454	0.16651419	-0.007572474	-5.3691616	-0.036413893	0.23842838	0.0060714465	0.0775	79.0	14543.913419485092
79	4.3511176	0.0	37.0	0.0	0.19680852	17.700956	8.997581	28.956438	-2.3381066	2.123117	0.93814725	5.2474723	0.9254571	20.98936	13.166816	5.562771	23.978815	-6.75028	320000	1.3038516e-08	16.705868	0.18652232	-0.006552529	-7.378951	-0.052246384	0.25169122	0.0049540834	0.026	79.0	14714.11374759674
80	4.3926888	0.0	24.0	0.0	0.13407822	19.336826	7.6327057	28.722424	-1.0846865	2.0492713	0.8944156	5.450452	0.911332	21.960894	14.149449	4.9690523	25.114904	-9.233165	324000	7.450581e-09	14.026545	0.21581419	-0.0077505494	-6.963155	-0.08195769	0.23984462	0.0038925384	0.032	79.0	14884.942592144012
81	4.434249	0.0	24.0	0.0	0.13333334	19.837002	8.151601	30.518772	-2.6865187	2.0995078	0.8663981	5.397189	0.92360145	21.977777	14.036941	4.8569703	23.742373	-6.1673737	328000	7.450581e-09	17.166843	0.18960185	-0.0068284282	-8.454387	-0.059883222	0.23622523	0.0084108	0.037249997	79.0	15053.2356903553
82	4.475683	0.0	19.0	0.0	0.10555556	19.041527	7.3265615	29.58417	-6.4156027	2.0338438	0.917784	5.1547046	0.66779244	22.1	14.24655	4.7221823	25.24665	-9.392283	332000	9.313226e-09	11.867874	0.1773901	-0.0071251024	-5.746532	-0.057415485	0.22999592	0.0061407234	0.04	79.0	15223.897225379944
83	4.517246	0.0	25.0	0.0	0.13736264	19.332512	8.006805	29.012743	-5.7770195	2.1588416	0.8843338	5.376075	0.8965838	21.681318	14.200813	4.708527	22.706886	-7.033373	336000	-1.8626451e-09	13.680222	0.18277057	-0.0067004426	-6.0994873	-0.05503527	0.23007849	0.006622738	0.10175	79.0	15393.158183336258
84	4.558798	0.0	30.0	0.0	0.16216215	18.414236	8.665301	30.01835	-3.426558	2.088255	0.9027679	4.7218943	0.8964998	21.237839	14.058814	5.0140495	24.665197	-9.653746	340000	1.21071935e-08	16.232553	0.1721385	-0.007333082	-7.420249	-0.060323097	0.21995227	0.005285071	0.02875	79.0	15561.912596464157
85	4.6004167	0.0	21.0	0.0	0.11731844	19.408178	7.7461634	30.258493	-3.882286	2.1250536	0.9137086	5.2332053	0.6663408	22.022346	14.005601	4.928812	23.81304	-7.1824822	344000	-1.8626451e-09	13.916604	0.18556765	-0.006642122	-6.840454	-0.057923254	0.232429	0.0018502173	0.02975	79.0	15732.46536064148
86	4.642043	0.0	22.0	0.0	0.12021858	19.60644	7.5919642	29.106375	-3.6816442	2.0939693	0.9012362	5.8892875	0.66778946	21.74317	14.4023485	4.668221	24.063923	-8.485846	348000	-5.5879354e-09	13.572434	0.15529418	-0.006099445	-6.3268747	-0.054268546	0.22333449	0.004307925	0.02775	79.0	15902.54459118843
87	4.6836934	0.0	28.0	0.0	0.1521739	19.150038	7.928578	30.079588	-1.109147	2.0992815	0.87483305	4.8963337	0.91946685	21.423914	14.44046	4.7758727	24.772038	-7.6607947	352000	8.381903e-09	13.477057	0.17196062	-0.0050161127	-6.463508	-0.054419577	0.22923115	0.004058525	0.0275	79.0	16072.008087396622
88	4.7252812	0.0	25.0	0.0	0.13440861	19.65082	7.7755833	29.71388	-1.9395432	2.0516996	0.776663	4.4838467	0.9147919	21.295698	14.304224	4.9244123	23.447643	-5.3162866	356000	-9.313226e-10	13.870579	0.15099451	-0.008410996	-6.4744396	-0.04618473	0.22086342	0.008021646	0.030499998	79.0	16239.285556793213
89	4.7669606	0.0	22.0	0.0	0.12222222	19.023003	7.5350137	28.663408	-6.5088434	2.1257622	0.8655332	5.562162	0.66705865	21.994444	14.473686	4.9852166	23.500107	-7.130256	360000	-9.313226e-09	13.55217	0.18056391	-0.008403387	-6.113578	-0.057296913	0.21254416	0.006444825	0.03525	79.0	16408.759381771088
90	4.8085856	0.0	18.0	0.0	0.1	19.748926	7.296488	30.176962	-4.717856	2.0508206	0.8782139	4.8516607	0.66765964	22.038889	14.345275	4.6760316	23.924637	-5.6696973	364000	1.3038516e-08	12.210152	0.17484237	-0.0055142073	-6.4014673	-0.059625834	0.20808798	0.0058593084	0.0715	79.0	16577.973957061768
91	4.850212	0.0	20.0	0.0	0.10989011	19.986538	7.5727177	30.451424	-4.8630347	2.073713	0.87944704	4.927201	0.9275193	21.747253	14.283226	4.696872	24.080006	-10.716754	368000	1.1175871e-08	13.46912	0.17382625	-0.007264015	-6.316213	-0.047796868	0.19442452	0.0040928777	0.022750001	79.0	16747.082869529724
92	4.8919163	0.0	23.0	0.0	0.12849163	19.307732	7.6889067	29.553858	-2.0173488	2.110413	0.85998654	5.479594	0.9085374	22.005587	14.462307	4.7284083	24.188734	-8.087505	372000	-2.3283064e-09	14.238205	0.16658491	-0.007864177	-6.619503	-0.054810442	0.2065634	0.008662813	0.0385	79.0	16916.887751340866
93	4.9338207	0.0	34.0	0.0	0.18181819	18.204596	8.707836	29.506159	-5.0086403	2.1752503	0.9510092	5.4572983	0.6663356	21.160427	14.115678	4.992554	24.255274	-8.717397	376000	-8.381903e-09	16.457945	0.18463543	-0.005144108	-7.5049806	-0.06095856	0.2179581	0.007727552	0.0345	79.0	17086.47899389267
94	4.9756246	0.0	19.0	0.0	0.12418301	19.281353	7.6669345	28.902935	-3.638417	2.0262985	0.8290288	4.762478	0.92010695	21.339869	13.629831	4.4971485	23.537949	-12.669153	380000	-2.2351742e-08	28.774025	0.1440247	-0.002703501	-15.059458	-0.06336987	0.27098885	0.012931971	0.098000005	7.0	17288.447729110718
95	5.0176377	0.0	24.0	0.0	0.13259669	19.18661	7.683987	29.10896	-4.216035	2.1785908	0.9233138	5.4417787	0.91981155	21.850828	13.418597	5.886055	24.783571	-9.319431	384000	1.2340024e-08	19.572313	0.1957342	0.0010726978	-11.658247	-0.062425554	0.19928609	0.013304636	0.053500004	14.0	17456.98668861389
96	5.0598865	0.0	32.0	0.0	0.17297298	18.359848	8.628198	29.943464	-4.363583	2.2005877	0.87822855	4.8803153	0.9238215	21.302702	14.364692	4.8430443	23.799063	-7.221271	388000	-6.519258e-09	16.370213	0.17201158	-0.0051974203	-8.202015	-0.046355117	0.20153207	0.003883523	0.026749998	79.0	17625.040779352188
97	5.1021166	0.0	25.0	0.0	0.13661203	19.0346	7.963747	27.96541	-3.3850327	2.0783474	0.92735136	5.235836	0.6615202	21.57377	14.069226	4.8731956	23.340569	-6.855224	392000	-9.313226e-09	14.2980995	0.20643227	-0.0060754362	-5.710003	-0.0716792	0.19147298	0.004433192	0.085250005	79.0	17793.559069871902
98	5.144296	0.0	21.0	0.0	0.115384616	19.32908	8.037707	29.857027	-19.983099	2.0582063	0.89729434	5.8450456	0.90840375	21.835165	14.299676	4.991644	23.845686	-14.639345	396000	1.2340024e-08	16.306236	0.18866341	-0.005484488	-7.517562	-0.07144539	0.18520117	0.012097481	0.034500003	33.0	17959.422004699707
99	5.186361	0.0	23.0	0.0	0.123655915	18.914452	7.5391297	28.793152	-5.361496	2.0196075	0.8515999	4.7819724	0.91131604	21.333334	13.939117	5.138236	24.301855	-6.4866304	400000	-1.4901161e-08	17.052628	0.18790391	-0.0068659275	-8.849928	-0.06851676	0.18584082	0.002209247	0.0225	79.0	18128.01122045517
100	5.2286105	0.0	23.0	0.0	0.12637363	19.021614	8.270235	30.631453	-8.789552	2.1642284	0.9087087	5.240296	0.90956354	21.879122	14.058779	4.836509	23.685923	-8.434289	404000	1.3038516e-08	16.537651	0.19576278	-0.0070492844	-7.877492	-0.073458776	0.1875306	0.0031853642	0.02625	79.0	18297.661700725555
101	5.270999	0.0	32.0	0.0	0.17204301	18.41127	8.264871	31.212927	-2.4803247	2.1477606	0.91201824	4.786387	0.9216281	21.198925	14.0206785	4.7663536	23.988195	-8.215227	408000	1.4901161e-08	16.851984	0.22593254	-0.006931575	-7.445603	-0.08255131	0.20301862	0.0022002398	0.02575	79.0	18471.05639886856
102	5.3134017	0.0	27.0	0.0	0.14673913	18.409256	7.731252	30.147598	-2.7861042	2.0883725	0.8794467	5.4143667	0.9092201	21.532608	13.853225	4.7648873	24.50887	-5.653312	412000	1.1175871e-08	12.059996	0.14265186	-0.0065349727	-4.7917314	-0.041413806	0.19369417	0.004899105	0.029	79.0	18643.148424863815
103	5.355714	0.0	21.0	0.0	0.11797753	19.305098	7.1445694	28.506283	-3.7459934	2.0330935	0.8205352	4.672419	0.92746955	22.269663	14.008586	4.600788	25.642859	-5.485821	416000	0.0	11.352043	0.14263892	-0.0074433545	-5.263873	-0.04452788	0.1843767	0.0031989876	0.02875	79.0	18815.544116973877
104	5.3977966	0.0	22.0	0.0	0.12222222	19.579931	7.9159927	30.0972	-3.2449446	1.9552388	0.80695665	4.456807	0.67847586	21.972221	14.400045	4.733156	24.290806	-7.9853196	420000	1.8626451e-09	8.710228	0.12140218	-0.006201345	-3.6163468	-0.03899581	0.19487327	0.0033797896	0.024	79.0	18987.367541074753
105	5.439745	0.0	19.0	0.0	0.10555556	19.889595	7.194359	30.109459	-4.8975506	1.98856	0.8557427	4.683885	0.91073006	21.961111	14.559026	4.6975937	23.522821	-9.093395	424000	-4.656613e-09	14.079033	0.16099808	-0.005865982	-8.095023	-0.06990327	0.19341668	0.005375179	0.035	79.0	19158.195306301117
106	5.481673	0.0	17.0	0.0	0.09497207	19.600237	6.8011103	30.35289	-3.4611595	2.0364435	0.81157696	5.015044	0.9240957	22.061453	14.586647	4.6440873	24.813837	-9.633773	428000	-5.5879354e-09	9.628844	0.15311226	-0.0057421764	-4.8083467	-0.060308807	0.18878955	0.012414064	0.02775	40.0	19327.487176656723
107	5.523619	0.0	25.0	0.0	0.13812155	18.676088	7.787938	30.636282	-1.8451834	2.0522292	0.8339342	4.8308105	0.66637516	21.701658	14.242722	4.4034343	23.907982	-7.000497	432000	0.0	15.188002	0.15058334	-0.006147012	-7.4203973	-0.059039928	0.18904155	0.007028646	0.090749994	79.0	19498.215337753296
108	5.5655427	0.0	20.0	0.0	0.110497236	19.607565	7.638323	29.622305	-2.3867447	2.029433	0.8353145	4.5599217	0.91609406	21.756907	14.291281	4.797316	23.703024	-6.5255017	436000	9.313226e-09	11.548448	0.17093772	-0.007396252	-5.987479	-0.069714144	0.18836528	0.008529554	0.0295	79.0	19667.588171720505
109	5.607366	0.0	19.0	0.0	0.10674157	19.969862	7.184424	28.462984	-1.1596158	1.9869967	0.7693748	4.113218	0.9091822	22.2191	14.837243	4.1572804	23.558752	-4.819278	440000	-9.313226e-09	12.066722	0.16680193	-0.006691216	-5.5598755	-0.06452815	0.18160008	0.006999057	0.075	79.0	19838.633071422577
110	5.649168	0.0	21.0	0.0	0.11797753	19.589533	7.790752	28.838484	-3.294492	2.018423	0.8503495	4.6290984	0.915997	22.08427	14.453142	4.6226745	22.913322	-7.957819	444000	9.313226e-10	12.578768	0.17920992	-0.006841747	-6.729493	-0.06553927	0.18886682	0.006659123	0.02975	79.0	20008.96191596985
111	5.6907353	0.0	11.0	0.0	0.061797753	20.51777	6.6072335	32.17859	-6.0057054	1.9085768	0.7856165	5.097595	0.70161474	22.35955	14.572728	4.4991426	25.802172	-9.868273	448000	5.5879354e-09	10.434366	0.16304545	-0.006899762	-6.5990376	-0.09055718	0.18536302	0.0030162479	0.026999999	79.0	20177.43414592743
112	5.7326045	0.0	19.0	0.0	0.10674157	19.41807	7.1118035	29.749722	-3.4739735	2.1611333	0.85581684	6.0204153	0.9126465	22.269663	14.73285	4.499895	24.973877	-7.5033154	452000	-1.4901161e-08	13.646666	0.20729849	-0.007063782	-7.5724177	-0.08351003	0.19208875	0.004507307	0.02475	79.0	20348.287974834442
113	5.7743607	0.0	16.0	0.0	0.08791209	19.758669	6.899961	30.33458	-2.242849	1.9675561	0.81614554	5.0322776	0.66778946	21.73077	14.363341	4.3725276	23.78603	-5.4973392	456000	0.0	12.125409	0.15023085	-0.0040799254	-5.872482	-0.06569126	0.17494039	0.004363885	0.021	79.0	20518.38696718216
114	5.816007	0.0	16.0	0.0	0.08988764	20.15961	6.6738825	30.04741	-3.0506892	1.9606214	0.75602865	4.5882163	0.9115205	22.11236	14.706349	4.307032	24.159853	-9.261675	460000	-2.7939677e-09	10.357149	0.15220082	-0.0064466232	-4.8704467	-0.057166144	0.18548425	0.00267754	0.026250001	79.0	20687.435595035553
115	5.857614	0.0	16.0	0.0	0.08888889	20.314545	6.8178186	28.658329	-2.7953818	1.9873122	0.7892507	4.879169	0.9161681	21.98889	14.58543	4.3958697	23.73769	-5.5345716	464000	7.450581e-09	10.866395	0.15100083	-0.007588319	-5.3983088	-0.04663207	0.19384928	0.008385341	0.035749998	79.0	20858.067790985107
116	5.899322	0.0	22.0	0.0	0.12154696	19.09573	7.9222713	30.240433	-5.756108	2.052077	0.8155785	4.4877768	0.9309435	21.81768	14.730927	4.8326693	24.767414	-8.787851	468000	-4.656613e-10	12.035948	0.13427514	-0.006723246	-6.9042597	-0.04755771	0.17150164	0.0041089123	0.023249999	79.0	21027.215704202652
117	5.941326	0.0	24.0	0.0	0.13259669	18.96574	8.04681	29.829082	-6.0002623	2.1514475	0.8510945	5.0152507	0.9084384	21.78453	13.549143	5.3636994	24.665825	-8.095565	472000	-3.7252903e-09	17.258947	0.15596211	-0.009444887	-8.936908	-0.054760583	0.19439611	0.0068348525	0.03425	79.0	21199.674785375595
118	5.983335	0.0	15.0	0.0	0.083333336	20.025036	6.8870397	30.642542	-3.7331371	2.0198267	0.8167436	4.578262	0.89647526	22.133333	14.53951	4.3310347	25.068687	-5.9410877	476000	-8.8475645e-09	12.866897	0.14622024	-0.008070011	-7.3766193	-0.053713806	0.2030043	0.0070447605	0.107250005	79.0	21374.162256002426
119	6.025358	0.0	19.0	0.0	0.10555556	19.489403	7.2178197	28.1511	-5.860508	2.0224934	0.8427748	4.5558114	0.6672503	21.98889	14.787731	4.620859	24.196714	-7.13771	480000	7.450581e-09	12.671613	0.1691828	-0.006988001	-5.938938	-0.0668862	0.18206698	0.004487507	0.02225	79.0	21542.87998175621
120	6.0674515	0.0	16.0	0.0	0.08938547	19.740509	6.922446	30.185896	-3.9126058	2.04824	0.8804313	4.3695383	0.92109483	22.10056	14.276816	4.1991577	24.260138	-6.855367	484000	9.313226e-10	13.518033	0.19696267	-0.005321054	-6.5425835	-0.08228395	0.17848305	0.005079965	0.02875	79.0	21712.29028224945
121	6.1095586	0.0	12.0	0.0	0.06703911	20.03831	6.68602	30.056215	-6.9686894	2.0215151	0.7987285	5.05895	0.90908885	22.156425	14.675239	4.1913857	23.948551	-7.473396	488000	-1.4901161e-08	10.809443	0.145035	-0.005942045	-5.291774	-0.061445966	0.17416722	0.002510184	0.065500006	79.0	21881.56972837448
122	6.151622	0.0	16.0	0.0	0.08888889	20.296389	7.12863	29.114311	-4.2242393	1.9918072	0.8483806	4.8468533	0.9115094	22.033333	14.788925	4.173581	24.42999	-6.787022	492000	5.5879354e-09	12.973875	0.19178644	-0.0066139596	-6.818227	-0.080504976	0.18496989	0.0038057698	0.028749999	79.0	22050.614365816116
123	6.193741	0.0	11.0	0.0	0.07801419	20.557934	5.996338	29.723505	0.24313022	2.0358384	0.82194024	4.797098	0.91664404	21.929077	13.754495	4.8759913	27.12471	-16.166365	496000	7.450581e-09	31.651802	0.13043432	-4.953891e-05	-18.892708	-0.053955536	0.27843645	0.015430994	0.32975	4.0	22263.897178173065
124	6.2360835	0.0	28.0	0.0	0.15135135	18.55197	7.854568	28.606506	-4.232992	2.1185768	0.9100848	5.470936	0.66961724	21.383783	13.468228	5.622142	24.79858	-5.6205044	500000	1.5180558e-07	21.694027	0.17489123	0.0019299537	-15.082616	-0.06528541	0.20431669	0.017587896	0.207	12.0	22432.975707292557
