Epoch	AverageCrash_counter	StdCrash_counter	Crash_ratio	AverageEpRet	StdEpRet	MaxEpRet	MinEpRet	AverageEpCost	StdEpCost	MaxEpCost	MinEpCost	EpLen	AverageVVals	StdVVals	MaxVVals	MinVVals	TotalEnvInteracts	LossPi	LossV	DeltaLossPi	DeltaLossV	Entropy	KL	ClipFrac	StopIter	Time
0	93.0	0.0	0.7265625	-6.5717487	8.307384	14.527888	-18.41802	4.5478215	1.2865878	7.987484	1.1516488	15.90625	0.037167616	0.015765727	0.07672018	-0.07643246	4000	8.940697e-08	373.0514	-0.014774144	-44.006844	1.6073773	0.008785379	0.092999995	79.0	312.55202984809875
1	158.0	0.0	0.6869565	-5.718822	8.567606	19.391626	-24.183622	4.9000177	1.4382306	9.563	1.2570958	17.243479	-2.2496617	0.27605692	-1.6213262	-3.065853	8000	1.1175871e-08	57.700058	-0.015437591	-1.5048885	1.5861573	0.013900619	0.2655	12.0	589.8807299137115
2	132.0	0.0	0.58928573	-3.2426105	9.12291	18.09929	-21.915516	4.5481524	1.483277	9.174816	1.0177733	17.71875	-2.4950619	0.6556464	-1.5114827	-4.244828	12000	0.0	70.35824	-0.01051781	-4.645357	1.5532393	0.012319088	0.062250003	32.0	863.2046122550964
3	77.0	0.0	0.3888889	0.726584	9.88213	21.157394	-22.014584	4.133044	1.5360376	8.045224	0.9317397	20.045454	-1.0042382	0.47062624	-0.2165633	-2.5534	16000	2.3283064e-08	81.89572	-0.015785217	-12.581501	1.5114467	0.0045796474	0.154	79.0	1139.0634627342224
4	83.0	0.0	0.44864866	0.9050443	10.184516	21.443369	-22.53106	4.056459	1.4718612	8.168042	0.8867305	19.605406	1.1563064	0.8481937	3.3387792	-0.46611714	20000	1.1175871e-08	87.878716	-0.0123175755	-1.715744	1.4539148	0.012217442	0.12825	35.0	1421.301239490509
5	57.0	0.0	0.42222223	1.7319149	10.122449	24.034761	-18.432049	3.953813	1.4405745	7.840725	0.9072712	19.859259	1.1711701	1.333583	4.3940578	-0.28721303	24000	-1.4901161e-08	151.08069	-0.007717699	-14.525879	1.4261136	0.012195133	0.069	39.0	1715.3213515281677
6	62.0	0.0	0.32978722	3.3731139	9.567347	23.565308	-17.062643	3.7053535	1.4785725	8.316463	0.94151425	21.218084	1.7386011	1.931172	4.850726	-2.1005397	28000	-2.6077032e-08	75.4279	-0.0057809167	-8.627392	1.3773475	0.012415233	0.16575	11.0	1998.9388236999512
7	74.0	0.0	0.37373737	3.4788885	10.459548	28.890156	-16.847065	3.66225	1.4798431	8.022865	0.90600425	20.010101	3.783353	2.2052963	7.0895343	-1.0224113	32000	3.7252903e-09	71.92424	-0.0053206002	-3.6340523	1.3524671	0.012074855	0.16600001	10.0	2271.8426547050476
8	70.0	0.0	0.38674033	3.735562	10.652249	27.42941	-17.463814	3.366395	1.4170557	7.818209	0.9028205	19.077349	3.679594	2.6087787	8.850776	-1.3418682	36000	1.1175871e-08	84.84147	-0.014372618	-0.75951004	1.2868001	0.008156529	0.0895	79.0	2548.03578042984
9	54.0	0.0	0.28125	5.585722	10.560038	25.048336	-17.632889	3.1831496	1.3304749	6.9548583	0.8738667	20.739584	4.1473637	2.4458728	7.7871294	-0.16451448	40000	1.4901161e-08	69.03798	-0.016412571	-7.444496	1.2278571	0.0122136455	0.177	75.0	2820.891229391098
10	86.0	0.0	0.41747573	4.7688403	11.213589	29.311108	-18.042763	3.2994728	1.2695149	7.175993	1.1769336	19.262136	6.1197214	2.3173926	9.542683	1.358313	44000	1.3038516e-08	71.103	-0.009003151	-3.911518	1.1594589	0.007516789	0.07575	79.0	3087.2367491722107
11	51.0	0.0	0.26984128	8.193171	10.08619	25.67081	-15.974335	2.9143078	1.2339017	7.7419505	0.657564	21.031746	5.5792665	2.6465242	10.34585	0.4184988	48000	-1.4901161e-08	60.181446	-0.013919673	-8.972889	1.0972819	0.009494808	0.09725	79.0	3358.28636097908
12	55.0	0.0	0.28645834	9.719759	10.6872015	27.806454	-15.374319	2.7993004	1.2268078	5.646036	0.8969162	20.666666	8.1164	2.3816237	12.563156	3.577825	52000	-6.9849193e-09	59.149597	-0.012356399	-2.6106339	1.0603865	0.007255518	0.08675	79.0	3621.275053501129
13	56.0	0.0	0.29473683	10.070506	9.747293	27.739614	-11.551462	2.9338405	1.2443309	6.6012444	0.8972338	20.942104	8.836156	2.1850934	13.086133	4.3586545	56000	-7.450581e-09	47.707626	-0.009964358	-1.6547298	1.0482012	0.0060771876	0.0765	79.0	3888.557332277298
14	41.0	0.0	0.22162162	11.93987	9.71426	26.35222	-15.91379	2.6287737	1.1801847	7.6928487	0.91061395	21.497297	9.318367	2.4114902	14.490497	4.173402	60000	-1.4901161e-08	45.216393	-0.010790847	-2.4484158	0.99357176	0.007411648	0.103	79.0	4157.941811800003
15	62.0	0.0	0.3147208	10.89836	10.012775	27.716583	-10.697088	2.751735	1.2058561	6.439844	0.90904605	20.172588	10.299184	1.8757629	14.825353	4.9755044	64000	9.313226e-09	48.786556	-0.0076183937	-1.4870434	0.9771745	0.007868126	0.067499995	79.0	4413.339571475983
16	62.0	0.0	0.31958762	11.683823	10.1170845	29.157778	-11.126344	2.7926	1.172172	5.968849	0.947375	20.530928	9.658715	1.8074832	14.401651	3.3528664	68000	0.0	49.423046	-0.009300478	-1.5030746	0.9566134	0.008774538	0.06925	79.0	4681.744669675827
17	35.0	0.0	0.19021739	14.406244	9.267107	28.043015	-6.8817472	2.436154	1.0712837	5.391858	0.90988755	21.679348	10.353627	1.8803676	15.176241	1.0939757	72000	-5.5879354e-09	40.604935	-0.0082393065	-3.2348938	0.87498116	0.0071741133	0.0535	79.0	4945.76256608963
18	46.0	0.0	0.24468085	14.621897	9.661826	29.236773	-7.354482	2.5153403	1.0761319	5.373711	0.66650915	21.218084	11.676822	1.6407163	15.812269	1.3140593	76000	3.7252903e-09	43.123634	-0.008366831	-0.43421364	0.8319628	0.0065207984	0.06225	79.0	5208.218016624451
19	43.0	0.0	0.22751322	14.680956	9.104088	28.752743	-6.088631	2.4742904	1.0345527	6.5286098	0.6676041	21.074074	12.029416	1.7659507	15.804379	1.7709057	80000	-3.7252903e-09	37.25953	-0.0074532162	-0.68510437	0.77601206	0.0059753954	0.035	79.0	5471.899713754654
20	52.0	0.0	0.26666668	13.94584	9.756716	29.240932	-8.229212	2.4252512	1.0034775	5.785066	0.92770773	20.394873	11.817187	1.9283937	16.10551	-1.8636066	84000	-7.450581e-09	40.232304	-0.0062146336	-0.9302635	0.7462262	0.005287854	0.05275	79.0	5733.6173593997955
21	42.0	0.0	0.22222222	15.127689	9.406469	27.81109	-8.707158	2.4064164	1.0565133	7.4569025	0.66758347	21.015873	11.47701	1.9812628	16.42973	-2.9804006	88000	0.0	37.586014	-0.006042814	-1.4781656	0.69639003	0.0031266732	0.04625	79.0	5994.808056116104
22	50.0	0.0	0.2617801	14.943546	9.919163	28.615242	-9.232917	2.3813226	1.0701549	6.094836	0.9089204	20.816753	12.201042	2.1743972	17.314535	0.3420394	92000	-3.259629e-09	41.76587	-0.00746496	-0.7552414	0.6424322	0.007693654	0.074	79.0	6253.690793275833
23	33.0	0.0	0.18032786	16.170362	9.0862055	28.901152	-9.668095	2.355818	1.0205017	5.582118	0.66626465	21.781422	12.065528	2.3662512	17.190636	-5.580712	96000	1.1175871e-08	35.170174	-0.008263912	-1.1790018	0.6236814	0.009143065	0.05275	79.0	6514.465358257294
24	31.0	0.0	0.1693989	16.949732	9.07462	28.713049	-9.09471	2.2456763	1.0020924	5.6452246	0.66751224	21.792349	12.731326	2.067769	17.922234	-5.544827	100000	-3.7252903e-09	32.98016	-0.0043310123	-0.7960367	0.5997274	0.002151541	0.032250002	79.0	6769.768024921417
25	41.0	0.0	0.21808511	16.547443	9.632476	28.728516	-8.201174	2.3645244	1.0575052	5.307271	0.91314274	21.143618	12.934266	2.4591043	18.067377	-6.7155905	104000	7.450581e-09	35.870155	-0.0062704682	-0.5898466	0.62069833	0.005843655	0.042	79.0	7025.0262796878815
26	45.0	0.0	0.234375	15.934326	9.430168	28.16245	-7.749127	2.336032	1.0905838	5.4035535	0.90864205	20.692709	13.019177	2.862357	19.53929	-7.9218793	108000	5.5879354e-09	37.15445	-0.0065128086	-0.62482643	0.57341135	0.0052513443	0.039499998	79.0	7281.814173460007
27	38.0	0.0	0.20212767	16.603025	8.869554	29.27339	-7.0103154	2.2737775	0.9731411	4.7063026	0.9086531	21.159575	12.141367	2.9660194	18.99529	-5.257583	112000	1.1175871e-08	34.46671	-0.004584483	-1.0019779	0.5491309	0.0039971857	0.0235	79.0	7539.66613984108
28	37.0	0.0	0.19786096	17.237703	8.334029	28.533443	-5.9620094	2.3251863	0.9942454	5.42364	0.9119938	21.342245	13.133277	2.644555	19.96578	-6.492181	116000	-7.450581e-09	29.645147	-0.004680861	-0.76172733	0.54041123	0.0025446748	0.087	79.0	7799.275335788727
29	45.0	0.0	0.2356021	16.89651	9.808776	28.83991	-11.448648	2.284852	0.9749678	5.096504	0.66627926	20.86911	13.253916	2.6131861	18.955189	-4.1008034	120000	-7.450581e-09	38.280758	-0.0062822476	-1.2493935	0.5188603	0.004921714	0.080249995	79.0	8055.947694540024
30	31.0	0.0	0.17032968	17.312937	8.686355	29.813917	-4.8204174	2.3071048	1.001256	5.532098	0.6665454	21.774725	12.844741	3.083391	20.07576	-8.782537	124000	-2.3283064e-09	32.56463	-0.005943396	-1.0108156	0.5309673	0.0061097927	0.03175	79.0	8312.758929491043
31	29.0	0.0	0.15846995	17.839628	8.244294	28.309896	-5.5665627	2.0969722	0.93041015	5.3166375	0.90855885	21.726776	13.44452	2.669239	20.437187	-1.9474288	128000	-7.450581e-09	27.76004	-0.0049597584	-0.46819782	0.5089866	0.0036230544	0.022	79.0	8568.699663639069
32	45.0	0.0	0.2356021	16.736744	9.583711	28.948597	-7.9115815	2.3590283	1.0326014	5.5542407	0.68608403	20.910995	13.282066	2.624255	20.118116	-3.315915	132000	1.1175871e-08	36.283764	-0.005901035	-1.3924904	0.5007212	0.004405764	0.08050001	79.0	8823.676579475403
33	49.0	0.0	0.25520834	16.080812	9.832481	29.797937	-7.4589005	2.2763464	0.9592373	4.3941693	0.6730283	20.734375	13.329021	3.0367537	20.466301	-8.347259	136000	-2.7939677e-09	35.530388	-0.005575521	-1.4797401	0.48533273	0.006563619	0.082	79.0	9074.270113945007
34	35.0	0.0	0.19021739	17.401674	8.982075	29.497633	-5.765323	2.3545823	1.0367895	5.0823293	0.9085553	21.592392	12.633004	3.417103	21.308834	-7.804688	140000	-1.8626451e-09	33.040264	-0.005594868	-1.5937653	0.47841257	0.0054653743	0.0325	79.0	9335.682082891464
35	38.0	0.0	0.20430107	16.830847	9.528972	28.734232	-8.643784	2.329363	1.060453	5.1216764	0.66640717	21.376345	12.992662	3.1436653	19.4368	-8.060994	144000	-8.381903e-09	35.691963	-0.0047591757	-0.4447174	0.47640508	0.004103089	0.0215	79.0	9594.194177627563
36	39.0	0.0	0.20634921	17.295132	9.203419	29.467447	-6.2824163	2.2248363	1.0152161	4.960081	0.6672999	21.005291	13.284824	2.998602	19.044226	-5.3187747	148000	-1.3038516e-08	31.777649	-0.0056221313	-0.77595234	0.45676166	0.0027615842	0.0325	79.0	9851.37669968605
37	32.0	0.0	0.171123	18.257015	8.448302	29.401655	-4.0076056	2.1676092	0.9212486	4.8557363	0.6676485	21.28877	13.363104	3.1997533	19.692429	-7.232063	152000	1.1990778e-08	27.849154	-0.0059215343	-0.77519417	0.42491704	0.005127568	0.09	79.0	10105.803376197815
38	45.0	0.0	0.23684211	17.14206	9.551251	29.75982	-10.062023	2.2647204	1.0180635	5.608417	0.90961105	20.878948	13.571308	2.954883	19.9866	-9.044327	156000	-1.6763806e-08	38.739822	-0.006111603	-0.84890366	0.43244612	0.0076204715	0.04225	79.0	10361.825973033905
39	38.0	0.0	0.2	17.645262	8.9794855	30.000906	-6.897169	2.2646337	0.92209256	4.8054523	0.90991986	20.93158	13.193436	2.8105428	19.853703	-7.9872575	160000	7.450581e-09	30.523483	-0.0049146228	-0.6647835	0.43532717	0.0069170645	0.0715	79.0	10619.072162866592
40	40.0	0.0	0.21276596	17.365128	9.293534	28.059368	-3.155062	2.3273027	0.9349275	4.863189	0.92828363	21.111702	13.301134	3.0451703	19.595285	2.5632932	164000	2.2351742e-08	30.407845	-0.006046381	-0.6517229	0.42431846	0.00505767	0.03775	79.0	10876.296516418457
41	44.0	0.0	0.23157895	17.041765	9.332804	29.811296	-4.84663	2.3046985	1.0164509	4.913455	0.666363	20.852633	13.250241	3.5577319	20.62603	-8.574606	168000	-4.656613e-09	37.83967	-0.0052191354	-1.7527914	0.41694748	0.0011681854	0.0665	79.0	11137.042213201523
42	34.0	0.0	0.18378378	18.309624	8.679509	29.541805	-4.2675033	2.1769047	0.9548767	4.907917	0.66762644	21.513514	13.141311	3.2324212	18.932985	3.1511815	172000	3.7252903e-09	27.770788	-0.003763035	-0.8754568	0.38468692	0.0006253908	0.021249998	79.0	11399.750287532806
43	39.0	0.0	0.20744681	17.44197	8.990319	29.705132	-3.6614645	2.236303	0.97468245	4.8662734	0.89184076	21.234043	13.590025	3.341293	19.911217	-3.3645327	176000	1.1175871e-08	28.134703	-0.0041618235	-0.78560734	0.38134688	0.005538954	0.022	79.0	11664.085355520248
44	36.0	0.0	0.19148937	18.025063	8.748446	30.476616	-2.773574	2.1340098	0.9305477	5.1013207	0.90877444	21.127659	13.264474	3.3702886	20.044426	-0.2790504	180000	-9.313226e-09	27.380035	-0.0054257903	-0.84071255	0.3755337	0.0043918286	0.02375	79.0	11923.155750751495
45	37.0	0.0	0.19680852	17.660057	8.890158	30.107735	-4.921055	2.1470816	0.95283115	5.035226	0.9087327	21.212767	13.8397255	3.327021	20.71066	-2.7272422	184000	-1.0477379e-08	28.243912	-0.0043903776	-0.9895754	0.36033264	0.0017783181	0.02375	79.0	12184.927481889725
46	45.0	0.0	0.23809524	17.059196	9.996026	29.136738	-4.805662	2.2415168	0.9083655	4.568475	0.9159153	21.031746	12.960816	3.4955125	20.76154	-3.2845523	188000	-6.9849193e-09	35.55291	-0.0035477714	-0.6727009	0.36069024	0.0019482304	0.02775	79.0	12446.998746156693
47	36.0	0.0	0.19459459	18.407658	8.895768	28.501207	-3.5097878	2.2071097	0.94295096	4.59066	0.9091878	21.52973	13.656429	3.6956458	20.800264	-5.284166	192000	3.958121e-09	28.074911	-0.005518595	-0.70017624	0.36125535	0.0024571707	0.026999999	79.0	12709.562216997147
48	37.0	0.0	0.19786096	18.05655	8.917477	29.22014	-2.3163211	2.2117374	0.8990294	4.112919	0.8905927	21.181818	13.811207	3.5270152	20.663486	1.4600838	196000	7.916242e-09	27.02002	-0.004903743	-0.738389	0.3756844	0.0036748517	0.072	79.0	12972.08887052536
49	48.0	0.0	0.24742268	16.743383	9.413901	30.50384	-4.1126943	2.35526	1.0089655	4.985128	0.91536635	20.505156	13.507072	3.695143	20.314379	-1.7088193	200000	2.7939677e-09	34.10305	-0.0045460016	-2.0861845	0.37605643	0.004295191	0.02475	79.0	13237.838485002518
50	30.0	0.0	0.16216215	18.780846	8.312293	29.66321	-4.9049096	2.1471899	0.85695505	4.934806	0.8275924	21.443243	13.20311	3.4009318	20.2803	-4.201053	204000	5.122274e-09	26.716862	-0.0053905314	-2.404707	0.3522662	0.0036582767	0.032250002	79.0	13498.32982301712
51	45.0	0.0	0.2356021	17.143381	9.658484	29.293165	-4.4981356	2.2736082	0.9726163	5.4672375	0.66778624	20.874346	13.810612	3.5205548	21.120014	4.515029	208000	3.7252903e-09	31.77827	-0.00501498	-2.155919	0.37955672	0.0051659932	0.026	79.0	13748.037428379059
52	37.0	0.0	0.19680852	18.335894	9.048185	30.470694	-3.7975354	2.1966903	0.947289	4.906738	0.9095106	21.154255	13.252001	3.7206597	20.451761	-1.1632864	212000	-5.5879354e-09	28.378422	-0.0042697303	-1.016078	0.36706418	0.0025550271	0.023249999	79.0	13997.122357845306
53	40.0	0.0	0.21164021	17.512909	9.470749	29.158318	-5.1776495	2.2159843	0.9688591	4.610099	0.6676589	21.026455	13.646035	3.5854867	20.860252	5.0840764	216000	-9.313226e-09	32.119827	-0.005582124	-1.2485523	0.35561958	0.0049989335	0.03125	79.0	14249.169892311096
54	33.0	0.0	0.1764706	18.396917	8.651525	29.727161	-4.2497654	2.1400394	0.94104034	5.687872	0.66732144	21.17647	13.272104	3.5358155	20.10127	4.7520986	220000	-1.4901161e-08	27.756615	-0.0052734707	-1.329319	0.3501517	0.006031736	0.03625	79.0	14505.130736351013
55	48.0	0.0	0.25	16.690361	9.500265	28.997797	-4.7804055	2.2971585	0.92201316	4.600441	0.90149295	20.651041	13.944455	3.338692	20.822344	6.693554	224000	5.820766e-09	31.50896	-0.0048270943	-3.4376335	0.3688208	0.005533237	0.03025	79.0	14757.453977823257
56	37.0	0.0	0.19680852	17.82444	8.946921	30.332676	-5.0755186	2.2080793	0.95204306	4.8020945	0.9086642	21.19149	13.085108	3.6958632	19.668552	4.190027	228000	-7.450581e-09	28.205524	-0.007928077	-1.798687	0.34648743	0.010302179	0.16225001	79.0	15006.915076255798
57	36.0	0.0	0.19354838	18.375147	9.271491	30.97892	-4.5179305	2.2230253	0.98213977	5.3141894	0.6631853	21.360214	13.398033	3.6420658	21.090534	2.4074864	232000	-1.1175871e-08	29.522448	-0.003761243	-1.4408369	0.3499694	0.004920151	0.08775	79.0	15253.157719135284
58	45.0	0.0	0.2356021	17.455818	9.606217	29.036762	-2.9241884	2.3458042	1.0058054	4.8568654	0.6647721	20.77487	13.614992	3.5273182	20.52005	3.4902751	236000	1.1175871e-08	28.531687	-0.0065008737	-1.6474056	0.34016714	0.004433361	0.050499998	79.0	15498.110075473785
59	37.0	0.0	0.19786096	18.295164	8.837942	29.917324	-1.6542099	2.1796298	0.88576615	4.520208	0.9088846	21.240643	13.684442	4.042562	20.985275	4.1295867	240000	7.450581e-09	22.725943	-0.0042466857	-0.6674433	0.32430428	0.0045177955	0.0255	79.0	15744.517347574234
60	33.0	0.0	0.17741935	18.645906	8.9887705	28.876255	-4.437	2.1288004	1.0076973	5.5861983	0.6477267	21.370968	13.483434	3.9684987	20.968098	2.981137	244000	-3.259629e-09	26.17861	-0.007257452	-1.0642529	0.32069185	0.007016639	0.034500003	79.0	15992.302402734756
61	36.0	0.0	0.19459459	18.302458	8.640261	30.789465	-3.5142455	2.142901	0.9551244	4.9829106	0.6677885	21.421621	13.846038	3.8541183	21.600708	5.2649136	248000	1.8626451e-09	23.384212	-0.0049860394	-1.5176897	0.30659056	0.006005187	0.0725	79.0	16253.692081212997
62	49.0	0.0	0.2525773	16.922125	9.544246	30.69026	-3.2203052	2.2578712	1.0192871	4.8746557	0.6677678	20.396908	13.781821	3.645577	21.63818	5.732859	252000	-1.1175871e-08	26.019634	-0.0043919086	-2.7391586	0.30791742	0.0055783973	0.02025	79.0	16521.280373096466
63	46.0	0.0	0.2408377	17.586748	9.373321	30.764072	-3.3776824	2.279222	1.0529112	5.6842465	0.6674179	20.811518	12.806874	4.1336856	20.44398	1.4439743	256000	-8.381903e-09	31.353317	-0.005020962	-2.1051607	0.30895156	0.0043993792	0.0225	79.0	16789.84069609642
64	40.0	0.0	0.21276596	17.705156	9.488043	29.076286	-4.433303	2.2519224	0.97695774	5.8030434	0.6677475	21.148935	13.273016	3.643873	21.66854	3.280667	260000	1.8626451e-09	28.012121	-0.0060171466	-0.9739342	0.3125313	0.0028609568	0.026250001	79.0	17056.475566625595
65	28.0	0.0	0.1521739	19.193192	8.146212	30.199804	-1.929022	2.1591642	0.93721575	5.266954	0.6675313	21.701086	13.596984	3.8014665	21.641823	4.6663017	264000	3.0267984e-09	22.949142	-0.004220048	-1.2166233	0.3051873	0.0024811672	0.01725	79.0	17319.817672491074
66	29.0	0.0	0.15508021	19.070164	8.278501	30.941578	-0.8951497	2.11862	0.861033	4.1704865	0.6664161	21.352942	14.44631	3.6077356	21.804094	5.427164	268000	0.0	20.156643	-0.00525786	-0.67775154	0.27989942	0.0029931907	0.07775	79.0	17578.904475688934
67	43.0	0.0	0.2263158	18.03172	9.109244	28.525667	-3.8399653	2.231104	0.9962062	5.8001046	0.66766196	20.984211	13.893734	3.9721532	21.558735	4.1390705	272000	-2.3283064e-09	25.99442	-0.0037510889	-1.3155966	0.28868723	0.0036545913	0.02125	79.0	17837.621994018555
68	44.0	0.0	0.2303665	17.860943	9.343833	32.260067	-2.4403815	2.2484703	0.97087526	4.785952	0.67799896	20.890053	13.692925	3.923211	21.265432	3.5272465	276000	-1.8626451e-09	25.158588	-0.0040593147	-0.63338566	0.2692235	0.0019346711	0.024500001	79.0	18095.439075231552
69	31.0	0.0	0.16666667	18.468954	8.215128	28.495497	-2.6220937	2.0757272	0.87392753	4.9110193	0.6663111	21.478495	13.669292	4.0331454	21.621971	1.4640335	280000	-6.519258e-09	19.109211	-0.0052929586	-0.7183075	0.27602527	0.004537402	0.0275	79.0	18354.35733318329
70	43.0	0.0	0.22395833	17.734037	9.43676	29.79015	-4.279286	2.137912	0.9090409	4.2438507	0.90905535	20.708334	13.252016	3.940361	20.922659	3.244166	284000	-5.355105e-09	23.41782	-0.0048875487	-1.3340635	0.27560842	0.004613118	0.026999999	79.0	18615.214972257614
71	50.0	0.0	0.25773194	17.274746	9.811742	31.31869	-2.503147	2.29509	1.0270345	6.149981	0.6664697	20.530928	13.695115	4.165673	22.284475	2.8268526	288000	-3.7252903e-09	26.59716	-0.005243145	-2.2627344	0.27347234	0.0022142231	0.094	79.0	18875.563723564148
72	59.0	0.0	0.2964824	16.287445	9.774614	31.734152	-3.0601609	2.2913022	1.0699866	4.967098	0.64769256	20.015076	12.992506	4.511446	21.302195	1.1914554	292000	0.0	24.943651	-0.0038122786	-1.7747183	0.25761634	0.00090217683	0.0175	79.0	19135.15848326683
73	43.0	0.0	0.22279793	18.236927	9.263688	30.302605	-1.30029	2.2263947	0.9344736	4.5909433	0.6675939	20.663212	12.667709	4.3346314	21.12045	1.1935972	296000	-1.4901161e-08	24.785072	-0.003776919	-3.4877157	0.25979277	0.00095129886	0.084	79.0	19394.61656522751
74	38.0	0.0	0.2	18.328323	9.199863	31.006483	-2.6839588	2.133177	0.95820653	4.8296056	0.90605533	20.93158	14.217099	4.2436113	23.837553	1.5942932	300000	1.8626451e-09	21.751505	-0.0052172784	-1.0178032	0.25455195	0.004336567	0.018	79.0	19657.040556669235
75	42.0	0.0	0.21989529	17.906734	9.246212	28.701256	-1.969722	2.207654	0.9894729	4.855169	0.6668281	20.764399	13.43941	4.4649806	22.925232	1.6371166	304000	7.450581e-09	25.372519	-0.0063883252	-1.144969	0.2617064	0.0063354895	0.0285	79.0	19922.559964179993
76	44.0	0.0	0.23280424	17.663708	9.303605	30.438334	-3.0955317	2.236625	0.9896208	7.1123013	0.6669273	21.079365	13.868996	3.973053	21.630175	1.7098317	308000	7.450581e-09	21.730667	-0.004493937	-1.5756454	0.23801003	0.002787817	0.0205	79.0	20185.21010375023
77	33.0	0.0	0.1764706	19.329988	8.76692	31.725792	-3.5045214	2.021391	0.9781613	4.7914314	0.6477653	21.192513	13.329541	4.3817325	21.63272	0.668886	312000	-1.4901161e-08	22.528881	-0.0053442493	-3.0054817	0.24415895	0.00434801	0.15900001	79.0	20447.93503856659
78	24.0	0.0	0.13043478	19.918741	7.845851	28.488504	-2.2585309	2.0761108	0.91895753	4.7661986	0.6675839	21.641304	14.435773	3.99947	23.829668	2.83747	316000	-3.7252903e-09	17.962646	-0.00397747	-0.70581865	0.25297594	0.002526034	0.016	79.0	20701.25568008423
79	41.0	0.0	0.21693122	17.629564	9.197452	28.079727	-4.2097087	2.1984906	0.93915886	4.620984	0.85153764	21.005291	13.876475	4.2673545	22.100317	2.1937466	320000	-1.8626451e-09	22.435047	-0.005498293	-0.8797817	0.26844722	0.0013218377	0.023249999	79.0	20951.097583293915
80	31.0	0.0	0.16756757	18.715773	8.439342	28.642487	-3.6254156	2.0586805	0.89019334	4.5653687	0.91141707	21.454054	14.010634	4.056995	21.574554	1.3700644	324000	-3.7252903e-09	16.198435	-0.004450666	-0.7737684	0.25782079	0.003462945	0.0235	79.0	21199.519253730774
81	36.0	0.0	0.18947369	18.309845	8.957389	31.194708	-5.537137	2.0786543	0.91715693	4.76172	0.66459554	21.015789	13.923138	4.378852	23.048626	0.26548284	328000	-3.7252903e-09	17.930433	-0.0054176096	-0.8682904	0.2418372	0.003918333	0.02775	79.0	21454.199538230896
82	50.0	0.0	0.25641027	16.86203	9.401658	28.782955	-4.3469763	2.2618208	1.0509942	5.2751856	0.66767037	20.476923	13.364733	4.8142633	21.769726	-0.09895584	332000	0.0	22.871437	-0.0050898846	-0.8289881	0.24370784	0.004692305	0.02125	79.0	21716.149227380753
83	45.0	0.0	0.234375	17.213602	9.417036	28.77181	-3.5997963	2.3611362	0.9944598	6.1843405	0.6675502	20.734375	12.724583	4.755486	21.537401	-1.386934	336000	3.7252903e-09	23.985073	-0.0054970337	-1.5055466	0.23982158	0.0030504174	0.03325	79.0	21982.12264251709
84	33.0	0.0	0.17460318	18.638165	8.291659	29.0072	-2.3628047	2.1058526	0.88965815	4.9370923	0.9111683	21.037037	13.581836	4.1786227	22.00897	-0.54496145	340000	-3.7252903e-09	17.511684	-0.0030534025	-1.4969192	0.23787197	0.0015127591	0.026	79.0	22247.551260709763
85	47.0	0.0	0.24226804	16.986515	9.597601	30.951902	-3.6056814	2.260189	0.94905514	5.1107326	0.9119429	20.448454	13.600752	4.3089423	22.060076	0.27183962	344000	0.0	22.912949	-0.0038219467	-2.0479279	0.2393638	0.004049154	0.019749999	79.0	22511.063872098923
86	26.0	0.0	0.1436464	19.295012	7.9945617	30.808102	-4.6973104	2.0740235	0.8491701	5.554193	0.66315174	21.961327	13.540377	4.4671044	22.257801	-0.8262601	348000	-8.8475645e-09	19.268555	-0.0034755638	-2.576868	0.23127824	0.0035310884	0.012499999	79.0	22776.968502044678
87	36.0	0.0	0.1904762	18.12094	9.083624	30.192934	-2.9076986	2.1087127	0.96385807	5.212156	0.66778916	21.010582	14.278641	4.1885757	25.972198	-0.3258825	352000	1.6298145e-08	22.101816	-0.004521818	-1.6773758	0.22900918	0.0026859494	0.01275	79.0	23035.1357254982
88	44.0	0.0	0.2303665	18.117464	9.246805	28.60844	-3.1747866	2.2461653	1.0070813	5.8070903	0.91074246	20.79581	13.6306715	4.5616493	20.65595	-1.0790186	356000	0.0	20.971567	-0.004871793	-1.4633961	0.24249682	0.005897847	0.026250001	79.0	23292.878855228424
89	32.0	0.0	0.17021276	18.994406	8.4624605	28.594654	-3.371759	2.1243405	0.88180643	4.3296394	0.90288395	21.26064	13.747361	4.728951	21.74568	-1.4565463	360000	1.1175871e-08	19.945042	-0.004090732	-1.464354	0.24316257	0.00664046	0.02925	79.0	23549.562869548798
90	36.0	0.0	0.19148937	18.56773	8.738776	29.890522	-2.4869783	2.1799629	0.8925855	4.528802	0.56085056	21.18617	13.924018	4.3509297	20.772917	-0.26436466	364000	-3.7252903e-09	18.21007	-0.0049127415	-0.89189434	0.25098002	0.0048555383	0.02675	79.0	23805.99266600609
91	42.0	0.0	0.21989529	17.454645	9.3209505	28.89406	-2.8712003	2.188257	0.9368035	5.0363903	0.6476845	20.884817	13.804041	4.5492935	22.003668	0.13247903	368000	6.519258e-09	19.336758	-0.005036574	-1.3605633	0.25719202	0.0039499123	0.021499999	79.0	24069.481412649155
92	35.0	0.0	0.1891892	18.34357	8.379504	28.583448	-1.6952049	2.207542	0.96912116	4.8715916	0.6677892	21.508108	13.452909	4.766561	21.426619	-2.0720599	372000	3.259629e-09	20.045818	-0.005713068	-2.5824246	0.25298303	0.003858177	0.02425	79.0	24332.774674892426
93	33.0	0.0	0.1764706	18.009562	8.786659	28.362106	-5.0040483	2.0908477	0.9279263	5.030012	0.9142525	21.342245	13.865444	4.1367354	20.611639	-0.43454745	376000	1.8626451e-09	18.925526	-0.00503012	-0.7617426	0.25420272	0.00462554	0.081	79.0	24602.196578979492
94	39.0	0.0	0.20418848	18.084583	9.423091	28.72331	-6.1220603	2.0768466	0.8948907	4.54714	0.66759765	20.921467	13.673981	4.441072	22.708097	-2.2004297	380000	-4.3655746e-09	21.812939	-0.0046240324	-1.3771534	0.24642867	0.005077528	0.0205	79.0	24859.278250455856
95	36.0	0.0	0.19148937	18.734873	8.682387	29.876303	-2.278377	2.1268985	0.90931565	4.5082655	0.6676552	21.154255	13.66511	4.5943494	21.760525	-2.1471071	384000	-9.778887e-09	18.137234	-0.004689954	-1.2669282	0.253949	0.0034427745	0.024	79.0	25120.2340092659
96	41.0	0.0	0.21578947	17.641218	9.288529	30.94056	-5.3962936	2.1527815	0.8924291	4.9824996	0.6640142	20.889473	13.797797	4.6363335	24.838709	-1.0652407	388000	7.450581e-09	18.899479	-0.0051455908	-1.0234528	0.25377473	0.0060616992	0.028250001	79.0	25378.145955085754
97	30.0	0.0	0.16042781	18.994238	8.345075	29.674227	-3.7975702	2.0639298	0.88846415	4.5823355	0.90899533	21.326202	13.638804	4.5683117	21.949736	-2.4792323	392000	-7.450581e-09	19.45294	-0.002371313	-1.9761238	0.25118387	0.003359031	0.0665	79.0	25635.891345500946
98	27.0	0.0	0.14754099	18.964575	8.220239	29.236292	-3.8981376	2.039882	0.9044218	4.4904323	0.91048074	21.710382	13.989846	4.127949	24.694698	-1.7090336	396000	5.122274e-09	20.69363	-0.005700469	-2.7521782	0.25455523	0.0066537955	0.026250001	79.0	25886.128930091858
99	36.0	0.0	0.19148937	18.208008	8.678737	29.615776	-4.0372143	2.2403693	0.94708383	5.734144	0.910095	21.212767	14.075141	4.1536164	22.090437	-0.28013217	400000	1.4901161e-08	19.543608	-0.005864648	-2.6020455	0.24700317	0.0057873977	0.08425	79.0	26131.679691553116
100	36.0	0.0	0.19251336	18.292671	9.061683	29.308561	-2.4954023	2.1597996	0.9908328	6.1010823	0.90998036	21.219252	13.474127	4.6250434	20.555325	-2.2631319	404000	7.450581e-09	20.10151	-0.005143013	-1.4365902	0.2637427	0.0035038483	0.02375	79.0	26379.159368515015
101	41.0	0.0	0.21808511	17.525026	9.112537	29.176674	-2.209692	2.2049642	0.943132	5.7767353	0.66631174	21.175531	13.577307	4.74036	22.297665	-2.842611	408000	-1.8626451e-09	17.986391	-0.004094962	-0.8727689	0.257584	0.0043767467	0.026250001	79.0	26639.47928094864
102	26.0	0.0	0.1420765	19.35848	7.608834	29.829676	-2.1523345	2.1166215	0.9633941	5.5169277	0.91278744	21.726776	14.151758	4.3705	23.129753	-2.8159974	412000	3.7252903e-09	17.522968	-0.0050784494	-1.5598469	0.23634373	0.004346963	0.03675	79.0	26894.859334230423
103	42.0	0.0	0.22105263	17.578413	9.408363	30.644913	-7.028105	2.3135114	1.0055686	6.141002	0.6677876	20.942104	13.687812	4.382088	25.907425	-1.7038933	416000	3.7252903e-09	20.617924	-0.0047625117	-2.5061922	0.23914394	0.0037276796	0.01875	79.0	27153.023662805557
104	53.0	0.0	0.26903552	16.677568	9.60942	28.837238	-2.5450816	2.2932634	0.96863264	4.820808	0.6677642	20.22335	13.326692	5.364626	26.28205	-3.0216959	420000	0.0	18.790096	-0.0047003273	-1.5801578	0.2090869	0.004588724	0.031	79.0	27409.62627506256
105	31.0	0.0	0.16847827	18.474764	8.63498	29.441912	-4.809	2.0904768	0.90725607	5.362989	0.66779137	21.625	13.334643	5.02861	22.200884	-4.8664937	424000	-7.450581e-09	16.99038	-0.0059875874	-1.4861922	0.20827383	0.0022366866	0.0565	79.0	27669.64480805397
106	41.0	0.0	0.21465969	17.685898	9.650301	30.519442	-5.1054506	2.1119528	0.9503029	5.149245	0.9088212	20.816753	13.726377	4.947221	23.78221	-3.9283953	428000	0.0	18.746536	-0.0043581687	-1.5721931	0.20088075	0.0043917927	0.01275	79.0	27926.424552202225
107	38.0	0.0	0.2010582	18.332104	8.95662	29.403082	-3.8522725	2.2338052	0.90472585	4.6988764	0.6677619	21.132275	13.528896	5.1505985	23.365303	-3.7832332	432000	1.3969839e-09	16.636003	-0.005086751	-1.5759797	0.19784757	0.002316893	0.026	79.0	28180.669005393982
108	27.0	0.0	0.14754099	19.101608	8.260285	30.124453	-3.1502452	2.0906441	0.8501957	4.253799	0.6376871	21.726776	14.219117	4.648217	23.810928	-3.1402812	436000	-1.1175871e-08	12.838877	-0.0048175883	-0.70587254	0.19932157	0.0033764222	0.024500001	79.0	28437.48486852646
109	45.0	0.0	0.234375	17.754345	9.186045	28.953196	-1.7616118	2.2457206	0.9299573	5.6582217	0.9102814	20.786459	13.618149	5.0149355	22.262735	-3.6122155	440000	5.5879354e-09	22.151825	-0.005098695	-1.2962456	0.20738736	0.012075003	0.032250002	52.0	28696.217725992203
110	42.0	0.0	0.21875	17.399206	9.803825	29.448189	-8.238604	2.2881906	0.9790766	5.441353	0.92794144	20.786459	13.492929	4.881656	22.114792	-3.3498576	444000	5.5879354e-09	17.952248	-0.0054902267	-1.3770647	0.209534	0.0039345543	0.02225	79.0	28955.13529396057
111	40.0	0.0	0.20942408	17.77355	8.984591	30.375158	-5.628528	2.160207	0.92505395	4.6924753	0.66730946	20.785341	13.43909	5.2513824	24.036608	-4.7866397	448000	2.3283064e-09	19.813135	-0.00387559	-2.807004	0.21344185	0.0019171773	0.0175	79.0	29212.94365119934
112	31.0	0.0	0.16756757	18.56185	8.846814	30.35792	-4.0818696	2.0465589	0.8822055	4.130595	0.66720384	21.502703	13.964031	4.6643696	23.030613	-3.2496197	452000	-3.259629e-09	13.769697	-0.0036095683	-1.0209136	0.19279635	0.002147333	0.019	79.0	29469.047919988632
113	42.0	0.0	0.21875	17.327555	9.417941	29.144022	-6.4793262	2.246354	0.9054749	5.3498	0.66772836	20.630209	13.386303	5.3724065	21.200481	-4.887462	456000	-1.8626451e-09	15.827787	-0.007482116	-2.0829353	0.19841713	0.00480513	0.03575	79.0	29726.443026781082
114	33.0	0.0	0.17741935	18.621744	8.396759	28.981688	-2.911092	2.1393383	0.92723805	4.9383264	0.66765577	21.467741	13.545055	4.7314935	20.862377	-4.1283655	460000	1.8626451e-09	15.782993	-0.004656936	-1.0723763	0.18262827	0.003744653	0.0625	79.0	29983.167555093765
115	33.0	0.0	0.1764706	18.367182	8.918502	30.279774	-3.7688677	2.1473944	0.91301584	5.479023	0.9100217	21.245989	13.823412	4.846485	20.977467	-4.110112	464000	-5.5879354e-09	16.14714	-0.0036761928	-0.79021835	0.1917541	0.0023227409	0.023	79.0	30239.66628050804
116	44.0	0.0	0.22916667	17.47457	9.67149	30.2617	-3.4807134	2.2452936	0.9550563	5.104547	0.9247687	20.744791	13.540643	5.1438327	24.034206	-4.924244	468000	1.5832484e-08	19.090647	-0.0044372715	-1.2060986	0.19685982	0.004110655	0.0305	79.0	30497.294208049774
117	34.0	0.0	0.17894737	18.641088	8.727771	29.649525	-4.0474577	2.0874314	0.90772134	5.123047	0.91447836	20.952631	13.735437	5.1713376	22.090906	-4.546083	472000	-3.7252903e-09	15.698036	-0.005026455	-0.6610937	0.19770162	0.006719991	0.06125	79.0	30755.142385959625
118	33.0	0.0	0.17934783	18.780186	8.79147	30.209188	-5.7841215	2.2445297	1.0623248	7.3531694	0.6677336	21.597826	14.309642	4.5431314	21.214426	-2.6828957	476000	0.0	17.100132	-0.005934514	-0.80563354	0.21298781	0.0039923843	0.03275	79.0	31008.823066949844
119	40.0	0.0	0.20942408	17.799814	8.909649	28.531958	-3.6075132	2.2181294	0.9573316	5.7273016	0.9090422	20.811518	13.571123	5.0549803	21.6002	-4.986896	480000	9.313226e-09	16.555294	-0.0037883222	-1.08958	0.2274096	0.004538923	0.058250003	79.0	31268.258496522903
120	37.0	0.0	0.19892474	18.274906	8.972013	28.659082	-2.5314634	2.2404556	0.9979504	5.9476523	0.908369	21.338709	13.793421	4.7389073	22.363758	-4.318748	484000	-2.3283064e-09	20.818115	-0.0039731525	-0.7777424	0.22913027	0.0019228299	0.024	79.0	31530.313052892685
121	35.0	0.0	0.1861702	18.670147	8.754402	31.419401	-4.019176	2.2137218	0.9698692	4.7532616	0.9219867	21.196808	13.741643	4.6862435	23.389463	-4.2700424	488000	7.450581e-09	20.732647	-0.0060252044	-0.90154934	0.21624188	0.006244338	0.0255	79.0	31788.768887043
122	33.0	0.0	0.17741935	18.197355	8.768751	30.0154	-4.6866007	2.20098	1.0353268	5.815512	0.90844584	21.35484	13.961187	4.4665866	20.80555	-3.0395272	492000	-4.656613e-09	17.246113	-0.0051527685	-0.71571493	0.2237581	0.0045305984	0.020750001	79.0	32049.320497989655
123	38.0	0.0	0.20212767	17.735037	9.218795	30.414335	-4.9118295	2.2395108	0.9743433	5.310319	0.92651576	21.170214	13.749981	4.5415034	21.682331	-3.833518	496000	2.8521754e-09	16.970564	-0.0035572033	-1.28192	0.22788256	0.005186763	0.01675	79.0	32311.157712697983
124	34.0	0.0	0.18181819	18.929348	8.776697	29.683052	-3.0328877	2.147218	0.9587802	5.824621	0.6669384	21.251337	13.863205	4.710286	23.349514	-4.409804	500000	5.5879354e-09	15.625101	-0.004811097	-1.7585139	0.20173566	0.0035130046	0.01825	79.0	32569.553039073944
