Epoch	AverageCrash_counter	StdCrash_counter	Crash_ratio	AverageEpRet	StdEpRet	MaxEpRet	MinEpRet	AverageEpCost	StdEpCost	MaxEpCost	MinEpCost	EpLen	LossPi	LossV	KL	Jc	JcNew	Time
0	106.0	0.0	0.6583851	-3.9388807	23.781984	17.598042	-287.2528	2.367702	1.0824175	5.1	0.0	22.9441	1.4901161e-08	230.08809	0.0	0.09605001	0.09605001	304.167649269104
1	134.0	0.0	0.72432435	-3.2911737	23.272587	20.568884	-301.5405	2.494054	1.071305	4.8	0.0	21.502703	3.7252903e-09	94.52797	0.0	0.115475	0.115475	592.4903283119202
2	138.0	0.0	0.71875	-1.98061	7.9741983	21.162148	-15.57012	2.453125	1.0342019	4.6	0.0	16.729166	-1.21071935e-08	93.051636	0.0	0.118374996	0.118374996	877.8760993480682
3	86.0	0.0	0.7478261	-6.869871	39.049976	22.937855	-297.50043	2.536522	1.0659416	5.3	0.0	33.226086	-7.450581e-09	82.18605	0.0	0.073300004	0.073300004	1167.6950423717499
4	99.0	0.0	0.75	-4.664877	27.640156	20.933405	-306.12488	2.4992423	0.9610991	4.6	0.0	23.454546	2.7939677e-09	73.96372	0.0	0.08334999	0.08334999	1463.6189827919006
5	92.0	0.0	0.6571429	-3.084191	24.17675	19.204893	-272.8314	2.2592857	1.0107208	4.3	0.0	24.292856	-2.2351742e-08	89.10707	0.0	0.079325005	0.079325005	1760.1243524551392
6	143.0	0.0	0.70098037	-1.648921	8.111806	23.35315	-14.416086	2.3750002	1.0330862	5.1	0.0	16.37745	-1.44355e-08	84.48633	0.0	0.12175	0.12175	2048.4119844436646
7	147.0	0.0	0.7860963	-4.37992	21.446444	20.819845	-278.63766	2.5438504	0.93631554	5.1	0.0	21.352942	-1.6763806e-08	71.09599	0.0	0.118925005	0.118925005	2335.4935948848724
8	134.0	0.0	0.72043014	-3.1758258	21.72576	20.822393	-278.0001	2.4473119	1.0886108	4.6	0.0	21.467741	-1.4901161e-08	78.49007	0.0	0.113800004	0.113800004	2620.116268634796
9	139.0	0.0	0.73157895	-2.2265573	8.286801	21.586155	-13.502811	2.4526315	1.0214378	4.6	0.0	16.605263	-1.0244548e-08	75.76805	0.0	0.117125	0.117125	2901.407375097275
10	120.0	0.0	0.72289157	-3.5777206	23.684595	20.897694	-289.19437	2.4771085	1.0485015	4.6	0.0	22.325302	-2.7939677e-09	78.87622	0.0	0.10405	0.10405	3181.8767783641815
11	148.0	0.0	0.7047619	-1.7860261	7.7512603	20.5962	-12.229673	2.4019048	1.0516636	4.8	0.0	16.261906	-8.381903e-09	79.59006	0.0	0.12735	0.12735	3460.2325241565704
12	138.0	0.0	0.7379679	-1.9605811	8.0434885	22.177063	-13.679321	2.4941175	1.0417578	4.4	0.0	16.636364	-1.4901161e-08	80.161545	0.0	0.11735	0.11735	3743.1104714870453
13	83.0	0.0	0.66935486	-5.8998437	37.879017	19.926968	-305.87198	2.3411286	1.1162301	5.0	0.0	32.201614	1.4901161e-08	79.715645	0.0	0.072575	0.072575	4026.5355174541473
14	158.0	0.0	0.7117117	-1.9211767	8.14267	23.218664	-18.376896	2.3545043	1.0925432	4.9	0.0	16.94144	-2.6077032e-08	108.1119	0.0	0.13155	0.13155	4303.314553260803
15	133.0	0.0	0.7112299	-2.3750503	7.982085	20.43125	-26.74157	2.4208558	1.128836	4.8	0.0	16.438503	-2.2351742e-08	110.72885	0.0	0.113800004	0.113800004	4584.707960128784
16	113.0	0.0	0.66863906	-3.173911	23.900658	21.206259	-291.25775	2.4011836	1.0979264	4.9	0.0	22.988165	-1.4901161e-08	86.88037	0.0	0.102074996	0.102074996	4872.249646902084
17	126.0	0.0	0.7078652	-3.0306594	21.210182	19.137594	-264.1802	2.4129214	1.1142093	5.1	0.0	22.38764	-3.7252903e-09	71.75752	0.0	0.107374996	0.107374996	5152.4871780872345
18	61.0	0.0	0.6039604	-5.213609	42.42356	17.911152	-308.82095	2.2990098	1.0650612	4.6	0.2	36.574257	7.450581e-09	80.93022	0.0	0.058424994	0.058424994	5437.358148097992
19	100.0	0.0	0.729927	-3.7110693	25.416998	21.374128	-283.429	2.3985403	0.9502966	4.4	0.0	23.379562	-7.450581e-09	72.440865	0.0	0.08264999	0.08264999	5727.175339221954
20	83.0	0.0	0.6803279	-6.201427	36.926777	21.540995	-299.45953	2.3393443	1.02905	5.1	0.0	32.704918	1.8626451e-09	64.583984	0.0	0.07135001	0.07135001	6013.5332663059235
21	122.0	0.0	0.6630435	-0.66905254	8.2029915	18.95048	-14.544329	2.140761	1.0620025	4.6	0.0	16.505434	-3.7252903e-08	89.79225	0.0	0.0991	0.0991	6293.582320213318
22	87.0	0.0	0.7016129	-6.2997527	37.862778	19.228462	-300.55292	2.4266126	0.97700244	5.0	0.0	32.217743	-2.7939677e-09	88.4999	0.0	0.075224996	0.075224996	6577.569529294968
23	163.0	0.0	0.6965812	-0.96236295	8.74077	21.872509	-15.248855	2.3999999	1.0661858	4.6	0.0	17.017094	-1.1175871e-08	108.71456	0.0	0.140575	0.140575	6847.562566280365
24	125.0	0.0	0.698324	-1.648789	8.108021	21.39956	-14.314209	2.4061453	1.062366	6.1	0.0	16.681564	-1.6763806e-08	205.91818	0.0	0.10855	0.10855	7124.788295984268
25	103.0	0.0	0.6821192	-2.4354029	25.088457	21.916918	-292.029	2.3688743	1.0187114	4.6	0.0	23.675497	-1.1175871e-08	95.19356	0.0	0.090675	0.090675	7412.38401556015
26	157.0	0.0	0.65416664	-0.27867478	8.773815	20.502705	-15.915331	2.2737498	1.1529394	4.9	0.0	16.608334	-2.4214387e-08	104.37361	0.0	0.13655	0.13655	7679.0097053050995
27	77.0	0.0	0.64705884	-5.067816	38.168526	22.215298	-297.85242	2.4151258	0.9986241	4.5	0.0	33.478992	5.029142e-08	379.88147	0.0	0.071975	0.071975	7963.936074972153
28	134.0	0.0	0.7089947	-1.2203416	8.737374	24.406908	-19.505451	2.343386	1.071774	4.6	0.0	16.396826	-3.7252903e-09	84.52031	0.0	0.111099996	0.111099996	8245.814452648163
29	125.0	0.0	0.6906077	-3.6308432	22.758781	21.412996	-289.29648	2.3729281	1.05704	5.1	0.0	22.071823	-1.4901161e-08	88.19937	0.0	0.107374996	0.107374996	8532.353731155396
30	126.0	0.0	0.6885246	-3.204462	24.1557	16.89008	-311.99222	2.309836	1.0029527	4.8	0.0	21.781422	-2.6077032e-08	92.56327	0.0	0.105675	0.105675	8811.586256504059
31	95.0	0.0	0.75396824	-5.195035	29.560257	15.777951	-325.4187	2.5023808	0.9073303	5.3	0.2	24.150793	-1.4901161e-08	66.01988	0.0	0.079325	0.079325	9096.046216249466
32	92.0	0.0	0.67153287	-3.287745	25.414755	17.685516	-285.36316	2.308759	1.0227681	4.1	0.0	24.182482	-1.8626451e-09	68.17272	0.0	0.079825	0.079825	9378.575273036957
33	170.0	0.0	0.7083333	-1.1768072	8.409117	22.670856	-15.280437	2.4491665	0.971296	5.1	0.0	16.558332	-3.7252903e-09	110.017746	0.0	0.14695	0.14695	9651.122893333435
34	112.0	0.0	0.7	-2.8982894	22.94911	24.083921	-272.61023	2.336875	0.98340106	4.3	0.0	22.60625	4.4703484e-08	257.7096	0.0	0.09447501	0.09447501	9943.131594896317
35	120.0	0.0	0.6703911	-2.259168	22.828432	23.266579	-283.34268	2.256425	1.0948843	4.7	0.0	22.301676	-7.450581e-09	86.945114	0.0	0.100975	0.100975	10224.610505104065
36	163.0	0.0	0.7511521	-2.308256	7.7696886	22.11219	-13.715346	2.4958525	0.9992308	4.6	0.0	16.179724	-2.2351742e-08	85.07152	0.0	0.1362	0.1362	10498.902114152908
37	166.0	0.0	0.697479	-1.128992	8.348558	23.12653	-17.887047	2.477731	1.1432152	5.3	0.0	16.743698	-3.1548552e-08	87.57196	0.0	0.14754999	0.14754999	10769.863292694092
38	150.0	0.0	0.72115386	-1.8905396	8.43405	21.305702	-18.657547	2.512981	1.1198707	5.6	0.0	16.83173	3.7252903e-09	101.74536	0.0	0.1313	0.1313	11048.734331607819
39	129.0	0.0	0.7288136	-1.836624	8.329839	20.892582	-16.62442	2.4344635	0.9818689	4.6	0.2	16.937853	-7.450581e-09	93.668526	0.0	0.107975006	0.107975006	11328.663094758987
40	185.0	0.0	0.7644628	-2.1720955	7.601379	21.858875	-17.31563	2.5623968	1.046734	5.1	0.0	16.392563	-1.3969839e-08	72.75037	0.0	0.155275	0.155275	11600.731806278229
41	145.0	0.0	0.6937799	-1.9880973	7.767487	19.86707	-16.714554	2.348804	0.9872445	4.6	0.0	16.856459	0.0	84.31402	0.0	0.12435	0.12435	11876.79183602333
42	172.0	0.0	0.7196653	-1.4857986	8.082037	22.102102	-16.361992	2.4066944	1.0473902	5.4	0.0	16.619247	-9.313226e-09	63.44214	0.0	0.1439	0.1439	12150.098788499832
43	117.0	0.0	0.66477275	-2.864107	21.543056	21.283741	-263.045	2.2835228	0.972585	4.3	0.0	22.556818	0.0	167.29602	0.0	0.100725	0.100725	12436.42992401123
44	150.0	0.0	0.63829786	-0.6128352	8.44684	20.166716	-15.667621	2.301277	1.1471512	4.6	0.0	16.948936	-3.9115548e-08	86.445465	0.0	0.1352	0.1352	12708.709874629974
45	174.0	0.0	0.71900827	-2.0445406	8.413034	19.825415	-16.655062	2.38719	0.99043	4.4	0.0	16.38843	-1.8626451e-09	43.56459	0.0	0.14500001	0.14500001	12980.850230693817
46	95.0	0.0	0.62913907	-2.6163483	22.797298	21.932737	-262.97028	2.3198676	1.1200768	5.1	0.0	23.721855	2.9802322e-08	250.45618	0.0	0.0882	0.0882	13266.639563560486
47	122.0	0.0	0.69714284	-3.5273616	23.888716	23.482365	-296.75552	2.6057143	1.0416862	5.0	0.0	22.857143	-7.450581e-09	88.796814	0.0	0.114	0.114	13552.52226114273
48	175.0	0.0	0.73221755	-1.8996166	7.7640266	22.326654	-15.5223465	2.4506273	1.033897	5.2	0.0	16.65272	-1.3969839e-08	88.86162	0.0	0.14655	0.14655	13824.282341241837
49	160.0	0.0	0.6751055	-1.184924	7.872561	22.85107	-15.099786	2.2991564	1.1126807	4.9	0.0	16.772152	-1.9092113e-08	39.904167	0.0	0.136525	0.136525	14097.823220729828
50	107.0	0.0	0.6948052	-1.3202839	8.1819515	20.269672	-13.348927	2.414286	1.1148018	4.6	0.0	16.75974	4.0978193e-08	250.16447	0.0	0.093825005	0.093825005	14382.198751211166
51	158.0	0.0	0.7348837	-2.2968113	8.008424	18.627975	-16.53381	2.3186047	0.9758135	4.5	0.0	15.702326	-1.4901161e-08	69.678696	0.0	0.12525001	0.12525001	14658.019204616547
52	91.0	0.0	0.71653545	-4.4901843	25.83193	18.519085	-278.8842	2.3007874	1.038131	4.4	0.0	24.291338	-9.546056e-09	76.34235	0.0	0.073425	0.073425	14942.641976833344
53	127.0	0.0	0.7094972	-1.0433543	8.517931	22.70106	-13.877564	2.3927376	1.0269022	5.1	0.0	17.10056	7.450581e-09	89.63518	0.0	0.107575	0.107575	15222.825677871704
54	115.0	0.0	0.7232704	-3.8688028	23.98005	21.262812	-286.52823	2.4106917	1.0328317	5.5	0.0	22.660378	1.4901161e-08	76.29611	0.0	0.09695	0.09695	15511.49158000946
55	156.0	0.0	0.7155963	-1.4203212	8.0300255	21.248558	-14.049996	2.4155962	1.1466885	5.1	0.0	16.931192	-1.4901161e-08	94.46045	0.0	0.132025	0.132025	15785.047600507736
56	112.0	0.0	0.6256983	-0.66463655	8.33381	20.070395	-15.995252	2.2586591	1.0652828	5.1	0.0	16.743017	7.450581e-09	105.45332	0.0	0.1012	0.1012	16064.629798173904
57	161.0	0.0	0.6939655	-1.0157028	8.040029	23.562252	-14.312393	2.4616377	1.1124077	5.1	0.0	17.137932	-8.381903e-09	89.42615	0.0	0.142775	0.142775	16340.867978096008
58	182.0	0.0	0.74897116	-1.522918	8.469406	23.069101	-18.680256	2.4703705	0.9665319	5.7	0.0	16.390947	-2.2351742e-08	43.193558	0.0	0.15024999	0.15024999	16611.62074303627
59	120.0	0.0	0.6629834	-3.453012	22.566795	22.446474	-284.83188	2.3806627	1.1633974	5.1	0.0	21.933702	1.4901161e-08	227.85538	0.0	0.10802501	0.10802501	16892.61669945717
60	132.0	0.0	0.72131145	-2.1376803	7.8244123	18.255627	-15.345451	2.3967211	1.0311488	4.6	0.0	16.579235	-7.450581e-09	72.1691	0.0	0.110275	0.110275	17175.074291229248
61	90.0	0.0	0.72	-5.9638495	35.747814	18.304316	-290.90482	2.3552	1.064891	5.1	0.0	31.896	-5.5879354e-09	66.51929	0.0	0.07360001	0.07360001	17459.419894218445
62	82.0	0.0	0.68333334	-7.1298647	37.04732	19.782957	-298.72928	2.45	1.0777291	4.6	0.0	33.266666	-1.6763806e-08	66.779106	0.0	0.07350001	0.07350001	17746.276655197144
63	117.0	0.0	0.65	-2.3952296	22.095158	23.193178	-273.88553	2.2172225	1.0233296	4.1	0.0	22.01111	-3.7252903e-09	85.52542	0.0	0.1001	0.1001	18027.338698625565
64	88.0	0.0	0.7096774	-6.051894	36.17505	21.599142	-286.06165	2.5008066	1.0579573	4.9	0.0	32.201614	-9.313226e-09	62.12368	0.0	0.077525005	0.077525005	18313.43306517601
65	135.0	0.0	0.7417582	-3.8856144	23.430338	19.740448	-298.41113	2.491209	1.0985652	5.1	0.0	21.846153	-1.4901161e-08	83.84636	0.0	0.1136	0.1136	18596.373756170273
66	74.0	0.0	0.6981132	-7.8139176	38.769897	18.059614	-289.56384	2.4509432	1.0691422	4.8	0.0	34.820755	-1.8626451e-09	63.18686	0.0	0.066250004	0.066250004	18883.709542274475
67	178.0	0.0	0.712	-1.7387195	7.9881153	20.75472	-17.527039	2.35	1.0714943	5.1	0.0	15.976	-3.7252903e-09	104.4628	0.0	0.146875	0.146875	19154.998373508453
68	84.0	0.0	0.7304348	-7.2885666	37.15114	21.442154	-281.38382	2.473913	1.0052979	4.8	0.0	33.608696	9.313226e-08	419.28894	0.0	0.07162501	0.07162501	19441.18972182274
69	151.0	0.0	0.72596157	-1.4356828	8.613412	22.222713	-13.874679	2.4350963	1.0114579	4.8	0.0	16.485577	-2.2351742e-08	83.893814	0.0	0.1274	0.1274	19716.50678420067
70	120.0	0.0	0.6593407	-2.5137622	23.076527	22.436953	-290.68274	2.274176	1.087412	5.1	0.0	21.923077	7.450581e-09	102.32528	0.0	0.1036	0.1036	19996.69618678093
71	165.0	0.0	0.6991525	-1.5317407	8.655599	21.627945	-17.489515	2.4122884	1.0575281	4.9	0.0	16.915255	-2.1071173e-08	94.281235	0.0	0.14232498	0.14232498	20271.06338572502
72	118.0	0.0	0.69822484	-3.501545	23.043697	22.680096	-280.80948	2.3798816	1.0800273	4.8	0.0	22.455622	0.0	231.94968	0.0	0.100925006	0.100925006	20558.775084495544
73	176.0	0.0	0.72727275	-1.8681272	8.430252	23.53297	-16.633772	2.4140496	1.1144288	5.8	0.0	16.5	-7.450581e-09	73.56928	0.0	0.14604999	0.14604999	20832.003464460373
74	143.0	0.0	0.7526316	-2.331406	8.363217	19.340223	-24.629988	2.5926313	1.069111	4.9	0.0	16.826315	3.7252903e-09	168.38196	0.0	0.12465	0.12465	21112.185453414917
75	156.0	0.0	0.6995516	-1.7038735	8.221438	19.73467	-15.691069	2.3901348	1.0645916	5.3	0.0	16.309418	-1.8626451e-08	75.93289	0.0	0.133625	0.133625	21386.100184202194
76	169.0	0.0	0.71308017	-1.3291895	8.202331	20.747313	-15.376218	2.467089	1.065499	5.3	0.0	16.70886	-2.2351742e-08	63.073883	0.0	0.14642501	0.14642501	21658.338364124298
77	82.0	0.0	0.6666667	-6.089168	38.700737	22.579634	-310.89685	2.3601627	1.1918243	5.9	0.0	32.487804	1.8626451e-08	427.5921	0.0	0.072574995	0.072574995	21943.654949903488
78	167.0	0.0	0.70464134	-1.5298655	8.118336	22.005085	-13.347024	2.4818566	1.0239166	4.9	0.0	16.8481	-2.7939677e-08	105.20949	0.0	0.14705	0.14705	22215.59292435646
79	142.0	0.0	0.6173913	0.014526732	8.132855	23.706776	-14.137514	2.23	1.0959272	4.6	0.0	17.282608	-3.3527613e-08	41.46355	0.0	0.128625	0.128625	22487.893352270126
80	77.0	0.0	0.6936937	-4.2035336	26.612593	20.503489	-270.81973	2.356757	1.0744051	5.0	0.0	25.387388	-2.9802322e-08	489.86017	0.0	0.06765	0.06765	22779.48180437088
81	94.0	0.0	0.6911765	-3.5420206	27.985937	20.622004	-313.90802	2.3397057	0.9712999	4.8	0.0	23.845589	-3.7252903e-09	88.611626	0.0	0.0803	0.0803	23064.599966049194
82	134.0	0.0	0.72432435	-3.161114	22.247585	21.806784	-285.6833	2.392973	1.0693793	5.4	0.0	21.567568	-2.2351742e-08	84.12831	0.0	0.110675	0.110675	23346.75531888008
83	189.0	0.0	0.75	-2.6771119	8.050669	19.221434	-14.163474	2.4357145	1.0247698	5.5	0.0	15.797619	-2.0489097e-08	83.4561	0.0	0.1537	0.1537	23618.458112478256
84	83.0	0.0	0.697479	-6.2581224	39.20415	19.489695	-302.99625	2.47563	1.0537621	5.1	0.0	33.462185	3.9115548e-08	354.2176	0.0	0.0739	0.0739	23904.300491809845
85	159.0	0.0	0.70666665	-0.7096079	8.195785	23.192919	-18.47632	2.3888888	1.0765835	5.9	0.0	16.826666	-2.910383e-08	95.470795	0.0	0.135125	0.135125	24181.475962877274
86	166.0	0.0	0.7248908	-1.5154643	8.15613	20.802	-15.566867	2.424891	1.0168195	4.6	0.0	17.148472	3.7252903e-09	62.41017	0.0	0.1397	0.1397	24458.985084056854
87	100.0	0.0	0.7407407	-5.0129786	26.307285	18.808653	-295.06693	2.5118518	1.0429341	4.8	0.0	23.814816	0.0	295.27466	0.0	0.08565	0.08565	24751.58037877083
88	127.0	0.0	0.71348315	-2.6200562	23.458105	19.815908	-292.06476	2.4292135	0.99777305	4.6	0.0	22.376404	0.0	82.45578	0.0	0.108225	0.108225	25033.73242330551
89	156.0	0.0	0.6753247	-1.0298029	8.42333	19.287209	-14.796832	2.429437	1.05875	4.4	0.0	17.281385	-2.2351742e-08	103.48259	0.0	0.1403	0.1403	25307.82381415367
90	124.0	0.0	0.6294416	-1.222268	8.440489	23.483767	-18.451334	2.3324876	1.08878	5.1	0.0	16.72589	7.450581e-09	94.2798	0.0	0.115124986	0.115124986	25591.492044448853
91	83.0	0.0	0.64341086	-3.7441957	27.70825	21.4825	-300.7283	2.3813949	1.208867	7.0	0.0	24.68217	-1.1175871e-08	130.70645	0.0	0.0773	0.0773	25876.530277967453
92	129.0	0.0	0.704918	-3.140717	23.946325	20.369497	-307.93524	2.4557378	1.0344119	4.4	0.0	21.628416	0.0	83.48938	0.0	0.112975	0.112975	26157.56522345543
93	122.0	0.0	0.67403316	-2.362127	22.30795	19.481926	-281.38718	2.30221	0.9923439	4.1	0.0	21.983425	-2.6077032e-08	90.77919	0.0	0.10430001	0.10430001	26439.005460739136
94	82.0	0.0	0.68333334	-6.457237	37.551685	22.466946	-289.9602	2.3733332	1.1398636	5.3	0.0	33.191666	-7.450581e-09	77.685585	0.0	0.071325004	0.071325004	26727.42569422722
95	86.0	0.0	0.688	-5.7063136	37.086975	19.71456	-292.74228	2.3056	1.070275	4.5	0.0	31.92	0.0	70.413376	0.0	0.072050005	0.072050005	27012.656885623932
96	176.0	0.0	0.72131145	-1.7753952	7.9935083	19.921692	-17.146862	2.3741803	1.0921992	5.0	0.0	16.340164	-2.2351742e-08	108.06485	0.0	0.14482501	0.14482501	27283.726981639862
97	128.0	0.0	0.7356322	-4.0948234	22.986885	19.700861	-289.00473	2.4390807	0.9844604	5.8	0.0	22.206896	0.0	126.70413	0.0	0.106725	0.106725	27566.96063017845
98	164.0	0.0	0.69491524	-1.6781567	8.38416	20.003294	-13.861903	2.3682203	1.0905442	5.1	0.0	16.940678	-7.450581e-09	94.58154	0.0	0.139725	0.139725	27842.114234924316
99	173.0	0.0	0.71784234	-1.995801	7.978683	21.200514	-13.464229	2.4390044	1.0489936	4.3	0.0	16.535269	-2.0489097e-08	47.44873	0.0	0.14695	0.14695	28113.87114405632
100	122.0	0.0	0.68926555	-3.5133553	23.793913	18.085793	-301.7943	2.4237287	1.096374	5.0	0.0	22.542374	2.9802322e-08	226.68422	0.0	0.10725	0.10725	28400.2661216259
101	137.0	0.0	0.6989796	-1.1871395	8.092825	21.284994	-17.985186	2.2811227	1.0905441	5.1	0.0	16.62245	7.450581e-09	91.480286	0.0	0.112399995	0.112399995	28683.589349508286
102	127.0	0.0	0.6902174	-3.382977	22.702204	18.232447	-291.5939	2.263587	1.0012113	4.7	0.0	21.684782	-2.9802322e-08	83.934204	0.0	0.10412501	0.10412501	28969.833131313324
103	142.0	0.0	0.6200873	-0.21160354	9.078779	20.740015	-15.701823	2.2711792	1.0417272	4.5	0.0	17.375546	-2.0489097e-08	114.02542	0.0	0.13014999	0.13014999	29243.66076040268
104	104.0	0.0	0.73239434	-3.1612382	25.165243	20.679161	-284.96146	2.4014084	1.0422744	4.6	0.0	23.267605	2.9802322e-08	275.5263	0.0	0.086	0.086	29531.818211078644
105	115.0	0.0	0.6886228	-3.2577398	22.392307	20.906569	-270.61783	2.3922155	1.066136	4.8	0.0	22.790419	-7.450581e-09	84.17027	0.0	0.1011	0.1011	29815.154317617416
106	146.0	0.0	0.6636364	-0.8612113	8.1249695	22.734608	-14.46116	2.3418183	1.026856	4.6	0.0	16.977272	-1.8626451e-08	90.162926	0.0	0.129675	0.129675	30091.991119384766
107	124.0	0.0	0.6813187	-1.0854799	8.600266	22.82253	-19.084969	2.4406595	1.1262579	4.9	0.0	16.983517	-7.450581e-09	74.80943	0.0	0.112050004	0.112050004	30374.273559093475
108	162.0	0.0	0.6694215	-1.6405908	8.381021	19.09014	-13.4723	2.28843	1.0823673	5.5	0.0	16.491735	-4.656613e-08	76.733086	0.0	0.13845	0.13845	30647.302911043167
109	120.0	0.0	0.72289157	-4.0276012	24.325653	20.345783	-296.9765	2.5753012	1.0437096	4.9	0.0	22.963856	0.0	232.66792	0.0	0.10762501	0.10762501	30932.340625286102
110	122.0	0.0	0.67403316	-2.8973105	22.083899	21.145252	-279.34607	2.2850828	1.0976361	5.7	0.0	21.950275	-2.6077032e-08	78.675316	0.0	0.103925	0.103925	31216.94693684578
111	132.0	0.0	0.72527474	-2.576114	23.197243	19.966751	-292.73007	2.4214287	1.037766	5.1	0.0	21.857143	-7.450581e-09	83.026566	0.0	0.1103	0.1103	31505.620698690414
112	148.0	0.0	0.64912283	-0.88322836	7.9180984	20.422363	-16.243174	2.253509	1.090202	4.3	0.0	16.592106	-2.4214387e-08	99.307556	0.0	0.12945	0.12945	31781.272913455963
113	175.0	0.0	0.7231405	-1.6083019	7.984574	22.015148	-18.403358	2.3330576	1.0091226	4.4	0.0	16.454546	-1.1175871e-08	55.96721	0.0	0.14127499	0.14127499	32056.174732208252
114	122.0	0.0	0.68926555	-2.3651125	22.172668	23.320942	-275.5523	2.384746	1.0773183	4.8	0.0	22.576271	0.0	187.10425	0.0	0.105525	0.105525	32341.29624938965
115	167.0	0.0	0.7556561	-1.6158497	8.290693	19.57807	-15.020835	2.4873307	0.9561057	4.8	0.0	16.343891	-1.8626451e-08	73.07563	0.0	0.13805002	0.13805002	32619.346407413483
116	112.0	0.0	0.68711656	-1.0208538	7.2426577	21.026396	-15.924667	2.3754601	1.104319	4.7	0.0	16.7546	-1.4901161e-08	98.918045	0.0	0.09830001	0.09830001	32899.88337087631
117	107.0	0.0	0.6903226	-3.1886642	25.211964	21.69061	-298.3185	2.2580645	1.0581098	5.1	0.0	22.806452	-1.4901161e-08	72.473495	0.0	0.088	0.088	33192.11622786522
118	148.0	0.0	0.6788991	-1.5642035	8.476487	23.302141	-14.166502	2.3000002	1.0597299	5.6	0.0	16.674313	-1.1175871e-08	98.40043	0.0	0.12635	0.12635	33466.141875982285
119	137.0	0.0	0.6919192	-1.2899839	8.193169	20.714985	-13.347436	2.3116162	1.0734239	5.0	0.0	16.464647	-1.4901161e-08	92.91399	0.0	0.11505	0.11505	33744.48655104637
120	162.0	0.0	0.6864407	-1.2453735	8.197426	21.712566	-18.662834	2.3423731	1.0754508	5.3	0.0	16.83051	-1.4901161e-08	79.14752	0.0	0.13845	0.13845	34016.24038076401
121	136.0	0.0	0.7046632	-0.8466721	8.465432	24.159494	-15.165449	2.3891191	1.0209899	4.8	0.0	16.911917	2.9802322e-08	123.897606	0.0	0.11565	0.11565	34294.609619140625
122	165.0	0.0	0.6991525	-1.056114	7.786792	21.210043	-16.2504	2.4652538	1.085566	5.3	0.0	16.87288	-2.0489097e-08	71.31869	0.0	0.14545	0.14545	34568.3974211216
123	86.0	0.0	0.688	-4.138424	29.529287	21.205023	-320.84427	2.2944	1.0076748	4.6	0.0	24.24	1.8626451e-08	347.50928	0.0	0.0722	0.0722	34856.27803134918
124	132.0	0.0	0.7173913	-3.2743185	21.537582	19.312788	-271.02676	2.4054346	1.1165128	5.1	0.0	21.559782	-7.450581e-09	89.26955	0.0	0.1111	0.1111	35142.65474843979
