Epoch	AverageCrash_counter	StdCrash_counter	Crash_ratio	AverageEpRet	StdEpRet	MaxEpRet	MinEpRet	AverageEpCost	StdEpCost	MaxEpCost	MinEpCost	EpLen	AverageVVals	StdVVals	MaxVVals	MinVVals	TotalEnvInteracts	LossPi	LossV	DeltaLossPi	DeltaLossV	Entropy	KL	ClipFrac	StopIter	Time
0	114.0	0.0	0.74025977	-7.239452	9.115369	18.454433	-23.43252	4.55159	1.4660954	9.709827	0.9159943	16.077923	0.12331274	0.031064048	0.21458858	0.048757985	4000	1.4901161e-08	356.10168	-0.014536023	-41.876762	1.6086116	0.011293128	0.10675	79.0	307.1908965110779
1	156.0	0.0	0.6753247	-4.474855	8.901364	18.617975	-18.687693	4.550846	1.3729291	8.334203	0.66536146	17.25974	-2.3767896	0.33895624	-1.6206409	-3.0638678	8000	3.7252903e-09	61.96143	-0.008437408	-1.4695168	1.5942985	0.0121952165	0.2905	19.0	597.0947644710541
2	89.0	0.0	0.5855263	-3.0528126	9.211093	19.178312	-18.604143	4.299387	1.47523	10.292311	0.8941911	17.723684	-1.7536558	0.3873416	-0.3442352	-3.0469103	12000	0.0	192.3037	-0.011036366	-19.757843	1.5691669	0.010556087	0.099	79.0	896.7262613773346
3	108.0	0.0	0.5046729	-0.52804667	10.248753	23.845564	-20.968945	4.0925817	1.4522564	8.282514	1.1807009	18.551401	-2.478019	0.73734605	-1.1505786	-5.285527	16000	4.8428774e-08	92.008354	-0.016842026	-16.483017	1.5288496	0.008584648	0.1075	79.0	1187.7701489925385
4	82.0	0.0	0.48235294	-0.5089331	9.5234	24.054962	-18.09988	4.089864	1.6033298	8.667565	0.91401136	18.470589	-0.0646913	1.5969968	2.9530864	-2.3436184	20000	-2.2351742e-08	139.15482	-0.013105974	-8.145908	1.498497	0.012020705	0.14125	51.0	1488.249536037445
5	80.0	0.0	0.39408866	2.7008922	9.918707	25.67025	-19.447489	3.7195559	1.4322336	7.6432543	0.9983373	19.689655	0.15981852	1.9183409	3.5325854	-3.7497447	24000	9.313226e-10	81.4377	-0.008562682	-14.147156	1.4366198	0.012085638	0.1615	18.0	1772.9218888282776
6	97.0	0.0	0.44700462	1.9971564	9.992071	24.365719	-16.594833	3.4396107	1.3590503	7.6055574	0.9275789	18.382488	3.0644217	2.3164153	6.6699276	-2.4922917	28000	-5.5879354e-09	72.69959	-0.012561858	-5.3671875	1.3520994	0.008958494	0.151	79.0	2057.4516608715057
7	75.0	0.0	0.37313432	5.155797	10.235331	25.207067	-14.456343	3.250316	1.2983772	8.219203	0.6796957	19.82587	2.9488328	2.1768491	6.515509	-1.4505862	32000	1.8626451e-08	73.600494	-0.010852903	-8.946041	1.2804384	0.0064128507	0.097	79.0	2333.4510712623596
8	63.0	0.0	0.34054053	6.3292956	9.958709	28.13411	-14.226801	3.1107497	1.2430816	7.4734626	0.92138535	20.043243	4.7898993	2.5665288	9.807613	-0.075347826	36000	3.7252903e-09	78.76923	-0.010638513	-2.1627407	1.2413237	0.006983663	0.06725	79.0	2607.7905237674713
9	43.0	0.0	0.29655173	7.6289043	10.016804	24.930758	-15.33607	3.1106336	1.2890526	7.1478515	0.90858513	20.682758	4.3786683	3.145813	10.962775	0.5288382	40000	0.0	76.32586	-0.014220312	-2.5771523	1.2469131	0.012037968	0.102749996	44.0	2896.9906389713287
10	52.0	0.0	0.27083334	8.539033	9.445729	25.818645	-14.907081	2.884855	1.2738067	7.009884	0.6662859	20.666666	6.0290294	2.972599	10.065613	-0.3076778	44000	2.6077032e-08	59.15453	-0.016391184	-6.354355	1.141681	0.012126244	0.114250004	70.0	3172.761601448059
11	51.0	0.0	0.27419356	9.422572	9.987151	27.390278	-14.0787525	2.9329958	1.2017137	6.2884393	0.9010365	21.403225	7.3885274	2.8464224	10.992677	1.4714684	48000	-1.7986167e-08	59.94828	-0.010725018	-5.950783	1.075638	0.009298049	0.12799999	79.0	3454.711722135544
12	47.0	0.0	0.25268817	10.451519	9.28993	27.092104	-12.950059	2.9810023	1.1708753	6.4110656	0.6664908	21.387096	8.453764	2.5997083	12.134245	3.6572018	52000	2.6077032e-08	47.695824	-0.009110842	-2.9560127	1.0825844	0.009877829	0.077999994	79.0	3729.212780714035
13	54.0	0.0	0.28125	10.260704	9.766035	26.972954	-12.726954	2.9639628	1.2510316	7.775311	0.9102078	20.703125	9.108891	2.4960668	12.735499	4.5499234	56000	-1.1175871e-08	50.878983	-0.010072277	-2.0284157	1.0770034	0.008733131	0.091749996	79.0	4005.460713624954
14	53.0	0.0	0.27748692	10.668696	9.455871	27.50485	-11.448906	2.9808962	1.2525294	6.899456	0.92252773	20.748692	9.200338	1.9588647	12.980379	5.367869	60000	-7.450581e-09	46.100082	-0.009029289	-1.1943588	1.0638726	0.008443443	0.0555	79.0	4275.747858047485
15	35.0	0.0	0.21604939	12.62005	9.036778	27.985878	-9.68921	2.6918895	1.1584399	5.9274282	0.9092687	21.246914	9.190635	2.1821773	13.550084	-0.39110762	64000	-3.7252903e-09	50.262188	-0.011936994	-3.1313953	0.98230803	0.008466077	0.07475	79.0	4558.778375387192
16	51.0	0.0	0.2642487	13.3028965	10.069487	27.537603	-13.1419325	2.9509714	1.3566613	8.082123	0.911493	20.611399	9.897464	1.9735401	13.099534	5.144869	68000	-1.5832484e-08	54.41005	-0.009402858	-1.7500515	0.99717844	0.0044377083	0.041500002	79.0	4823.337923049927
17	44.0	0.0	0.23529412	13.5688715	9.177686	27.334688	-9.20981	2.790748	1.2479037	6.4315743	0.90929437	21.229946	10.901534	1.9916395	14.239323	6.3052025	72000	-6.519258e-09	42.670525	-0.009965436	-0.82956696	0.9385133	0.0094233835	0.08325	79.0	5085.929315567017
18	56.0	0.0	0.2857143	13.166771	9.460087	25.98299	-8.534085	2.6708608	1.1342589	5.3285737	0.908402	20.290817	11.168286	1.9438249	14.9406595	5.5920477	76000	8.4983185e-09	46.10002	-0.008473195	-1.1624565	0.897642	0.0045195157	0.063	79.0	5346.063915729523
19	40.0	0.0	0.21164021	15.0416975	8.7773485	26.738148	-6.897275	2.651539	1.112773	5.8949533	0.6677162	21.089947	11.040294	1.9128686	14.808377	4.532332	80000	3.259629e-09	40.08142	-0.0077687036	-2.2336845	0.8438016	0.0077885054	0.06025	79.0	5607.556482076645
20	45.0	0.0	0.2356021	14.752241	9.237245	30.358656	-5.4767346	2.5558453	1.2250597	6.087793	0.66771376	20.811518	12.093254	1.7091707	15.502947	4.290851	84000	7.450581e-09	41.76771	-0.008820772	-1.3230228	0.85431635	0.0076987334	0.06275	79.0	5870.321482896805
21	45.0	0.0	0.23809524	14.65107	9.403357	29.35635	-7.2841163	2.5978506	1.120227	6.6301527	0.91067845	20.989418	11.632546	1.9514481	15.409488	3.323995	88000	-9.313226e-09	39.039093	-0.007019952	-0.898407	0.8437407	0.0023343428	0.04225	79.0	6134.853203058243
22	42.0	0.0	0.22222222	15.036866	9.681605	28.349531	-13.839988	2.5208724	1.1045009	5.331148	0.6686248	21.10582	11.964275	2.309483	16.467106	0.6171402	92000	0.0	42.03327	-0.007167099	-0.93613243	0.8251883	0.0035035557	0.06125	79.0	6393.082684755325
23	52.0	0.0	0.26530612	14.383174	9.931153	27.947254	-7.3268337	2.675692	1.2112135	6.3483305	0.91879886	20.306122	12.00259	2.0972497	16.733616	1.7653731	96000	-1.3038516e-08	45.32498	-0.009550387	-1.0332737	0.80424273	0.009404052	0.0855	79.0	6658.185686349869
24	40.0	0.0	0.21390374	16.33281	9.2669735	28.603464	-7.0722446	2.6204903	1.0504736	6.3063793	0.9243418	21.304813	11.650635	2.084862	16.826258	-1.3752363	100000	1.2572855e-08	41.368713	-0.006040522	-2.1798096	0.76581556	0.003497417	0.04	79.0	6921.635944366455
25	25.0	0.0	0.1388889	17.049072	8.54582	29.586512	-9.975905	2.390431	1.0575662	6.102467	0.91083884	22.038889	12.798406	2.2077613	17.655937	-3.1044095	104000	0.0	31.905636	-0.00877195	-0.72986126	0.7321979	0.0061254483	0.085	79.0	7183.8519740104675
26	32.0	0.0	0.171123	16.432451	8.203769	28.943817	-4.012108	2.378806	0.9937792	4.9607124	0.8964632	21.342245	13.20341	2.2596328	18.777815	-3.270215	108000	-7.450581e-09	31.79326	-0.0060590487	-0.4027195	0.7106321	0.0035326094	0.041	79.0	7445.714205503464
27	32.0	0.0	0.17391305	16.87941	8.791036	32.92484	-9.462005	2.3797016	1.038411	6.0253253	0.66748136	21.570652	12.67884	2.2605655	17.728464	-5.5745816	112000	1.44355e-08	32.21219	-0.005949551	-0.85384655	0.7066958	0.004336239	0.0365	79.0	7701.829536914825
28	49.0	0.0	0.25789472	15.99197	9.480255	29.373808	-6.4787035	2.55902	1.0683271	5.4930034	0.92803043	20.88421	12.989557	2.5992155	18.26687	-2.6122787	116000	9.313226e-09	41.64399	-0.007593016	-0.62454605	0.7013935	0.0076864082	0.0635	79.0	7961.002525806427
29	37.0	0.0	0.19892474	16.081905	9.415943	28.823069	-8.852135	2.3921561	1.0933006	6.437294	0.9116123	21.451612	12.38309	2.6284668	19.041372	-6.666432	120000	-1.7695129e-08	37.90952	-0.0068241134	-0.21657944	0.68669885	0.012123568	0.07975	34.0	8225.026929855347
30	37.0	0.0	0.1957672	16.72601	9.135027	29.24756	-7.7526298	2.4048696	1.0139438	5.625165	0.6663526	21.084656	12.503907	2.5020897	18.417255	-4.3620195	124000	1.8626451e-09	35.025383	-0.0069317664	-0.5243721	0.6626185	0.006412518	0.0425	79.0	8485.212861776352
31	54.0	0.0	0.2783505	15.505938	9.661235	28.363148	-7.562579	2.6310792	1.1470084	6.1754856	0.91105616	20.546392	12.847056	2.653916	18.60461	-5.1875324	128000	2.7939677e-09	41.11312	-0.0055993567	-1.5281467	0.678842	0.004140982	0.036250003	79.0	8744.347935438156
32	34.0	0.0	0.17894737	17.330324	8.822411	28.839796	-8.359162	2.3611007	1.036994	5.443497	0.89469975	20.93158	12.533949	3.1332922	19.27182	-6.5009437	132000	-3.7252903e-09	36.442078	-0.008105604	-1.8416443	0.649523	0.004433595	0.082499996	79.0	9007.050409793854
33	40.0	0.0	0.20942408	17.05789	9.071714	28.450974	-7.5251284	2.2886796	1.0287366	5.705669	0.9106915	20.848167	13.194109	2.7639875	19.103844	-8.763272	136000	3.7252903e-09	34.567318	-0.006357249	-0.31662083	0.6302321	0.00303192	0.042	79.0	9269.70605301857
34	47.0	0.0	0.24479167	16.187368	9.078473	27.347742	-5.383908	2.4084094	1.0102559	4.6998744	0.91072375	20.677084	12.915835	2.8798707	19.489763	-4.4817204	140000	1.8626451e-09	34.605778	-0.008469466	-0.5684471	0.6266427	0.0034362962	0.065	79.0	9530.27229642868
35	39.0	0.0	0.203125	16.86598	9.2190075	30.168858	-5.4111357	2.4058115	1.0387367	5.051449	0.92814493	20.776041	12.775512	2.9143453	19.182959	-7.3311176	144000	0.0	36.710567	-0.008036684	-1.2774534	0.61398953	0.008182612	0.05875	79.0	9793.103432655334
36	46.0	0.0	0.23834197	16.685095	9.474301	31.506758	-5.09808	2.434393	1.0627	5.523961	0.91203594	20.554403	12.957496	3.0128334	19.09579	-5.173282	148000	7.450581e-09	37.90355	-0.004886877	-0.9358921	0.62702477	0.0028779893	0.039	79.0	10053.067243814468
37	40.0	0.0	0.21052632	16.78734	9.039118	28.684944	-5.715757	2.495715	1.0217793	5.37192	0.910988	20.878948	12.752723	3.0971587	19.637293	-8.1491585	152000	6.519258e-09	34.47602	-0.007145148	-0.3956318	0.6144594	0.005868537	0.074	79.0	10312.760367631912
38	49.0	0.0	0.2525773	16.515793	9.580039	29.231247	-3.6019428	2.5111315	1.0870367	6.557901	0.66625535	20.515465	13.047259	3.0480213	20.289305	-8.912913	156000	0.0	36.727695	-0.0067783	-0.76130676	0.60190773	0.0038746404	0.068	79.0	10567.601988315582
39	42.0	0.0	0.22340426	16.827114	9.306279	30.145933	-6.147263	2.4357834	1.1134957	5.639006	0.9260042	21.148935	13.003172	3.3138463	20.422804	-9.606652	160000	-3.7252903e-09	35.022713	-0.006921921	-1.0274734	0.5975355	0.005291016	0.0625	79.0	10821.498792409897
40	33.0	0.0	0.1764706	17.488457	9.384943	29.151344	-9.953805	2.298475	1.0532253	6.763666	0.8943337	21.315508	12.999916	3.2139144	19.394144	-7.7279663	164000	1.1175871e-08	35.178886	-0.0060337335	-1.042551	0.5630197	0.0027210063	0.05	79.0	11074.101428031921
41	44.0	0.0	0.22916667	16.665201	9.529577	30.095018	-5.9613867	2.3239026	1.0617338	5.991725	0.6784884	20.739584	13.335613	3.4331515	20.267378	-7.460292	168000	-9.313226e-09	34.901707	-0.004719163	-0.8291054	0.533273	0.003833224	0.038999997	79.0	11328.554386138916
42	42.0	0.0	0.21649484	17.178354	9.411816	29.146076	-5.603683	2.3617527	1.0253352	5.3010917	0.66857785	20.536083	12.882791	3.3838258	20.511522	-10.060048	172000	7.450581e-09	35.296883	-0.0056263357	-0.69475746	0.5234877	0.0039898343	0.036	79.0	11582.239741802216
43	33.0	0.0	0.17553191	17.586884	8.962962	28.04244	-11.398212	2.288455	1.0939444	7.5604663	0.90907717	21.196808	13.190068	3.4020052	19.410488	-12.627559	176000	1.8626451e-09	31.424799	-0.007613858	-0.9063139	0.5518162	0.0120299	0.06075	79.0	11834.482033967972
44	43.0	0.0	0.22279793	16.968102	9.584864	29.238888	-10.772381	2.3069565	1.0640618	5.5979366	0.91328144	20.549223	13.332504	3.6041694	19.940325	-12.315684	180000	-4.656613e-09	33.671112	-0.0059024906	-0.9222584	0.5294936	0.0048855813	0.046499997	79.0	12090.900008678436
45	37.0	0.0	0.19786096	18.366884	9.207756	29.414738	-6.083333	2.2631683	1.0684139	5.46185	0.66761494	21.272728	13.048766	3.3241785	19.93006	-4.405292	184000	0.0	33.182316	-0.005988151	-1.3992319	0.54722214	0.0062203202	0.052	79.0	12345.491493225098
46	36.0	0.0	0.19354838	17.702887	9.222209	29.81958	-9.654947	2.2993236	1.0814364	5.369045	0.66709304	21.419355	13.693332	3.5865948	20.63342	-7.57918	188000	5.5879354e-09	32.418476	-0.0051842453	-0.9097681	0.5312077	0.0045983177	0.03275	79.0	12602.61228609085
47	38.0	0.0	0.2010582	17.76523	9.235315	28.627808	-5.838749	2.3020098	0.99945384	5.049049	0.90996504	21.05291	13.217638	3.231999	20.073751	-9.824707	192000	2.7939677e-09	28.728428	-0.0049282284	-1.0884123	0.53927016	0.005074743	0.03225	79.0	12854.798846244812
48	43.0	0.0	0.2263158	16.748451	9.232995	28.383419	-3.1318066	2.3220174	1.0628487	5.2490234	0.9268326	20.963158	13.32215	3.8453302	20.653591	-9.524987	196000	1.8626451e-09	31.948963	-0.00517371	-0.94433594	0.5121503	0.003629691	0.060500003	79.0	13115.029694318771
49	33.0	0.0	0.17934783	18.197128	8.92125	29.586575	-7.6065335	2.2506564	0.9815907	5.4189987	0.667735	21.652174	12.962285	3.6859913	19.90264	-1.5995829	200000	1.8626451e-09	30.370415	-0.006305022	-1.7420645	0.5336765	0.0043958034	0.06125	79.0	13365.22947716713
50	43.0	0.0	0.22513089	16.789839	9.186697	30.106642	-5.0482383	2.3717122	1.0625417	5.066423	0.908467	20.83246	13.383614	3.4600136	20.424314	-6.517527	204000	-1.44355e-08	29.052399	-0.006119436	-2.0978966	0.5378201	0.003238045	0.04275	79.0	13618.33243060112
51	40.0	0.0	0.21276596	17.327724	9.207351	28.813965	-9.513153	2.3684583	0.9324948	4.691339	0.91893363	21.23936	13.253011	3.6392157	20.519487	0.20105846	208000	3.7252903e-09	29.176159	-0.005640816	-0.60438347	0.49789217	0.0048675793	0.030749999	79.0	13873.204175233841
52	44.0	0.0	0.2303665	17.011225	9.6165085	31.554573	-6.452658	2.367426	1.0432072	5.588108	0.89890724	20.863874	13.299791	3.7540371	20.082453	0.7335611	212000	-6.519258e-09	29.030266	-0.0043777297	-1.232132	0.46697158	0.0007569244	0.036250003	79.0	14115.842071771622
53	38.0	0.0	0.20212767	17.581057	9.391453	30.067621	-6.5509906	2.2098377	1.0515832	5.99475	0.9106879	21.138298	13.187645	4.18521	20.593971	-0.12950654	216000	-1.8626451e-09	28.25787	-0.006963821	-0.7560148	0.49213168	0.0054886173	0.069	79.0	14353.336760044098
54	34.0	0.0	0.18378378	18.026798	9.554848	28.760845	-9.06656	2.2875445	1.105897	5.560051	0.9171695	21.491892	13.198011	3.9610143	20.382225	3.0476198	220000	1.1175871e-08	30.008968	-0.0072131287	-1.3007307	0.5067681	0.004624996	0.0315	79.0	14589.665672063828
55	43.0	0.0	0.2287234	17.481781	9.511657	28.766607	-5.1940923	2.3194516	1.0145478	5.71672	0.66622794	21.164894	13.4289255	3.99519	20.471487	1.0388774	224000	-3.7252903e-09	31.006346	-0.005051378	-1.4385595	0.51047397	0.0023644515	0.03675	79.0	14827.795297384262
56	39.0	0.0	0.203125	17.195374	9.541875	29.910227	-7.6151376	2.3813555	1.0998313	5.363042	0.90913963	20.786459	13.301869	3.9033008	19.72675	-2.3753989	228000	1.4901161e-08	29.16841	-0.005516831	-1.9027767	0.5066958	0.0019420466	0.039750002	79.0	15064.34479188919
57	34.0	0.0	0.18085106	18.304766	9.208746	30.614672	-5.031001	2.2185981	0.9656844	4.9741454	0.67818534	21.159575	13.782019	3.7063775	19.815702	-1.9229883	232000	-1.6763806e-08	25.074625	-0.0056053703	-1.2897482	0.48489866	0.005628416	0.04225	79.0	15301.694748878479
58	37.0	0.0	0.1957672	17.687939	9.529078	30.436329	-7.063002	2.306649	1.0218421	5.2197504	0.896472	21.05291	13.491713	4.173085	20.293737	2.3614624	236000	5.5879354e-09	26.930977	-0.006205543	-1.4167786	0.47003764	0.004432224	0.026250001	79.0	15540.414031505585
59	37.0	0.0	0.1957672	17.769596	8.677432	28.792284	-5.4326487	2.2275655	0.9909833	5.4860907	0.90889037	20.994709	13.522137	4.1029925	20.407707	-1.5685431	240000	0.0	25.586193	-0.006030882	-1.0026484	0.48249942	0.0032285678	0.0345	79.0	15779.204828977585
60	40.0	0.0	0.20942408	17.324306	9.19834	28.477064	-3.788538	2.2607179	0.975967	5.253612	0.91021436	20.837696	13.345148	4.0817194	21.019674	1.2325214	244000	0.0	24.132519	-0.007609552	-0.7125921	0.5084349	0.006873763	0.0435	79.0	16017.30162525177
61	54.0	0.0	0.2741117	16.009806	9.958499	28.39345	-5.4579606	2.5631058	1.090336	5.394787	0.8956124	20.253807	13.057651	4.031583	20.756472	3.1963346	248000	-1.8626451e-09	29.687542	-0.0072252564	-1.3242168	0.4994561	0.0027750772	0.039499998	79.0	16254.98533320427
62	42.0	0.0	0.22105263	17.345804	9.746882	28.702738	-6.4406633	2.3633134	1.0949827	6.6486053	0.93651634	20.952631	13.200201	4.4673142	20.561651	0.11350702	252000	3.7252903e-09	25.980267	-0.007876739	-0.4807415	0.50409174	0.0047803167	0.0725	79.0	16506.97212576866
63	49.0	0.0	0.2525773	16.89227	10.2382145	29.982748	-4.8063803	2.4027195	1.0774182	5.1809006	0.9272775	20.58763	12.835364	4.5981603	20.826143	0.76035756	256000	-7.450581e-09	27.897655	-0.0070019737	-1.6677198	0.49827412	0.004423867	0.039750002	79.0	16765.02777504921
64	39.0	0.0	0.20634921	17.692522	9.396563	29.123922	-7.6535935	2.3646789	1.1122906	5.7132487	0.91132253	21.10582	12.982317	4.6591816	21.23402	0.10674022	260000	-6.7520887e-09	27.317284	-0.0041873404	-1.0636187	0.49428582	0.012481995	0.14725	5.0	17014.976047754288
65	31.0	0.0	0.17032968	18.119524	9.47069	31.583317	-7.309623	2.2968488	1.0221314	5.342532	0.92047644	21.785715	13.415041	4.5217657	21.990644	1.157725	264000	-7.450581e-09	29.81315	-0.0079236515	-0.9420948	0.46699888	0.006559834	0.05875	79.0	17269.746257066727
66	32.0	0.0	0.17486338	18.463943	8.884238	31.471407	-6.5552135	2.2255962	0.95751107	5.677697	0.9104378	21.754099	13.639652	3.9469688	21.755167	3.5036776	268000	6.170012e-09	20.780346	-0.0057657096	-1.1282339	0.43425667	0.0044548083	0.03175	79.0	17522.957060337067
67	36.0	0.0	0.19251336	17.722168	9.223201	28.816713	-4.116015	2.3010068	1.0276067	5.1609883	0.9089508	21.31016	13.781326	4.6741486	21.956276	2.3604043	272000	-1.0477379e-08	26.98509	-0.0052868263	-1.0272198	0.4118419	0.005107637	0.030000001	79.0	17779.331129074097
68	37.0	0.0	0.19371727	17.804642	9.660365	30.593885	-7.8143044	2.2215006	0.90727556	4.62703	0.91068816	20.90576	13.701723	3.9738045	21.347569	3.5150843	276000	-3.7252903e-09	24.878382	-0.0063503794	-1.2423773	0.39088035	0.004702749	0.0405	79.0	18034.357203006744
69	29.0	0.0	0.1576087	18.20303	8.981865	31.257742	-6.0305443	2.1926482	0.96976393	5.091198	0.9088611	21.630434	13.902122	4.324799	21.851402	1.0207132	280000	-1.094304e-08	22.85254	-0.005743362	-0.5757446	0.3991291	0.006259511	0.037	79.0	18290.31512069702
70	33.0	0.0	0.17553191	18.222666	9.002515	30.103045	-4.7936454	2.293798	0.94978243	4.7855725	0.91035026	21.19149	13.403781	4.251375	21.050402	-0.101796836	284000	-7.450581e-09	21.05455	-0.0062978435	-1.0211439	0.3899148	0.0043674186	0.0635	79.0	18543.306960344315
71	37.0	0.0	0.19680852	17.44643	9.436168	29.775005	-5.1757336	2.287978	1.0068222	5.0031457	0.8975825	21.138298	13.840934	4.3996882	22.451365	0.39245015	288000	1.4901161e-08	24.88358	-0.0051057003	-1.1363077	0.40487856	0.0019665412	0.02925	79.0	18793.102675914764
72	36.0	0.0	0.19148937	17.715302	9.064177	30.775007	-5.621476	2.2173193	0.95653075	5.1083145	0.9092197	21.117022	13.5170765	4.328221	21.131744	1.1998385	292000	5.5879354e-09	18.928793	-0.004227802	-0.63717175	0.388051	0.0050225495	0.02925	79.0	19044.572887420654
73	36.0	0.0	0.18947369	17.703087	9.246076	28.74771	-7.254921	2.1796339	0.9921277	5.4048886	0.9097704	20.921053	13.261695	4.7661023	21.45205	-1.879935	296000	4.656613e-09	21.858551	-0.0059116036	-1.82621	0.38025582	0.00445451	0.042999998	79.0	19297.51374053955
74	33.0	0.0	0.1764706	18.21461	9.164008	31.316042	-6.217562	2.1862502	0.94466823	5.515765	0.9269768	21.262032	13.4979	4.6804414	21.231838	-1.7302815	300000	8.381903e-09	26.98921	-0.005690816	-1.9711123	0.35831124	0.0025121788	0.038999997	79.0	19548.9843146801
75	41.0	0.0	0.21354167	17.864023	9.493973	29.63309	-6.138115	2.2251163	1.0180119	5.3820424	0.8947711	20.71875	13.915516	4.294469	21.278545	0.34017372	304000	0.0	23.391148	-0.0049661174	-1.9471025	0.37159413	0.0034889656	0.03125	79.0	19801.756062746048
76	33.0	0.0	0.17460318	18.20787	9.167382	29.339275	-7.795461	2.1876073	0.9825998	5.323974	0.9274698	21.116402	13.847818	4.6264877	21.404097	0.761585	308000	6.9849193e-09	19.594181	-0.00614634	-2.104578	0.3796249	0.0046217325	0.062	79.0	20055.98596215248
77	40.0	0.0	0.20942408	17.52931	9.5258255	32.491066	-6.1740317	2.3327684	1.0202386	5.344549	0.9268241	20.890053	13.553195	4.849205	21.105574	-2.2683897	312000	-1.1175871e-08	25.980976	-0.005915219	-2.3620968	0.35024267	0.004001794	0.065	79.0	20307.71769976616
78	39.0	0.0	0.20418848	17.244104	9.345749	30.742119	-8.184634	2.2789571	1.1012539	5.3035355	0.9008759	20.848167	13.3973465	4.419956	21.217348	0.71100295	316000	2.561137e-09	23.710585	-0.0043221964	-0.8440132	0.3611122	0.0032880649	0.025	79.0	20563.438585042953
79	28.0	0.0	0.15135135	18.61589	8.337784	29.005781	-6.5432105	2.1119936	0.9665021	5.687797	0.9238374	21.508108	13.381084	4.3578672	20.835415	-0.12088779	320000	0.0	24.792568	-0.006474249	-2.5214443	0.33097523	0.0046848124	0.06025	79.0	20816.38579750061
80	23.0	0.0	0.123655915	19.07581	8.084831	29.210115	-6.040351	2.0596614	0.93743193	6.442604	0.9087346	21.44086	13.990989	3.9404354	21.22302	1.6647433	324000	-1.8626451e-09	17.4206	-0.0046583395	-0.8153696	0.332691	0.0017653916	0.024500001	79.0	21051.88298678398
81	26.0	0.0	0.1420765	18.84528	8.23282	29.52392	-4.53401	2.230359	0.97089237	5.104888	0.6662934	21.617487	13.8748045	4.0602083	21.124128	1.5274537	328000	-2.2118911e-09	20.513584	-0.008406656	-1.1039028	0.3397058	0.005583562	0.0765	79.0	21288.56644678116
82	37.0	0.0	0.1957672	17.280947	9.164173	28.01584	-3.9892092	2.2992942	1.008829	5.3507595	0.5609199	21.042328	14.106842	3.9008887	21.77655	3.2162704	332000	3.7252903e-09	22.889997	-0.005863227	-2.4873762	0.3692978	0.0029280297	0.031999998	79.0	21525.114153385162
83	30.0	0.0	0.16129032	18.470545	8.413951	29.475697	-8.773103	2.2344525	0.8954681	4.327451	0.9268252	21.435484	13.524846	4.2968974	20.760418	0.9458951	336000	-1.4901161e-08	18.874447	-0.006255064	-1.2029858	0.35928032	0.0041495096	0.07075	79.0	21760.94254040718
84	34.0	0.0	0.18378378	17.924192	9.275676	33.029392	-8.749344	2.3217773	1.1107477	6.5857053	0.9087838	21.54054	13.750883	4.3999085	20.813	1.2531925	340000	1.21071935e-08	20.211212	-0.00550675	-0.732666	0.35326272	0.0084044235	0.036250003	79.0	21997.62492442131
85	19.0	0.0	0.18446602	16.88137	9.161634	29.355194	-5.6660385	2.2450871	1.0792384	4.4808817	0.9208624	21.252428	11.957483	4.2372093	21.057053	-27.539196	344000	2.9802322e-08	60.20719	-0.0067543983	-40.550983	0.49743265	0.0072515076	0.027999999	79.0	22314.97557759285
86	45.0	0.0	0.23195876	16.65813	9.889101	29.670254	-7.3238673	2.2342155	1.0576931	4.9904675	0.9120826	20.520618	11.701812	5.899179	21.198648	1.576397	348000	-1.3969839e-09	36.672977	-0.0062356535	-12.55068	0.36681807	0.0082147345	0.042000003	79.0	22551.555772781372
87	23.0	0.0	0.12568305	19.11568	7.819104	30.197748	-7.0871553	2.1933591	0.9931989	4.8662806	0.9112812	21.8306	13.457262	4.467974	20.761568	-1.1295246	352000	-1.8626451e-09	16.619152	-0.0047205687	-1.9633183	0.35904402	0.0037907546	0.02925	79.0	22787.755595207214
88	24.0	0.0	0.13186814	19.672733	7.8254433	30.949532	-5.044056	2.1850047	1.0093485	5.3304276	0.6756367	21.796703	14.410508	4.0337744	21.540806	1.2743102	356000	3.7252903e-09	17.858473	-0.007386815	-0.9041805	0.34646216	0.004861455	0.0405	79.0	23022.015394210815
89	30.0	0.0	0.16304348	17.7327	9.191367	30.620922	-5.903852	2.304082	1.0535774	5.5637913	0.8995829	21.565218	13.795222	4.3576574	21.249369	1.2988161	360000	1.8626451e-09	21.637203	-0.0047242735	-0.54924965	0.38590056	0.00452488	0.059	79.0	23258.076214313507
90	32.0	0.0	0.17297298	17.910505	9.003921	28.65283	-5.707894	2.3089721	0.9989468	5.2866297	0.9136226	21.567568	13.715373	4.3734484	21.04733	1.5228715	364000	3.7252903e-09	18.038042	-0.0056907916	-0.79951096	0.41407585	0.0036381558	0.031999998	79.0	23494.25440144539
91	18.0	0.0	0.101123594	18.296156	8.267192	28.94092	-8.399206	2.2313719	1.0248529	6.557884	0.92346245	22.292135	13.778098	4.3780556	20.899752	-1.2858205	368000	-2.7939677e-09	17.467102	-0.0074030254	-0.6056156	0.39342338	0.005901308	0.0435	79.0	23730.477169275284
92	34.0	0.0	0.17894737	17.882378	9.422983	28.694258	-6.407363	2.2850592	1.0034583	5.140715	0.9248528	21.026316	13.681125	4.3740244	20.666857	-0.8473278	372000	-7.450581e-09	18.24055	-0.004924407	-1.2079415	0.35076386	0.005457036	0.05725	79.0	23966.260756254196
93	28.0	0.0	0.1521739	18.441324	8.955968	28.770025	-5.767414	2.223203	0.94282895	6.01161	0.9249536	21.570652	13.723088	4.8716116	21.090155	-2.0851586	376000	9.313226e-09	16.603338	-0.0056212973	-0.986022	0.33727187	0.0015541201	0.052500002	79.0	24199.481336593628
94	31.0	0.0	0.16666667	18.136675	9.284895	28.531525	-9.096941	2.1900496	1.054409	5.546683	0.92911905	21.408602	14.110457	4.772473	21.087984	-0.19931376	380000	3.7252903e-09	20.30194	-0.0062658237	-1.20893	0.3361826	0.0032808976	0.046499997	79.0	24435.08480668068
95	28.0	0.0	0.15053764	18.512539	8.7660055	29.939539	-6.2129207	2.2112215	0.9670079	4.9277663	0.9230941	21.45699	13.42374	4.695857	20.849937	-2.2740293	384000	-7.450581e-09	18.86993	-0.0068158517	-1.8130941	0.32537508	0.0022045579	0.03825	79.0	24670.157923460007
96	34.0	0.0	0.18181819	17.498678	9.01824	29.025043	-10.62675	2.2903485	1.0043967	5.1737127	0.67876476	21.229946	13.889387	4.5339594	21.298819	-0.24090846	388000	1.6298145e-09	18.628666	-0.0052351886	-0.76451397	0.3183418	0.002374262	0.03325	79.0	24906.607051849365
97	28.0	0.0	0.1521739	18.53133	8.670717	30.10905	-7.949584	2.2453177	1.0041196	6.812688	0.9217102	21.51087	13.4271555	4.4265623	20.849194	-0.7287912	392000	1.3038516e-08	23.226097	-0.0066086324	-1.3726091	0.32252336	0.004091789	0.041	79.0	25142.711765527725
98	25.0	0.0	0.13736264	18.635942	8.61401	28.422153	-5.9641504	2.199824	0.9409838	4.846169	0.89660203	21.84066	14.072339	4.206303	21.051754	-1.3756948	396000	6.0535967e-09	17.611425	-0.0038373189	-0.89220905	0.29988402	7.967284e-05	0.039499998	79.0	25377.476850509644
99	37.0	0.0	0.19786096	17.240984	9.852443	31.30982	-8.168399	2.3971188	1.0177286	5.65315	0.9382887	21.31016	13.752776	4.4938793	21.35118	-2.0187578	400000	1.8626451e-09	21.92508	-0.004630549	-1.3254175	0.3138188	0.002765555	0.02025	79.0	25612.97003674507
100	25.0	0.0	0.13812155	18.935848	8.335126	29.103624	-5.5324483	2.2858267	0.99473494	6.5840626	0.9303475	22.022099	13.874029	4.5940104	21.051582	-0.9674272	404000	-5.5879354e-09	19.20766	-0.006993375	-0.5012646	0.32567582	0.00437409	0.06025	79.0	25849.585834264755
101	23.0	0.0	0.12707183	18.595234	8.084467	30.483696	-8.427589	2.2877333	1.0431749	5.6382804	0.7591299	21.878452	13.957918	4.349036	21.095354	0.3512423	408000	6.9849193e-09	19.024353	-0.0046737706	-0.7943258	0.30681926	0.0024587775	0.028	79.0	26085.7721991539
102	25.0	0.0	0.18382353	18.203728	8.890897	29.741293	-5.7875834	2.3141587	1.0325243	4.9924426	0.9112299	21.294117	12.692036	4.3178525	21.577007	-16.41291	412000	-2.9802322e-08	41.935616	-0.0068156645	-18.96915	0.31764722	0.0014556602	0.034	79.0	26367.096227884293
103	29.0	0.0	0.15591398	19.231724	8.867449	29.899553	-7.6158876	2.153144	0.95938444	5.547001	0.91374767	21.370968	13.160274	5.502617	20.976543	-0.25591838	416000	5.2154064e-08	25.646788	-0.0042832103	-7.630991	0.2707299	0.0042769085	0.031999998	79.0	26599.633538246155
104	35.0	0.0	0.18518518	17.61089	9.597879	29.372028	-8.137358	2.2524016	0.9796479	4.8574767	0.9301999	21.047619	13.780059	5.224673	21.53593	-2.345263	420000	1.8626451e-09	17.92528	-0.0052934103	-0.8352785	0.29277736	0.0071981433	0.05025	79.0	26833.960648059845
105	28.0	0.0	0.15135135	18.575813	8.545805	28.845776	-6.307498	2.2360928	0.95440435	5.0337296	0.9302437	21.545946	13.669822	4.6922297	20.74261	-1.2396222	424000	7.450581e-09	22.39824	-0.004358016	-1.379715	0.274126	0.0010928349	0.0305	79.0	27068.864842176437
106	34.0	0.0	0.17894737	18.4642	8.976969	29.688747	-7.568772	2.230343	0.97746086	4.9649625	0.9110594	21.036842	13.895648	4.114806	20.51903	-1.9928983	428000	3.7252903e-09	18.096062	-0.0045437776	-1.2208171	0.24908252	0.0021911021	0.03525	79.0	27302.399041175842
107	36.0	0.0	0.19251336	18.14902	9.343364	29.077322	-5.7949557	2.3004544	1.0148854	5.7941194	0.8991417	21.26738	13.772532	4.901714	21.028053	-1.5588458	432000	-1.3038516e-08	18.81739	-0.005063625	-0.7541714	0.25645262	0.0026768674	0.041	79.0	27535.04923892021
108	41.0	0.0	0.21578947	17.646093	9.469547	29.639212	-5.594064	2.2392163	1.0467619	5.114127	0.90932214	20.842106	13.575729	5.0422173	21.040354	-2.4296856	436000	9.313226e-09	23.57892	-0.0062863026	-1.2130518	0.23909211	0.005153023	0.04175	79.0	27770.440554142
109	38.0	0.0	0.19791667	17.594404	9.267059	30.791708	-6.0352473	2.2519417	1.0932223	5.103821	0.66773146	20.729166	13.584428	4.7944455	21.121376	-1.193026	440000	7.450581e-09	19.891619	-0.003728263	-0.5473366	0.24041773	0.0007965931	0.01775	79.0	28002.675135612488
110	29.0	0.0	0.15675676	18.578495	8.556968	28.762232	-6.39756	2.250275	0.9372306	5.0027204	0.93068117	21.52973	13.428851	4.437671	20.858364	-4.241527	444000	1.8626451e-08	19.332357	-0.0058330894	-0.9904995	0.26218534	0.0050121234	0.0325	79.0	28236.468933343887
111	26.0	0.0	0.14054054	18.960485	8.654106	29.166874	-9.350333	2.1705985	0.9297647	4.853928	0.9214307	21.524324	13.883389	4.599121	21.289804	-1.6007584	448000	4.656613e-09	18.423126	-0.0055154357	-0.7096205	0.26143727	0.0073894635	0.05025	79.0	28468.58909726143
112	28.0	0.0	0.15300547	18.947132	9.03331	30.788568	-12.006824	2.2015927	0.9992391	5.483077	0.9108469	21.748634	14.097808	4.6116486	21.135717	-0.68093604	452000	-3.7252903e-09	18.050507	-0.0036811568	-1.7117071	0.26357543	0.0024275423	0.01925	79.0	28699.14973306656
113	26.0	0.0	0.1420765	18.74661	8.579321	29.405035	-6.0860634	2.209472	0.90803367	4.961891	0.9150256	21.721312	13.817561	4.7835608	20.94673	-4.5929446	456000	-9.313226e-10	17.347775	-0.004928398	-2.585669	0.2621276	0.004046863	0.038999997	79.0	28932.45505285263
114	37.0	0.0	0.19786096	17.883081	9.219434	30.878445	-4.2692723	2.1912282	0.9652086	5.9096446	0.9038804	21.203209	14.412484	4.887928	22.281328	-1.1185354	460000	0.0	18.75641	-0.00721013	-2.2562256	0.2569495	0.0052335407	0.034	79.0	29166.982616901398
115	25.0	0.0	0.13661203	19.075205	8.924012	31.18013	-9.384671	2.0900018	0.9118618	4.80642	0.9222254	21.74317	13.777614	4.670663	21.060404	-2.4345598	464000	-4.656613e-09	17.753284	-0.0046312576	-2.494938	0.26156068	0.0031604604	0.02875	79.0	29401.636299848557
116	28.0	0.0	0.15135135	18.369125	9.27529	29.650494	-10.14484	2.1942954	0.9495967	5.0912933	0.9098099	21.45946	14.2645645	4.9932637	20.999868	-3.8314784	468000	-1.8626451e-09	18.64422	-0.0051490497	-1.6758118	0.25537544	0.0016526747	0.043250002	79.0	29635.156999349594
117	28.0	0.0	0.15300547	18.298534	8.604905	29.336687	-5.856682	2.2577689	0.9310983	5.3146205	0.66778576	21.737705	13.610826	4.948068	21.471214	-5.880247	472000	5.5879354e-09	21.379238	-0.005175704	-1.644022	0.2818434	0.0010741696	0.03525	79.0	29869.30626630783
118	30.0	0.0	0.16304348	18.34041	8.85154	29.23851	-5.5886927	2.2677834	1.0209805	5.2713957	0.92473036	21.641304	13.81307	4.4382715	20.848553	-4.4250727	476000	9.313226e-09	17.320827	-0.00442319	-0.9513259	0.26007843	0.0014812808	0.019749999	79.0	30104.845863103867
119	31.0	0.0	0.16847827	18.03165	8.711546	30.274973	-5.37965	2.221843	0.9561331	4.791889	0.92124194	21.630434	13.479938	4.86085	21.173967	-5.083308	480000	4.656613e-09	19.500332	-0.0051602256	-0.8050151	0.26565588	0.0023449198	0.05525	79.0	30341.45168876648
120	27.0	0.0	0.14594595	19.178389	9.050802	29.890053	-6.332567	2.1374881	0.90683615	5.4454417	0.9143966	21.567568	13.969139	4.5240173	21.274525	-2.7688649	484000	3.7252903e-09	16.2197	-0.004274383	-1.6174741	0.2736108	0.0018497881	0.048	79.0	30575.172028779984
121	30.0	0.0	0.15957446	18.384892	8.803905	28.800516	-5.9212513	2.1341412	0.9487996	5.3782644	0.9248711	21.159575	14.042578	5.352114	21.843073	-4.835403	488000	1.3969839e-09	18.710417	-0.004832509	-2.027154	0.2621311	0.0030451454	0.057	79.0	30810.284405708313
122	27.0	0.0	0.14594595	18.81732	8.457016	31.203548	-6.529329	2.219738	0.9638003	4.942871	0.9214671	21.475676	14.026377	4.5591397	21.84231	-3.7061768	492000	-1.8626451e-09	18.19981	-0.0068570413	-1.1991701	0.2310633	0.0044847857	0.058250003	79.0	31044.4641225338
123	29.0	0.0	0.15675676	18.754677	8.639744	31.209692	-4.8995175	2.2125967	0.9954811	5.1383896	0.927207	21.486486	14.02748	4.515101	21.267996	-2.518257	496000	-7.450581e-09	22.995602	-0.0049731294	-1.6039801	0.24379091	0.0019460601	0.02725	79.0	31280.83221912384
124	34.0	0.0	0.18181819	18.153528	9.533887	29.937647	-5.0955215	2.4394126	0.98891926	5.478082	0.92207146	21.326202	13.744869	4.31928	22.336878	-1.458353	500000	0.0	18.7575	-0.005881015	-2.6742277	0.24852067	0.0039812406	0.06075	79.0	31516.51804447174
