Epoch	penalty	Crash_ratio	alpha	entropy	critic1	critic2	cost	LossPi	alpha_loss	critic1_loss	critic2_loss	cost_loss	AverageEpRet	StdEpRet	MaxEpRet	MinEpRet	AverageEpCost	StdEpCost	MaxEpCost	MinEpCost	EpLen	Buffer_size	TotalEnvInteracts	Time
1	1.0530407	0.6763285	0.95167625	1.6070774	1.089762	1.0990117	0.04411316	-2.556143	-0.32997456	0.592495	0.5870748	0.03764403	-1.3158842	8.232722	21.609243	-16.094652	4.4737124	1.3218596	8.928035	1.5595433	16.178743	6000	4000.0	374.8838720321655
2	1.1666607	0.7150259	0.8611343	1.602249	1.162176	1.162091	0.06097378	-2.457746	-0.98976403	0.5427126	0.5418545	0.03758201	-2.7948074	22.09149	22.726816	-287.08246	4.5507264	1.35218	8.170171	1.1944808	21.709845	7000	8000.0	641.8396308422089
3	1.2811606	0.6433566	0.7792272	1.5971305	1.0953022	1.0950655	0.07268169	-2.2354484	-1.6483679	0.5627811	0.56208974	0.03629125	-3.157793	34.416626	24.12395	-283.759	4.460356	1.2948459	8.169925	0.5	30.93007	8000	12000.0	909.968097448349
4	1.3946137	0.63596493	0.70513237	1.5877683	1.0537915	1.0536959	0.08825175	-2.0430245	-2.304209	0.5935639	0.5933785	0.037518695	1.802437	9.678586	23.022694	-14.389499	4.49782	1.271363	9.96946	1.521813	17.539474	9000	16000.0	1145.6657733917236
5	1.5081582	0.64285713	0.6381219	1.5740967	1.0373299	1.037209	0.1023552	-1.8870574	-2.9558706	0.63154393	0.6323351	0.03684977	3.4535885	9.271957	21.403725	-12.6342	4.457981	1.3354412	7.355925	1.1874548	17.839285	10000	20000.0	1370.2028110027313
6	1.6202786	0.6272727	0.57750446	1.5592678	1.0462743	1.0461949	0.116811916	-1.7635672	-3.6038609	0.6938	0.69527197	0.037339363	4.2090416	9.231479	23.028948	-12.911286	4.56086	1.388046	7.820482	1.186034	18.213636	11000	24000.0	1575.2359914779663
7	1.7295902	0.60730594	0.52267015	1.5407542	1.0678915	1.0677365	0.12685478	-1.6677973	-4.246233	0.73468304	0.7364868	0.03558376	4.881939	9.382235	26.14914	-11.731479	4.5561743	1.4162945	9.631795	0.91979903	18.3379	12000	28000.0	1780.1678302288055
8	1.836976	0.6232558	0.473073	1.5143782	1.0935289	1.0933535	0.13792181	-1.5813566	-4.8785267	0.77326727	0.7756075	0.034921177	5.5357366	9.435359	23.575024	-12.005565	4.524106	1.2868221	7.7743635	1.4217241	18.372093	13000	32000.0	1988.6881566047668
9	1.942312	0.5971223	0.42821807	1.4853173	1.1151541	1.1151869	0.14437881	-1.507761	-5.502775	0.77381176	0.77609384	0.03360305	7.662199	8.572165	23.286537	-11.784422	4.4975605	1.2714099	7.6781435	1.5820161	19.014389	14000	36000.0	2210.4867804050446
10	2.0451434	0.6077348	0.38762316	1.4598016	1.1449504	1.145129	0.14897458	-1.4510111	-6.1244764	0.7747362	0.77676237	0.03219931	5.468465	27.777006	26.647911	-262.13364	4.5104475	1.4273076	7.901156	0.5	29.679558	15000	40000.0	2421.7907502651215
11	2.1474242	0.55288464	0.3509086	1.4158281	1.186145	1.1861358	0.15544803	-1.4100393	-6.7210984	0.792252	0.7936432	0.03173305	9.277417	9.175606	27.28805	-11.925819	4.4365993	1.3766162	7.2072287	0.9308926	19.317308	16000	44000.0	2625.803358078003
12	2.2494476	0.51741296	0.31772977	1.3601209	1.2375605	1.2379102	0.15981653	-1.3909234	-7.2943254	0.81998736	0.82044774	0.030454904	10.056776	8.6306	25.471844	-10.4407215	4.5960674	1.3791972	7.528013	1.089925	19.77612	17000	48000.0	2830.087548494339
13	2.350459	0.37244898	0.2877474	1.2905452	1.2894793	1.2894949	0.16318952	-1.3811859	-7.8379407	0.8330748	0.83282936	0.029943408	13.06869	8.973572	27.735949	-11.528576	4.2060776	1.4454786	8.685561	0.99905115	20.566326	18000	52000.0	3033.0835909843445
14	2.4508934	0.4568528	0.26063827	1.218414	1.3499106	1.3499491	0.16668902	-1.3851885	-8.363434	0.86926097	0.86826134	0.028909082	12.527996	8.142909	27.3349	-4.568514	4.3771887	1.5099295	7.4022207	1.1855761	20.22335	19000	56000.0	3238.527224302292
15	2.5512211	0.35714287	0.23608707	1.1483644	1.4165626	1.4163862	0.16958728	-1.3990811	-8.877205	0.8925829	0.8911479	0.028381195	14.703239	8.432369	27.735699	-10.275308	3.9137983	1.5071546	7.754438	0.94931245	20.469387	20000	60000.0	3443.5802993774414
16	2.6508477	0.39795917	0.21387295	1.0710086	1.4844593	1.4845295	0.17090353	-1.4262947	-9.365384	0.91381043	0.9125209	0.02737521	14.376538	8.170858	28.830133	-11.125687	4.123518	1.6110903	7.3389425	1.1678747	20.392857	21000	64000.0	3646.4314773082733
17	2.7500386	0.33854166	0.19378175	0.97657347	1.559321	1.5594127	0.17331398	-1.4610037	-9.809364	0.9415868	0.9402909	0.026570767	15.271831	8.133847	28.21562	-4.0531716	4.001557	1.5798032	7.974488	1.1705425	20.671875	22000	68000.0	3846.0397601127625
18	2.8490648	0.28645834	0.17560564	0.87997496	1.6161546	1.6164113	0.17340139	-1.4898465	-10.229992	0.9238524	0.9224288	0.025132928	16.622572	7.8730993	27.704473	-6.915968	3.7469518	1.6312603	8.152438	0.9154122	20.848959	23000	72000.0	4044.672000646591
19	2.9476857	0.27748692	0.1591599	0.76965034	1.6979614	1.6978607	0.17488584	-1.5441955	-10.605319	0.97453445	0.97325134	0.0242335	16.767975	7.746044	30.73522	-1.5208759	3.5759363	1.6995518	8.047855	0.8998494	21.136126	24000	76000.0	4247.702142238617
20	3.0458398	0.234375	0.14428149	0.64570755	1.7776594	1.7774404	0.1747735	-1.6138756	-10.931082	0.981458	0.9805677	0.023322236	17.184656	7.4609723	29.155853	-1.2374414	3.1349971	1.5477275	7.474441	0.67227125	20.854166	25000	80000.0	4447.959062099457
21	3.1441927	0.23809524	0.13081428	0.55339473	1.8544816	1.8544824	0.17482024	-1.675872	-11.297291	0.99569947	0.99560934	0.022694912	17.586182	7.4409475	28.06372	-1.4659314	3.209379	1.6793588	7.436706	0.92181575	20.957672	26000	84000.0	4644.013484954834
22	3.2419386	0.2460733	0.11855127	0.48254487	1.9412311	1.9417233	0.1753426	-1.7527391	-11.6927595	1.0063144	1.0061278	0.022295136	18.170355	7.9007077	29.527447	2.139027	3.1611762	1.6911058	6.940493	0.9083709	21.031414	27000	88000.0	4839.982035636902
23	3.3400161	0.18181819	0.107403286	0.43830657	2.0258782	2.025476	0.17516331	-1.8287944	-12.13561	1.0003635	0.99969923	0.021420864	18.79551	7.418405	31.613102	0.7403734	3.0132537	1.6850576	8.077153	0.9049226	21.508022	28000	92000.0	5038.767743349075
24	3.4377413	0.26595744	0.09727131	0.4066715	2.1187613	2.119004	0.17619108	-1.9029119	-12.601021	1.0058608	1.0061456	0.020865845	17.895538	7.9508104	30.378382	1.5546976	3.3204505	1.8961471	8.6439705	0.673148	21.090425	29000	96000.0	5236.361987352371
25	3.535142	0.20320855	0.088066466	0.38480413	2.2012866	2.201163	0.17559054	-1.9727163	-13.085158	0.99670833	0.9973274	0.019731745	18.606733	7.1369452	30.523985	1.5677974	2.987653	1.6706889	7.8363743	0.91431487	21.427807	30000	100000.0	5435.025506496429
26	3.633062	0.21354167	0.07972943	0.35878935	2.2863173	2.2862306	0.17654562	-2.0440288	-13.555018	0.9933589	0.99435765	0.019907871	18.56634	7.614969	31.888783	1.284953	3.003146	1.6573147	7.776353	0.91368353	21.057291	31000	104000.0	5634.224997520447
27	3.730941	0.2460733	0.07217581	0.33643872	2.3844774	2.38469	0.17777961	-2.1230707	-14.029621	1.0096962	1.0111922	0.018999966	18.209812	7.6295757	30.034233	2.1926742	2.993731	1.869705	7.4830337	0.91092676	20.858639	32000	108000.0	5833.521733283997
28	3.8289974	0.20212767	0.0653325	0.32332763	2.4670038	2.467034	0.17884757	-2.186706	-14.525515	0.98256433	0.9847214	0.018548438	18.93231	7.239696	31.090403	3.189739	3.119326	1.7760073	7.6701713	0.9098841	21.281916	33000	112000.0	6033.338742733002
29	3.9271965	0.25925925	0.05913548	0.30932152	2.5481226	2.5481043	0.18059586	-2.230882	-15.016764	0.97303206	0.9744138	0.01759491	17.699934	7.29294	29.576595	2.6423988	3.269439	1.9281261	7.8933434	0.92826676	21.174603	34000	116000.0	6232.172834634781
30	4.025947	0.24736843	0.053519372	0.29531157	2.6375182	2.6378114	0.18270646	-2.2905664	-15.505207	0.9702857	0.9717966	0.01761158	18.471914	7.842718	30.324278	1.0902388	3.1291568	1.9245563	7.301761	0.67584354	20.93158	35000	120000.0	6433.222566843033
31	4.1242023	0.21465969	0.048440665	0.28028002	2.7198453	2.719561	0.18433523	-2.3474603	-15.987679	0.96047354	0.96186835	0.01693842	19.037628	7.6697702	31.28305	2.5321164	2.9593425	1.8963159	7.90902	0.90227354	20.958115	36000	124000.0	6632.891651153564
32	4.222308	0.16129032	0.043842744	0.2685293	2.8139887	2.8135676	0.18482578	-2.4191787	-16.477541	0.9648894	0.9660989	0.016787846	19.814661	6.859699	32.56171	3.3032029	2.73069	1.804362	7.6128135	0.9193237	21.516129	37000	128000.0	6830.951817035675
33	4.320379	0.20634921	0.039683327	0.24717438	2.8883598	2.8883257	0.18579245	-2.4760115	-16.93397	0.94320136	0.94470525	0.016431479	19.288136	7.372433	31.05439	1.6565272	2.835632	1.8910129	7.7861924	0.901478	21.089947	38000	132000.0	7027.227069616318
34	4.4181767	0.1904762	0.03591324	0.24802165	2.9784462	2.9790258	0.18633707	-2.5413344	-17.46029	0.9341157	0.9349005	0.015696833	19.52792	7.181765	29.72324	2.028825	2.9158607	1.7551211	7.7920957	0.9278329	21.285715	39000	136000.0	7227.351286411285
35	4.516241	0.17204301	0.032501694	0.23865433	3.0619175	3.0611365	0.18746588	-2.5950084	-17.95225	0.9165028	0.9171236	0.015281184	19.571638	7.0294495	32.29799	2.7666552	2.6395369	1.6299561	7.6327653	0.9212395	21.274193	40000	140000.0	7427.906454086304
36	4.614204	0.2	0.029413925	0.22624815	3.1402705	3.1408026	0.18884549	-2.6430717	-18.431389	0.90001446	0.8989064	0.014997847	19.368176	7.3082404	32.49747	0.24283233	2.907438	1.9279126	8.130986	0.9148251	21.236841	41000	144000.0	7629.643031835556
37	4.7121267	0.1693989	0.026620103	0.2150477	3.2179863	3.2182724	0.18983811	-2.6987133	-18.912266	0.8831201	0.88109905	0.014848247	20.43784	6.872483	31.144217	3.0454443	2.6829753	1.7051013	7.2861214	0.667787	21.666666	42000	148000.0	7827.1653163433075
38	4.8095617	0.17553191	0.024090808	0.21447776	3.3080938	3.3085058	0.18865372	-2.7750776	-19.43093	0.8838608	0.8800985	0.014048664	20.247564	6.905504	32.254932	2.3951197	2.7033138	1.7688997	8.091004	0.9123985	21.452127	43000	152000.0	8025.377317905426
39	4.9073772	0.17741935	0.021800198	0.20720538	3.390132	3.3902397	0.19091028	-2.8243945	-19.923994	0.8745113	0.8695817	0.013781382	20.179409	7.2983627	32.97246	0.84571046	2.812979	1.7617049	7.7489266	0.6555336	21.478495	44000	156000.0	8224.905741214752
40	5.0051837	0.21925133	0.019727258	0.20431069	3.467286	3.4673798	0.19156714	-2.8825307	-20.432737	0.8423733	0.83682925	0.013728022	19.466211	7.662232	31.818216	3.2711122	2.9848144	1.8576007	7.546131	0.92557895	21.368984	45000	160000.0	8423.561608791351
41	5.102869	0.21276596	0.017851975	0.2020656	3.5543141	3.5540757	0.19229284	-2.9445307	-20.943768	0.84191334	0.83508056	0.013000368	19.606379	7.4867587	30.682116	2.3744066	2.8230124	1.8121856	7.7920623	0.90390825	21.271276	46000	164000.0	8622.35420012474
42	5.2006645	0.18421052	0.016153172	0.20486613	3.6294303	3.6299105	0.19260111	-2.9930863	-21.475504	0.8277665	0.8202353	0.013002519	19.695333	7.350792	29.975958	1.6868529	2.6343825	1.6938974	7.7518897	0.90105736	21.057896	47000	168000.0	8821.551773309708
43	5.2987227	0.24479167	0.014616268	0.20626448	3.7130752	3.7132432	0.19443826	-3.0525205	-22.001995	0.81468505	0.8048047	0.0128463665	19.130936	8.07795	30.470053	2.4514449	2.8725777	1.8920991	8.126439	0.9215774	20.828125	48000	172000.0	9022.791281461716
44	5.396171	0.16129032	0.013225649	0.19813709	3.79859	3.7987914	0.19389425	-3.117398	-22.48731	0.800166	0.79142517	0.012537489	20.198248	6.759098	30.646204	2.443624	2.6612046	1.7147045	7.7630854	0.92186296	21.370968	49000	176000.0	9225.596776485443
45	5.4936934	0.16756757	0.011967989	0.19310169	3.873358	3.8738935	0.19469729	-3.1710773	-22.984274	0.7796639	0.76842654	0.01224109	20.348495	7.3690996	32.89856	1.2527273	2.6502163	1.5812517	8.1655035	0.66778713	21.654055	50000	180000.0	9426.64890909195
46	5.5912695	0.17989418	0.010830053	0.19377291	3.9607875	3.9602602	0.194648	-3.2360985	-23.506353	0.7657627	0.7545646	0.012176819	19.575792	6.6231375	31.748669	3.8073623	2.798099	1.7758349	8.061168	0.92387486	21.375662	51000	184000.0	9626.79850935936
47	5.6889267	0.21164021	0.0097996425	0.19010328	4.032401	4.03177	0.19771835	-3.2711096	-24.008461	0.7592231	0.7465022	0.012226109	19.296518	7.3814063	30.971046	-0.630435	2.9326727	1.8678194	8.160702	0.9234397	21.21693	52000	188000.0	9826.269026994705
48	5.7865667	0.14130434	0.008867355	0.19250992	4.1056447	4.1055617	0.19568789	-3.3389244	-24.538664	0.742767	0.7312903	0.01138104	20.669209	6.719294	30.859781	2.339145	2.4005718	1.5339117	7.4706006	0.9174146	21.701086	53000	192000.0	10023.823282003403
49	5.883533	0.19354838	0.008023686	0.19017155	4.192388	4.192071	0.19575652	-3.4030497	-25.046501	0.7303018	0.7190254	0.011795495	19.654308	7.304405	30.914692	0.8979825	2.712769	1.7053281	7.8212337	0.9044568	21.435484	54000	196000.0	10226.265298128128
50	5.980876	0.10869565	0.007260335	0.18819354	4.267033	4.2670712	0.1943085	-3.464343	-25.5556	0.70989	0.69970405	0.011096825	20.397116	6.2348003	32.146214	2.3916576	2.3998811	1.3938462	7.5184994	0.9382856	21.679348	55000	200000.0	10426.002930879593
51	6.0778923	0.13186814	0.0065694805	0.18928108	4.3398056	4.339545	0.19656138	-3.5077415	-26.07979	0.70455456	0.69489026	0.011281865	20.2583	6.1950116	31.363567	3.303459	2.5916355	1.6999102	7.919601	0.92307067	22.082418	56000	204000.0	10624.99849486351
52	6.175567	0.07777778	0.0059444522	0.19152394	4.409249	4.409779	0.19593292	-3.5595875	-26.61035	0.67947847	0.67056215	0.010839047	21.543695	5.659485	31.406828	2.7437363	2.2493043	1.2613685	7.1710963	0.9377771	22.161112	57000	208000.0	10825.291751623154
53	6.272216	0.13186814	0.0053787665	0.18710522	4.4855	4.4851327	0.19442746	-3.6202266	-27.106415	0.6731651	0.6646564	0.010946017	20.707706	6.585334	30.486156	2.0615766	2.5544715	1.5337853	8.294171	0.9995461	22.016483	58000	212000.0	11025.884728431702
54	6.3692694	0.12637363	0.004866883	0.18720129	4.5622635	4.562485	0.19425748	-3.6846938	-27.625484	0.6654407	0.65757436	0.011034121	20.601332	6.418833	30.639143	2.7458384	2.4194326	1.4475157	7.783381	0.7340318	21.93956	59000	216000.0	11225.14794254303
55	6.4662223	0.09210526	0.0044037597	0.19161493	4.632201	4.6318035	0.19488718	-3.7325933	-28.168226	0.6467085	0.63768053	0.0103998715	20.712568	5.469002	30.705376	3.0311062	2.4528337	1.5255997	8.47988	0.9295724	22.401316	60000	220000.0	11454.51138997078
56	6.56302	0.14371258	0.0039848564	0.18208155	4.7103295	4.7092896	0.19311987	-3.7996151	-28.634472	0.63683337	0.6297976	0.0104598785	19.54976	7.341657	29.92951	-16.960325	2.4726353	1.5296512	7.911408	0.9378322	27.508982	61000	224000.0	11679.443312168121
57	6.6599293	0.110497236	0.003605772	0.18338506	4.7771173	4.7764416	0.19290848	-3.848923	-29.159676	0.6294956	0.62203884	0.010312233	20.285267	6.241223	32.326183	2.0443385	2.405965	1.3331198	7.485107	0.8966123	22.110497	62000	228000.0	11878.933626174927
58	6.756662	0.13043478	0.0032629673	0.17721665	4.84103	4.8407645	0.19272844	-3.888569	-29.642391	0.6198621	0.61246574	0.01025214	19.823467	6.747881	30.84612	1.7294786	2.430707	1.3863821	7.4744177	0.91027683	21.641304	63000	232000.0	12077.764605522156
59	6.8531914	0.061452515	0.0029523554	0.18593551	4.91633	4.9168873	0.19041038	-3.956555	-30.210941	0.60782397	0.60051405	0.010050784	21.800406	5.339502	33.18331	1.4135305	2.1941235	1.288977	7.4820027	0.67892516	22.430168	64000	236000.0	12277.706774711609
60	6.949169	0.1420765	0.0026715237	0.17588934	4.987167	4.986546	0.18898489	-4.02129	-30.669878	0.5981146	0.5906319	0.009934572	20.325336	6.6995687	30.928108	1.3124037	2.527741	1.577683	7.1114697	0.92914706	21.956284	65000	240000.0	12478.798148870468
61	7.0455823	0.114754096	0.002417489	0.17193455	5.0505214	5.0498266	0.18818213	-4.076037	-31.163195	0.5879557	0.5804963	0.0097925505	20.033947	6.277221	29.526453	2.5662894	2.3211195	1.3327489	7.7075243	0.9300166	21.797813	66000	244000.0	12679.844521045685
62	7.141735	0.083333336	0.0021873503	0.18317461	5.111045	5.1108007	0.1872133	-4.125494	-31.749401	0.5891924	0.58157307	0.010099566	20.401579	5.4981275	34.600166	3.2993073	2.4594421	1.3858597	7.585796	0.92084056	22.13889	67000	248000.0	12881.654299736023
63	7.2377186	0.083333336	0.0019791648	0.17729935	5.181292	5.180862	0.18438168	-4.1927247	-32.23121	0.566157	0.5592312	0.009408974	20.611282	5.825156	29.805193	0.6920652	2.3731303	1.3334944	7.0221567	0.9112781	22.26111	68000	252000.0	13081.324892044067
64	7.3336163	0.08196721	0.0017908578	0.18150117	5.238557	5.237885	0.18303871	-4.2405334	-32.775593	0.55849105	0.55136347	0.009525858	20.022676	5.532954	30.297724	1.4201714	2.1936302	1.1703762	7.168133	0.90139353	21.961748	69000	256000.0	13281.453844070435
65	7.428991	0.06666667	0.0016203852	0.18009034	5.303086	5.30375	0.181163	-4.3038225	-33.284798	0.5535156	0.5450657	0.009592987	20.63319	5.8852205	30.806292	0.49223566	2.1575243	1.1297965	7.1899114	0.9308014	22.088888	70000	260000.0	13482.462474822998
66	7.524759	0.061797753	0.0014661362	0.18242508	5.3761854	5.377255	0.17982122	-4.372375	-33.818058	0.54254895	0.53525114	0.00966264	20.925076	5.0386024	28.910942	1.7443295	2.1815317	1.1580399	7.092546	0.91947514	22.438202	71000	264000.0	13685.276037454605
67	7.6204114	0.061452515	0.0013267255	0.1715878	5.4404306	5.440454	0.17740494	-4.4338827	-34.26413	0.5305272	0.5229215	0.0092212465	21.132065	5.529104	31.431622	-0.117776565	2.1990902	1.184702	7.655723	0.9127045	22.340782	72000	268000.0	13888.493872642517
68	7.716264	0.056179777	0.0012005267	0.17453317	5.5090647	5.5096693	0.17663303	-4.483556	-34.800705	0.52906495	0.52192193	0.009349228	20.643015	5.086528	29.707924	2.0451403	2.166935	1.1551806	6.580699	0.9100452	22.561798	73000	272000.0	14091.916824102402
69	7.812007	0.044444446	0.0010863637	0.16922687	5.562826	5.56281	0.17479129	-4.5406327	-35.28169	0.5182075	0.51093805	0.009029083	21.04829	5.110554	29.913813	1.8416969	2.08174	1.0845907	6.9133863	0.6652179	22.205555	74000	276000.0	14295.856761693954
70	7.907286	0.06779661	0.0009829913	0.17743464	5.630692	5.6311455	0.1722535	-4.614502	-35.855602	0.5147233	0.50693905	0.009351467	20.733757	5.582676	29.836058	2.047892	2.1672797	1.2363155	8.072613	0.92019755	22.644068	75000	280000.0	14500.524989843369
71	8.002498	0.050847456	0.0008893455	0.181877	5.681411	5.681199	0.17008743	-4.659733	-36.40493	0.50422215	0.4970849	0.009025232	20.910107	5.337656	30.997244	-0.65524215	2.1443827	1.0870562	6.417536	0.8931541	22.559322	76000	284000.0	14705.80377650261
72	8.097773	0.017045455	0.00080471515	0.17844968	5.748494	5.748998	0.16794851	-4.7317796	-36.89877	0.5015286	0.49347803	0.009183647	21.068514	4.5754347	30.244774	0.9460004	2.069242	0.9007656	6.214878	0.9265173	22.607954	77000	288000.0	14910.026707649231
73	8.19269	0.028089888	0.0007281839	0.16861637	5.8112264	5.811539	0.16564924	-4.7972455	-37.345154	0.49900633	0.4907607	0.009281861	20.799604	5.1226053	32.078186	0.25808498	1.9685344	0.807364	5.380565	0.8994566	22.44382	78000	292000.0	15112.18628025055
74	8.287901	0.03314917	0.00065892335	0.17160213	5.85796	5.8588147	0.16562507	-4.825764	-37.883495	0.4856911	0.47819903	0.009043419	21.284058	4.9498415	30.487389	0.2662839	2.132036	1.0239716	6.1936965	0.90694636	22.292818	79000	296000.0	15312.78313422203
75	8.3831	0.033333335	0.00059625116	0.17076188	5.916712	5.9172683	0.1620274	-4.9039106	-38.39428	0.48065558	0.47339153	0.008997194	20.716217	4.934051	30.784548	3.0477695	2.00588	0.94569176	6.63192	0.9201694	22.26111	80000	300000.0	15517.71500325203
76	8.477549	0.033707865	0.0005394954	0.1745462	5.972672	5.9727473	0.15983969	-4.960507	-38.939926	0.47432178	0.46633613	0.008792283	20.953236	4.749762	31.08602	2.5670326	2.0550168	0.97452736	6.503421	0.9135126	22.38764	81000	304000.0	15720.551141738892
77	8.572804	0.011299435	0.00048815162	0.17183574	6.0275593	6.027768	0.15914497	-5.010446	-39.43672	0.47392762	0.46584287	0.009095993	21.163853	4.375779	29.707573	1.5161034	2.0246735	0.82676136	5.462768	0.9083906	22.644068	82000	308000.0	15922.743854761124
78	8.667348	0.0	0.00044172286	0.16930762	6.092657	6.093176	0.15582196	-5.0949183	-39.934196	0.46698585	0.45917153	0.008859947	21.6019	4.1571536	31.868687	9.986296	1.9521481	0.7890551	4.8534613	0.8892258	22.676136	83000	312000.0	16122.56855893135
79	8.761439	0.005586592	0.00039968189	0.17494568	6.147786	6.148488	0.15239781	-5.1643286	-40.495358	0.46141103	0.45443562	0.008926714	21.08197	4.233851	29.500484	5.3517637	1.9834461	0.9250983	6.6692333	0.9224892	22.24581	84000	316000.0	16323.67017698288
80	8.855411	0.0056818184	0.00036164868	0.16779691	6.205832	6.2049265	0.149994	-5.2250824	-40.956062	0.45062992	0.4436272	0.008727139	21.788843	4.390547	32.81151	5.033831	1.7921101	0.63241595	4.029478	0.9040833	22.948864	85000	320000.0	16523.225311279297
81	8.949557	0.0056497175	0.0003272457	0.16769962	6.2577558	6.257738	0.14811917	-5.2889795	-41.471905	0.4482833	0.44098634	0.008730858	21.574556	4.1948647	31.063913	8.090703	1.9644272	0.75234014	5.2395263	0.9032189	22.649717	86000	324000.0	16726.010972738266
82	9.043129	0.011363637	0.0002960879	0.16805008	6.313375	6.313555	0.14431806	-5.3696904	-41.99186	0.44257286	0.43481705	0.008476665	21.802101	4.4501834	29.821682	2.65851	1.8239509	0.7673765	5.190085	0.90972847	22.52841	87000	328000.0	16927.520543575287
83	9.136887	0.0	0.00026789316	0.16535184	6.370336	6.370596	0.14156465	-5.430798	-42.48664	0.4313344	0.42524084	0.008493882	21.683418	4.0781384	30.807655	9.901421	1.9599484	0.8099353	5.358014	0.909382	22.857954	88000	332000.0	17129.05978870392
84	9.230303	0.0056497175	0.00024238815	0.16584538	6.4138575	6.41396	0.14089502	-5.471439	-43.007713	0.43183237	0.42480403	0.008449485	21.430763	4.0434003	29.921946	7.687749	1.8251073	0.68630016	4.1237044	0.6677638	22.638418	89000	336000.0	17330.410418987274
85	9.324125	0.011428571	0.0002193015	0.16863841	6.4746623	6.475124	0.13697591	-5.558986	-43.548138	0.43410122	0.42808735	0.008703506	21.467045	4.3650646	29.886349	0.761538	1.9249455	0.7990888	6.295826	0.9451415	22.72	90000	340000.0	17532.19298529625
86	9.417389	0.0076923077	0.00019842635	0.16039246	6.539859	6.5410094	0.13468528	-5.6293464	-43.99496	0.42948803	0.42329815	0.008562345	21.753382	5.5996146	30.085472	-23.115309	1.8325126	0.6979282	4.4958057	0.0	30.723078	91000	344000.0	17747.30478787422
87	9.510586	0.0057142857	0.00017952849	0.16862775	6.578472	6.579286	0.13199355	-5.685783	-44.582478	0.42359036	0.41629675	0.008696065	21.750517	4.026483	30.711979	6.413159	1.7913079	0.6668286	5.0250344	0.89965755	22.77143	92000	348000.0	17948.5375957489
88	9.603814	0.0	0.00016242811	0.16639166	6.6344457	6.634416	0.12983346	-5.758044	-45.080368	0.42159992	0.41510376	0.008436289	21.781963	3.6110399	29.372677	11.213505	1.9212856	0.9186901	6.2319665	0.9296389	22.822857	93000	352000.0	18150.45223903656
89	9.696265	0.0	0.0001469568	0.16154683	6.6917715	6.692267	0.12597965	-5.8389645	-45.554695	0.40741184	0.40154406	0.00814905	22.335253	4.1091194	30.062199	2.0212994	1.9169365	0.75939095	5.349559	0.8966155	22.723164	94000	356000.0	18354.012691497803
90	9.788373	0.0057142857	0.00013296158	0.16384274	6.746871	6.7462444	0.12296809	-5.9150324	-46.091797	0.40678105	0.40168315	0.0083348565	21.776484	4.0237064	31.170692	8.298516	1.7820755	0.62539476	4.117118	0.9305659	22.874287	95000	360000.0	18553.152461767197
91	9.880643	0.0	0.000120296616	0.1692348	6.8053846	6.8061943	0.1204615	-5.9847674	-46.657467	0.4180552	0.41190168	0.008633344	21.99754	4.178655	30.415339	9.610202	1.8367828	0.6817136	5.158353	0.9001586	23.068966	96000	364000.0	18755.693339586258
92	9.972974	0.0	0.00010883673	0.16845325	6.8478155	6.848988	0.118930034	-6.038964	-47.16776	0.40974945	0.40439638	0.008294876	21.39639	3.6970038	30.15089	9.432114	1.8267968	0.6803902	4.6877074	0.8931164	22.65909	97000	368000.0	18956.47666120529
93	10.0651045	0.0057142857	9.847273e-05	0.16317295	6.915508	6.9169636	0.11516143	-6.125326	-47.636326	0.40305954	0.3977897	0.008102679	21.62816	3.8518562	31.19259	8.94616	1.8240358	0.6804838	5.5176873	0.67873824	22.731428	98000	372000.0	19158.32268333435
94	10.157209	0.0	8.909528e-05	0.16176054	6.958237	6.9585614	0.11410144	-6.1706185	-48.139698	0.39995933	0.39485383	0.008422299	21.774649	3.831261	31.928442	9.374243	1.7898687	0.72421455	5.6707826	0.9015302	22.672316	99000	376000.0	19358.450737953186
95	10.249194	0.0	8.061173e-05	0.15963104	7.0130367	7.013571	0.11067198	-6.2552257	-48.636086	0.39644524	0.39066735	0.0080666635	21.818176	4.200142	31.929749	6.7128344	1.8338292	0.6801643	4.8700485	0.92040795	22.772728	100000	380000.0	19559.407437086105
96	10.340537	0.0	7.293467e-05	0.1652907	7.0669465	7.0677543	0.107767254	-6.331786	-49.206444	0.39078537	0.38618731	0.00805092	22.094751	3.493001	30.859285	12.070432	1.824118	0.73811734	5.822866	0.91383433	22.885057	101000	384000.0	19761.898560523987
97	10.432168	0.0	6.599015e-05	0.15794702	7.1240535	7.1239314	0.106910795	-6.3923745	-49.65265	0.39791504	0.39191	0.008058531	22.021385	4.0417824	30.12147	6.48195	1.7996155	0.7212987	4.7068224	0.90269786	22.864407	102000	388000.0	19967.53486919403
98	10.52467	0.0	5.970662e-05	0.15728043	7.169505	7.168851	0.10574364	-6.4432044	-50.162228	0.38866466	0.38505125	0.007966627	22.154627	3.6303751	28.956467	12.420717	1.7089356	0.5442386	3.8164115	0.9113386	22.890804	103000	392000.0	20166.57461667061
99	10.616655	0.0056818184	5.402149e-05	0.1544432	7.227221	7.2269893	0.10331314	-6.5170045	-50.65018	0.3899062	0.38599795	0.00808676	21.630085	4.552477	31.053852	4.3060017	1.8468041	0.7840436	5.710216	0.90487957	22.71591	104000	396000.0	20368.33590221405
100	10.707714	0.011494253	4.8877795e-05	0.16245165	7.284122	7.2847753	0.10040857	-6.580563	-51.245705	0.38429162	0.37982112	0.007946743	21.914177	4.5975127	30.238535	-3.3226383	1.7657474	0.67790174	6.206544	0.64780843	22.87931	105000	400000.0	20566.903941869736
101	10.798164	0.0057471264	4.422225e-05	0.15251009	7.344967	7.344676	0.09805992	-6.665732	-51.662483	0.38624278	0.3820326	0.00788547	21.931522	4.163862	30.05939	7.9890165	1.7535863	0.55275863	4.4959188	0.9146076	23.0	106000	404000.0	20767.56481695175
102	10.888566	0.0	4.0013772e-05	0.15148285	7.4035234	7.4038477	0.09554456	-6.742891	-52.167538	0.38599685	0.38302127	0.007702469	22.702394	3.8227794	31.23631	10.687979	1.8107235	0.6727165	5.227173	0.9015874	22.84091	107000	408000.0	20971.89237689972
103	10.979227	0.0	3.6204296e-05	0.15273163	7.445707	7.4447865	0.09539581	-6.7878847	-52.695854	0.38273412	0.37864918	0.0076104277	22.326159	4.2385406	29.540577	3.0112667	1.826873	0.70592296	5.617409	0.66415656	22.794285	108000	412000.0	21173.607934474945
104	11.069362	0.0	3.2755375e-05	0.15989475	7.508406	7.509299	0.09127559	-6.87971	-53.285603	0.37740123	0.37344214	0.007570907	22.169058	4.149322	29.331678	8.725668	1.730547	0.5976189	4.221739	0.89203227	22.483147	109000	416000.0	21377.033232927322
105	11.158797	0.011494253	2.96356e-05	0.15484834	7.5502605	7.550948	0.08968883	-6.934538	-53.74939	0.3826288	0.37974384	0.0076575517	21.548887	4.6264434	30.692865	-3.670192	1.8571935	0.7388776	7.303773	0.89760417	22.856321	110000	420000.0	21581.704749822617
106	11.247961	0.0057142857	2.6813275e-05	0.1530195	7.611289	7.611001	0.08667203	-7.0155973	-54.245914	0.3792879	0.37654108	0.0077142008	22.165333	3.705812	31.173542	13.281407	1.8399737	0.70782256	6.2854156	0.92577714	23.011429	111000	424000.0	21782.024153470993
107	11.337217	0.0056818184	2.4259496e-05	0.1542867	7.6629853	7.6636934	0.08521934	-7.081701	-54.77513	0.37206692	0.36820838	0.0073576	21.842056	4.402211	31.37667	2.6265595	1.7650913	0.6510396	4.6236167	0.6667733	22.835228	112000	428000.0	21986.942209482193
108	11.426187	0.0057142857	2.194903e-05	0.15296926	7.7170997	7.7163534	0.08302533	-7.152724	-55.277023	0.3793407	0.37636286	0.0073866453	22.237343	3.8400216	29.67748	6.4491663	1.8522892	0.87569845	7.263099	0.9069228	22.702858	113000	432000.0	22186.378657579422
109	11.514729	0.0	1.9858493e-05	0.15449649	7.7781334	7.7777877	0.08142033	-7.2203193	-55.809303	0.37545863	0.37338307	0.007275191	22.56072	3.7934034	31.142672	9.10457	1.8189836	0.7467575	5.2856183	0.90508157	22.90071	114000	436000.0	22425.505407094955
110	11.603166	0.005988024	1.7967051e-05	0.15261503	7.8309584	7.8317914	0.078696504	-7.2917933	-56.304672	0.36991853	0.36616635	0.007136338	22.128452	5.4066095	29.414766	-25.747355	1.734208	0.6723465	5.8879976	0.5	28.598803	115000	440000.0	22638.091420650482
111	11.690834	0.0057142857	1.6255799e-05	0.15290895	7.8786945	7.8790517	0.07725829	-7.3552117	-56.823563	0.37411907	0.37197718	0.007025859	21.534452	4.0454726	32.087803	4.20815	1.7466575	0.5972532	4.84986	0.919135	22.702858	116000	444000.0	22840.31568622589
112	11.778465	0.0	1.4708022e-05	0.14653178	7.937872	7.937383	0.07468794	-7.4384074	-57.268204	0.36990398	0.36690184	0.0070951716	22.280636	3.7107244	32.149315	9.557272	1.8721453	0.7395805	5.0789638	0.90872294	22.977142	117000	448000.0	23041.599595546722
113	11.864875	0.0057142857	1.3307123e-05	0.15292498	7.988448	7.990386	0.07235673	-7.5065527	-57.8551	0.364266	0.3608534	0.006999675	22.728416	3.8020859	29.78751	8.891702	1.7487612	0.64783174	4.401163	0.911764	22.902857	118000	452000.0	23242.557194709778
114	11.951574	0.0	1.2039771e-05	0.15021268	8.043461	8.042215	0.07058333	-7.570795	-58.340076	0.3771762	0.37474567	0.0072213835	22.072662	4.6761904	31.2614	1.3679036	1.8573925	0.7377595	5.430452	0.90096605	22.822857	119000	456000.0	23446.191235780716
115	12.037629	0.0	1.0893217e-05	0.14707999	8.102693	8.103646	0.06916789	-7.639567	-58.819748	0.36852506	0.36676562	0.006952059	22.662949	3.7923222	30.343916	12.199233	1.6674389	0.53598136	3.3169997	0.9084318	22.638159	120000	460000.0	23671.249888896942
116	12.124179	0.0	9.855557e-06	0.1495466	8.153018	8.152723	0.06771987	-7.705208	-59.363476	0.37812653	0.375749	0.007199566	22.08625	5.2076173	30.120825	-22.846367	1.6726174	0.5285941	4.324223	0.5	28.816456	121000	464000.0	23899.93772506714
117	12.209784	0.0	8.916669e-06	0.1510349	8.212447	8.212881	0.06538027	-7.777282	-59.896275	0.37219757	0.37027967	0.0069287666	22.380386	3.702417	31.58113	9.612092	1.6977254	0.62176573	4.500595	0.9040404	22.710228	122000	468000.0	24100.341151237488
118	12.294258	0.0	8.0674e-06	0.14692459	8.268242	8.269527	0.063529074	-7.8517113	-60.36362	0.3692525	0.36735043	0.006779273	22.51018	3.8925984	30.348322	10.849768	1.727495	0.5887182	4.242592	0.89993817	22.717514	123000	472000.0	24302.045268774033
119	12.378146	0.016759777	7.2989633e-06	0.14915591	8.323964	8.323832	0.06168736	-7.921786	-60.905094	0.37425488	0.37136155	0.0068896418	21.780758	4.6642494	31.008318	-0.97640485	1.8059396	0.6846375	5.1819296	0.9189374	22.340782	124000	476000.0	24502.186833143234
120	12.461157	0.0057142857	6.60377e-06	0.14847772	8.381346	8.381888	0.059972387	-7.999703	-61.412506	0.36735788	0.36549646	0.006625736	22.309475	4.1351395	31.56387	-1.9001707	1.7524195	0.57517254	4.762333	0.918374	22.702858	125000	480000.0	24703.1024787426
121	12.543906	0.0057142857	5.9747917e-06	0.14725277	8.446003	8.446734	0.057833396	-8.075885	-61.91309	0.36921918	0.36718333	0.0066200686	22.396727	3.820256	31.543715	8.527031	1.748502	0.60957277	5.00202	0.9226035	22.857143	126000	484000.0	24903.031638383865
122	12.625674	0.0056818184	5.4056136e-06	0.15394485	8.494445	8.494519	0.056122914	-8.14649	-62.509666	0.36318	0.3614916	0.006327776	21.959166	4.2720046	29.922276	-2.7112393	1.7825141	0.66418654	4.9184756	0.857444	22.755682	127000	488000.0	25101.026612758636
123	12.707231	0.0	4.8906395e-06	0.15376584	8.548715	8.548986	0.055182125	-8.204534	-63.023373	0.36092296	0.35947558	0.00630659	22.73877	3.6708658	31.123116	11.085601	1.8899385	0.7345779	4.9771857	0.9273049	23.028572	128000	492000.0	25301.80309653282
124	12.788033	0.0	4.424799e-06	0.15506002	8.597871	8.597124	0.053633805	-8.266986	-63.55514	0.3625018	0.3605802	0.006388624	22.630478	3.938521	31.804344	8.792967	1.7667005	0.58411574	4.1582274	0.9017827	22.59322	129000	496000.0	25500.542225837708
125	12.867924	0.0	4.0033906e-06	0.15314677	8.667107	8.667275	0.051650103	-8.351803	-64.047424	0.36807048	0.3659768	0.0064148433	22.270832	3.9349577	30.534027	9.7791195	1.8478286	0.7516031	4.7355614	0.9135144	22.902298	130000	500000.0	25699.562868118286
