Epoch	penalty	Crash_ratio	alpha	entropy	critic1	critic2	cost	LossPi	alpha_loss	critic1_loss	critic2_loss	cost_loss	sigma	AverageEpRet	StdEpRet	MaxEpRet	MinEpRet	AverageEpCost	StdEpCost	MaxEpCost	MinEpCost	EpLen	Buffer_size	TotalEnvInteracts	Time
1	1.0587505	0.5181347	0.951722	1.5886452	0.8351921	0.84221923	0.15510626	-2.2027645	-0.328474	1.4020416	1.3976507	0.09330757	0.100005016	5.7610054	8.564858	23.202915	-9.0273695	4.7637243	1.4809827	9.152328	1.7026304	18.663212	5998	4000.0	258.2705271244049
2	1.1653638	0.43307087	0.8613047	1.5621221	0.94261456	0.9419895	0.18608163	-2.1189353	-0.9823168	1.6160065	1.6154358	0.08277669	0.105005264	5.1789284	26.883915	25.80273	-280.0472	4.125601	1.4446882	8.971229	0.9248291	26.566929	6998	8000.0	509.04010224342346
3	1.2704363	0.35	0.7795924	1.5223972	1.0194502	1.0182866	0.20893201	-2.0193295	-1.6263869	1.9890488	1.9866335	0.08475597	0.110255525	8.681226	22.109688	25.989847	-275.4713	3.8199267	1.5194923	9.612299	0.8996845	24.08	7998	12000.0	756.9400758743286
4	1.377493	0.29375	0.7057069	1.4924636	1.120158	1.1186936	0.23053306	-1.9445852	-2.2653227	2.281806	2.2773542	0.08345795	0.11576826	10.040911	22.82062	27.497845	-257.72333	3.8075233	1.3735704	7.6686687	0.9091771	26.0875	8998	16000.0	1010.5243124961853
5	1.4839463	0.25510204	0.63892585	1.4323223	1.2473997	1.2465243	0.2518487	-1.9193627	-2.883546	2.5935895	2.5880387	0.07963174	0.12155673	13.493319	9.020682	27.224186	-7.395606	3.6982124	1.5477328	9.867418	0.9077083	20.47449	9998	20000.0	1260.738646030426
6	1.5904874	0.26041666	0.5786439	1.3577313	1.3933191	1.3929995	0.2732809	-1.9209126	-3.4801161	2.883647	2.8778872	0.075395726	0.12763457	14.724396	8.634145	29.852058	-7.223217	3.6417446	1.2169552	7.2487803	1.2095863	20.713541	10998	24000.0	1503.552500486374
7	1.6969097	0.2371134	0.52415603	1.2731614	1.5482334	1.5476545	0.29717022	-1.9382485	-4.053976	3.0853117	3.079781	0.070116885	0.13401628	15.979682	8.544042	29.737226	-7.145249	3.3263834	1.1770203	6.3176103	0.9239869	20.72165	11998	28000.0	1737.276549577713
8	1.8028655	0.17553191	0.4749157	1.173497	1.7199255	1.7188907	0.319435	-1.9860376	-4.598453	3.266753	3.2619135	0.06523633	0.14071707	17.621506	7.783063	29.42842	-6.05019	3.1952832	1.3080455	7.6732063	0.9097591	21.101065	12998	32000.0	1971.9582042694092
9	1.9076718	0.24870466	0.43038812	1.071	1.9055103	1.9048374	0.33662	-2.0636034	-5.119831	3.4176772	3.4126735	0.059880897	0.14775296	17.577774	8.547187	30.333763	-2.9274297	3.2479222	1.329524	7.2124434	0.90803194	20.658031	13998	36000.0	2209.209905385971
10	2.0118482	0.15343915	0.39010113	0.95403147	2.1016996	2.1014795	0.355399	-2.1590967	-5.606373	3.5324385	3.5265949	0.056471985	0.15514056	19.537254	7.314288	34.249672	-3.637704	2.946401	1.1363916	6.021212	1.1569877	21.412699	14998	40000.0	2451.5969347953796
11	2.1159928	0.16931216	0.35368586	0.808353	2.2935705	2.2933688	0.3736093	-2.2825675	-6.0379815	3.61306	3.6063712	0.05384472	0.16289762	19.327848	7.282712	30.617035	1.7873096	2.8782437	1.1389678	6.558616	0.9101039	21.015873	15998	44000.0	2690.8309330940247
12	2.2188501	0.11170213	0.3208641	0.61926496	2.4909236	2.4910064	0.3859555	-2.4440126	-6.388385	3.6797507	3.6720994	0.050715424	0.17104249	20.676218	6.476776	31.37631	-0.48765695	2.4947848	1.0604858	5.605297	0.90911466	21.281916	16998	48000.0	2929.507930994034
13	2.3212278	0.20418848	0.29115954	0.4827059	2.6870885	2.6871402	0.40085644	-2.6188588	-6.7663584	3.6682777	3.658866	0.050230704	0.17959465	18.738129	8.184171	30.717371	0.13833801	2.7618344	1.2128952	5.8052635	0.6635856	21.078533	17999	52000.0	3165.022937297821
14	2.4236274	0.18181819	0.26402453	0.41433564	2.928647	2.9286468	0.41423357	-2.8315468	-7.2120347	3.60963	3.598446	0.047986023	0.18857437	19.20688	7.486922	31.49884	-1.2227937	2.6803803	1.1596856	5.927595	0.90815955	21.074867	18998	56000.0	3434.3404076099396
15	2.52577	0.13829787	0.23923488	0.3763848	3.172901	3.172875	0.42776966	-3.0283234	-7.691882	3.5275347	3.5151749	0.047183763	0.19800308	20.049334	7.052011	30.518023	0.6223526	2.6070392	1.1201594	6.142205	0.90870094	21.542553	19998	60000.0	3674.4796319007874
16	2.627697	0.12903225	0.21665154	0.35529366	3.406783	3.4063697	0.44162402	-3.1890907	-8.192903	3.397175	3.383015	0.046531808	0.20790324	20.99191	6.92815	30.07517	1.2601987	2.4663355	1.142377	6.2083597	0.9090201	21.376345	20998	64000.0	3915.7406125068665
17	2.7294638	0.18947369	0.19614005	0.33313212	3.665382	3.6659057	0.45278752	-3.3649454	-8.6893425	3.2928126	3.2775943	0.04583101	0.21829838	19.364216	7.8723016	31.318798	1.0255977	2.6267295	1.2178358	5.3288383	0.9057743	21.105263	21998	68000.0	4156.15952205658
18	2.8309205	0.13978495	0.17755084	0.31665114	3.9114938	3.9114132	0.4626553	-3.5207877	-9.191811	3.171017	3.1562738	0.045037042	0.22921327	20.369816	7.27138	33.69668	-0.044448856	2.4610882	1.0881591	5.3037033	0.9078907	21.494623	23000	72000.0	4387.821797370911
19	2.931806	0.10810811	0.16071868	0.29386023	4.158915	4.1589227	0.46964407	-3.6986325	-9.679618	3.0451908	3.0296507	0.044128053	0.2406739	21.131422	6.78059	32.3109	1.1495111	2.3652678	1.0940503	6.0996027	0.9094962	21.551352	23998	76000.0	4624.801674127579
20	3.0327353	0.171875	0.1454899	0.27242243	4.3964896	4.396234	0.480667	-3.8368595	-10.165553	2.9319117	2.9150124	0.04402655	0.2527077	19.864042	7.602434	30.644346	1.7686027	2.5503423	1.1033967	5.481013	0.908523	20.927084	24998	80000.0	4866.437254905701
21	3.1334503	0.15625	0.13168941	0.25642994	4.6291327	4.6297107	0.4859217	-3.9727876	-10.65842	2.8089304	2.7914338	0.043205168	0.26534307	20.263033	6.9497457	32.411087	2.8434901	2.4973564	1.1244768	5.050374	0.9077172	20.958334	25998	84000.0	5104.792639732361
22	3.2339232	0.14973262	0.119196564	0.24209423	4.877215	4.876729	0.49380788	-4.1314974	-11.151926	2.6820352	2.6607358	0.04299985	0.27861014	20.564919	7.3341026	31.102041	1.8010422	2.4994006	1.157368	6.5083103	0.90829355	21.33155	26998	88000.0	5342.796928167343
23	3.334395	0.15508021	0.10788498	0.22807018	5.105027	5.1046014	0.5002973	-4.2566466	-11.64338	2.582813	2.558309	0.042797666	0.29254067	20.22195	7.383834	33.14565	1.9193947	2.4870386	1.1783887	5.896365	0.9079758	21.31016	27998	92000.0	5578.001898765564
24	3.4344552	0.15343915	0.0976389	0.22492434	5.3187847	5.3183584	0.50300676	-4.3768377	-12.157832	2.4853709	2.4577518	0.04241384	0.3071677	20.425922	7.272624	30.619936	1.2920816	2.3934164	1.180241	5.923447	0.90881073	21.142857	28998	96000.0	5845.928795099258
25	3.5343292	0.12765957	0.08836203	0.20924978	5.544395	5.5447235	0.5097506	-4.503202	-12.641167	2.3875532	2.3538554	0.043425214	0.32252607	21.012243	6.7718205	31.657978	3.8210783	2.4094062	1.0702218	6.1630287	0.90887564	21.351065	29998	100000.0	6105.239444971085
26	3.6342974	0.10638298	0.079970196	0.20535658	5.767264	5.7671485	0.511288	-4.6499434	-13.151251	2.301597	2.2636907	0.042197015	0.3386524	20.941097	6.4065804	30.746855	2.5861647	2.4103553	1.0765046	5.595989	0.6642894	21.292553	30998	104000.0	6362.739538908005
27	3.733698	0.08791209	0.0723714	0.19958127	5.9786386	5.9781513	0.5124139	-4.7778425	-13.656042	2.219882	2.1743937	0.04185654	0.35558507	21.791729	6.364984	34.250298	3.5572746	2.3131943	1.0625933	5.5001574	0.9085565	21.873627	31998	108000.0	6625.85880947113
28	3.832899	0.10810811	0.0654911	0.18896618	6.1920695	6.1919785	0.51248634	-4.9209967	-14.146252	2.1455894	2.0916853	0.042036306	0.3733644	21.261814	6.79345	32.410717	1.8699071	2.4179978	1.1195796	5.7211637	0.6651046	21.75135	33000	112000.0	6891.277394771576
29	3.9322708	0.16931216	0.059269805	0.18319358	6.3954344	6.394908	0.5165065	-5.031486	-14.648035	2.0557191	1.9985389	0.042539652	0.39203253	20.251604	7.673994	31.861303	2.6087632	2.4661524	1.2133222	6.146498	0.9076306	21.095238	34000	116000.0	7151.779410839081
30	4.031435	0.09677419	0.05363466	0.17773825	6.588021	6.5882106	0.514207	-5.1482067	-15.149672	1.9909663	1.9295061	0.041773014	0.4116341	21.138151	6.7027917	31.109083	-0.61714846	2.3182037	1.1105535	5.393079	0.66346717	21.510754	34998	120000.0	7415.397252321243
31	4.1304045	0.055555556	0.048538826	0.1704419	6.7896113	6.788383	0.5152401	-5.261712	-15.644705	1.9311963	1.8676381	0.041670315	0.43221584	22.21085	5.6287417	31.979628	2.6286626	2.258534	0.96224004	5.6118836	0.8908175	22.211111	35999	124000.0	7714.8614547252655
32	4.2292924	0.09944751	0.043927874	0.15523864	6.9975476	6.997286	0.514167	-5.409369	-16.113314	1.8663396	1.8029183	0.041553337	0.45382667	21.660536	6.503525	31.333385	1.9043016	2.3624732	1.0587524	5.637274	0.9078726	21.86188	36998	128000.0	7954.74766087532
33	4.3279376	0.10326087	0.03975297	0.15612362	7.1929502	7.192812	0.5092505	-5.55591	-16.630947	1.8128757	1.750885	0.04094104	0.47651803	21.147001	6.947745	30.802296	1.803091	2.3175583	1.0031003	5.274424	0.9078902	22.005434	38000	132000.0	8195.412620782852
34	4.42654	0.07734807	0.035972066	0.15053564	7.3739424	7.3735986	0.5094022	-5.6662173	-17.127434	1.7533553	1.6914847	0.0416641	0.5003439	21.547031	6.5376377	30.9118	1.9116795	2.2126307	0.9812718	6.05577	0.6658798	22.110497	38998	136000.0	8437.536640167236
35	4.524697	0.038674034	0.032555953	0.13563988	7.5565724	7.555668	0.50135124	-5.820562	-17.590605	1.70497	1.646732	0.04112783	0.525361	22.394823	5.8105326	34.325153	1.0637553	1.9920549	0.7831352	5.0682993	0.6657753	22.044199	39998	140000.0	8676.384254217148
36	4.6225085	0.050561797	0.029461104	0.13670032	7.750301	7.75049	0.49637654	-5.9742103	-18.107224	1.6669358	1.6092124	0.041176967	0.551629	22.17737	5.701574	32.716145	-0.8838945	2.1266215	0.87704164	5.134863	0.6655114	22.348314	40998	144000.0	8912.99877858162
37	4.7203927	0.06077348	0.026660431	0.1315572	7.9349775	7.9352093	0.48907223	-6.114214	-18.601913	1.641508	1.5880445	0.040898398	0.5792106	22.175493	6.028618	32.099995	2.0499704	2.2476602	0.94573814	5.750881	0.90228146	22.17127	41998	148000.0	9157.15843296051
38	4.818093	0.039325844	0.02412553	0.124406695	8.115701	8.114889	0.48545143	-6.2516127	-19.08797	1.5975722	1.5469797	0.0407996	0.6081713	22.4762	5.533217	30.560335	2.0335474	2.0876296	0.823219	5.1132894	0.9077942	22.460674	42998	152000.0	9398.735745191574
39	4.9159307	0.049723756	0.02183089	0.12448669	8.287325	8.286697	0.4795505	-6.400274	-19.600254	1.5847001	1.5367844	0.041271616	0.6385797	21.784588	5.822417	29.685368	1.0505612	2.1651418	0.86772054	4.874265	0.90804374	22.325968	43998	156000.0	9643.562063694
40	5.0137367	0.02259887	0.019754572	0.12195102	8.454644	8.454756	0.4746598	-6.528974	-20.10244	1.5738094	1.5278513	0.040676143	0.67050856	22.706375	4.7615457	30.283285	0.16706844	1.9982018	0.7709281	4.9607067	0.6649867	22.514124	45000	160000.0	9882.277309179306
41	5.111339	0.05978261	0.017875722	0.11908264	8.633427	8.632977	0.46802485	-6.687127	-20.6028	1.5404279	1.4968591	0.040483985	0.70403403	21.397522	5.881451	31.53681	1.0193188	2.0653636	0.8765248	5.089303	0.66352904	21.706522	45998	164000.0	10112.535741567612
42	5.2087336	0.027777778	0.016176544	0.10964906	8.793634	8.792925	0.46090308	-6.824257	-21.07527	1.5269231	1.4860452	0.040475152	0.7392357	22.080915	5.183803	31.397623	2.2875738	2.0264885	0.8393963	5.1281304	0.67097384	22.133333	46998	168000.0	10343.280280351639
43	5.3058906	0.02247191	0.014638151	0.113136075	8.960607	8.961254	0.4509895	-6.9979415	-21.600687	1.511985	1.4766456	0.04077436	0.7761974	22.476238	5.157345	31.319153	2.108282	2.0240273	0.767673	5.024449	0.90847147	22.589888	47998	172000.0	10585.857516765594
44	5.4027066	0.0	0.013245191	0.111730196	9.127738	9.127419	0.44305104	-7.1518893	-22.105856	1.4819736	1.4477139	0.039823808	0.8150073	22.51794	4.1890225	30.48926	12.090694	1.9495518	0.6867374	5.726433	0.66320086	22.548023	48998	176000.0	10833.629914522171
45	5.4998136	0.016949153	0.011985327	0.108281	9.272904	9.271519	0.43648785	-7.280878	-22.601597	1.4893925	1.4565942	0.039963715	0.85575765	21.458633	4.928279	31.472134	1.3182459	2.0197825	0.749267	4.68308	0.6649954	22.531073	49999	180000.0	11086.578055143356
46	5.5966945	0.0	0.010844571	0.11383287	9.422814	9.424078	0.42879394	-7.4305477	-23.13762	1.4761233	1.4457889	0.039396755	0.8985457	22.829836	4.375605	30.38876	11.549266	1.9160984	0.6072126	3.6809332	0.8932266	23.057804	50998	184000.0	11327.33314037323
47	5.6933837	0.0	0.00981237	0.11008388	9.5688715	9.568873	0.41886884	-7.582319	-23.631655	1.4761136	1.4447228	0.039109185	0.94347316	22.614079	4.3112793	32.99266	12.832244	1.9438081	0.6503643	3.8643205	0.9076625	22.948864	51998	188000.0	11558.877788066864
48	5.789685	0.0	0.008879095	0.10672764	9.7173815	9.716426	0.40559042	-7.7738	-24.126585	1.468266	1.44183	0.038256876	0.99064654	22.622631	4.357223	31.878757	12.642163	1.8102475	0.65168303	4.5568204	0.66375417	22.752874	52998	192000.0	11791.232727527618
49	5.8858066	0.011299435	0.008034218	0.108665295	9.856015	9.855424	0.39826015	-7.9120793	-24.646542	1.462239	1.4359154	0.038321644	1.040179	21.980492	4.9087696	32.640297	3.812185	1.878704	0.74092156	4.6384354	0.8966248	22.813559	53998	196000.0	12019.747004270554
50	5.9818616	0.0058139535	0.007269438	0.1121036	9.997289	9.997219	0.3866327	-8.075463	-25.174446	1.4680889	1.4432942	0.037684463	1.092188	21.836872	4.4068356	31.50406	4.6276755	1.8427259	0.6244983	4.7916217	0.66585904	23.11628	54998	200000.0	12253.626618862152
51	6.0779905	0.016853932	0.006577788	0.11059474	10.104342	10.103332	0.37947303	-8.208008	-25.678207	1.4662133	1.4416049	0.037534285	1.1467974	21.470798	5.1280637	31.672823	-1.1791624	1.7799393	0.65132374	4.6031356	0.8950054	22.578651	56000	204000.0	12485.176158428192
52	6.1741915	0.011299435	0.0059516714	0.10949945	10.240735	10.241205	0.3703275	-8.3527155	-26.183537	1.4571801	1.4379685	0.03714658	1.2041372	21.049917	4.531351	31.224207	1.10945	1.8589946	0.7332865	5.1781054	0.8722933	22.531073	56999	208000.0	12733.637806415558
53	6.2701178	0.016949153	0.0053854776	0.111491926	10.367434	10.365452	0.3601578	-8.509074	-26.704832	1.4604778	1.4420537	0.036741797	1.2643437	22.003355	5.247991	31.2042	-5.1356697	1.7055441	0.56903774	4.2574515	0.9004604	22.649717	57998	212000.0	12977.317574262619
54	6.365812	0.0	0.004873216	0.10367133	10.492058	10.493177	0.34995195	-8.673163	-27.174067	1.4849739	1.4645319	0.03687059	1.3275613	22.03551	4.2904906	33.489693	12.467989	1.8335238	0.6728651	4.651832	0.9087281	22.91954	58998	216000.0	13227.536315917969
55	6.461263	0.016949153	0.0044097034	0.10536278	10.63105	10.630914	0.34031686	-8.830756	-27.693394	1.4887973	1.4710212	0.036490746	1.3939393	21.043037	5.047265	31.956562	0.21083236	1.8670446	0.8844582	7.5849185	0.893413	22.666666	59998	220000.0	13484.597019910812
56	6.5569835	0.0057803467	0.003990027	0.107020505	10.755936	10.757502	0.33045104	-8.989931	-28.21308	1.4687885	1.4487948	0.03590814	1.4636365	21.774696	4.668717	30.250946	-2.9172707	1.8454373	0.67790586	5.90162	0.663098	22.98844	60998	224000.0	13723.290095090866
57	6.651944	0.0056818184	0.0036103197	0.10620091	10.881596	10.881232	0.319792	-9.163588	-28.719221	1.4720157	1.4555513	0.035152566	1.5368181	21.660189	4.6165895	31.577518	-3.0180397	1.8557435	0.7219935	4.5630198	0.66474	22.880682	61998	228000.0	13969.575763702393
58	6.7472806	0.0058139535	0.00326681	0.10085473	11.012367	11.010474	0.3112709	-9.312767	-29.199041	1.4689592	1.4520419	0.034933414	1.6136594	21.949945	4.5410266	31.008074	0.90919	1.8905152	0.738815	5.0512815	0.6644164	23.13372	62998	232000.0	14233.859999656677
59	6.8429227	0.0	0.002956088	0.103157796	11.128628	11.128114	0.30662224	-9.435502	-29.722437	1.4840425	1.4696531	0.034654833	1.6943423	22.572815	4.0744557	31.011816	10.738043	1.836357	0.6674723	4.912983	0.90430975	23.045977	64000	236000.0	14495.587995767593
60	6.938715	0.0057142857	0.002674763	0.101603076	11.254373	11.255414	0.29756096	-9.595558	-30.2235	1.486443	1.4706224	0.034437127	1.7790593	21.619991	4.7342324	31.067081	2.7513425	1.8253623	0.7593506	4.5376983	0.66458833	22.845715	64998	240000.0	14733.99718284607
61	7.034252	0.005882353	0.0024202324	0.10266438	11.363132	11.363599	0.29132128	-9.722466	-30.740036	1.5010735	1.482914	0.0338842	1.8680118	21.566124	4.5814857	30.986067	-0.84692	1.8429768	0.73899543	4.227936	0.6635154	22.729412	65998	244000.0	14975.098898410797
62	7.129957	0.007246377	0.0021899187	0.10233997	11.460827	11.460265	0.28579402	-9.822065	-31.248268	1.5020372	1.4864945	0.033777393	1.9614128	21.881691	5.246309	31.669235	-12.888055	1.817432	0.68821627	4.323764	0.0	30.050724	66998	248000.0	15252.046342134476
63	7.2252517	0.007352941	0.0019815615	0.10017934	11.592947	11.593357	0.2755078	-10.004434	-31.744991	1.485381	1.4678499	0.032421887	2.0594828	21.655602	5.0327306	29.463297	1.2812872	1.778807	0.64486814	4.850233	0.89485794	22.735294	67998	252000.0	15531.58836722374
64	7.3202567	0.0	0.0017930499	0.09893573	11.69083	11.690582	0.26885974	-10.124792	-32.24705	1.479846	1.4641833	0.031905342	2.1624575	21.832941	4.784018	31.791079	-11.1725235	1.7906214	0.7019542	4.4787188	0.0	28.430233	68998	256000.0	15774.051874399185
65	7.4153376	0.0057471264	0.0016223285	0.10429928	11.811497	11.810123	0.26247814	-10.250585	-32.791485	1.498082	1.4825178	0.032172706	2.27058	21.765457	4.510367	30.350636	5.3526874	1.7999986	0.761235	5.095596	0.6641828	23.051723	69998	260000.0	16021.024156570435
66	7.510608	0.01724138	0.0014679808	0.10064523	11.912402	11.911856	0.25446284	-10.391438	-33.278088	1.4944553	1.4809366	0.031406254	2.384109	21.826212	5.2529526	30.869982	-3.6969614	1.8775526	0.74382895	5.2578473	0.92897594	22.862068	70998	264000.0	16263.500760793686
67	7.605423	0.0057471264	0.0013282647	0.10396109	12.024113	12.02555	0.24890767	-10.530818	-33.81022	1.5082335	1.4911094	0.031626984	2.5033145	21.74252	4.8314056	32.239388	-3.6953712	1.8403292	0.77737075	6.3351755	0.8935742	23.005747	71998	268000.0	16502.93338727951
68	7.700759	0.0057471264	0.0012018032	0.104424864	12.137078	12.138342	0.24457838	-10.637459	-34.32387	1.5115913	1.4977807	0.030535867	2.6284804	22.470068	4.36766	31.90731	-1.7146322	1.7653921	0.62479395	5.060036	0.66369176	23.091953	72998	272000.0	16738.250302553177
69	7.7963095	0.011627907	0.0010874617	0.10183775	12.2207365	12.219053	0.23943716	-10.745482	-34.8166	1.5177026	1.5018357	0.03057865	2.7599041	21.322807	4.396857	30.681965	3.906044	1.8912098	0.7958958	4.840014	0.66460514	23.168604	73998	276000.0	16980.40390586853
70	7.891706	0.0	0.0009840127	0.09851862	12.351964	12.353361	0.23384608	-10.904451	-35.303566	1.5106069	1.4931267	0.029759353	2.8978996	21.734386	4.22082	29.391357	11.30325	1.7888263	0.6770308	4.544984	0.66433	22.77841	74998	280000.0	17223.244116544724
71	7.986389	0.0	0.0008903941	0.09961589	12.450221	12.447123	0.2262879	-11.016034	-35.821056	1.5188104	1.5021081	0.029597232	3.0427945	22.359945	3.8445966	30.454317	12.839652	1.7774357	0.76628906	6.169831	0.6638386	23.01156	75998	284000.0	17462.79186797142
72	8.081324	0.0056818184	0.000805639	0.10192405	12.543248	12.543358	0.22361545	-11.117444	-36.347523	1.5271741	1.508604	0.029098839	3.1949344	22.09562	4.218757	31.085375	-0.110886134	1.7722279	0.7057341	4.556072	0.87807596	22.920454	76998	288000.0	17710.484116077423
73	8.176463	0.0	0.00072896766	0.10098252	12.649798	12.651934	0.21723327	-11.2430725	-36.850918	1.5283949	1.5111035	0.029137569	3.3546817	21.727804	3.787575	28.241638	12.175031	1.7840525	0.67166185	4.5580707	0.89486265	23.115606	77998	292000.0	17954.80662894249
74	8.271248	0.0	0.0006596288	0.09898593	12.72521	12.723637	0.21325599	-11.332247	-37.346313	1.5573854	1.5418794	0.028865231	3.5224156	22.2986	3.9739318	31.243492	12.380319	1.8126415	0.7179196	4.3920817	0.8894604	23.127167	78998	296000.0	18195.634034633636
75	8.366412	0.0	0.0005968511	0.100133665	12.816736	12.81745	0.20899606	-11.433569	-37.864704	1.51344	1.4998662	0.027774526	3.6985369	21.949236	3.8146343	31.310736	11.1296625	1.8398541	0.674763	4.407733	0.90948015	23.368422	79998	300000.0	18435.511348485947
76	8.46181	0.0	0.0005400611	0.09847342	12.909109	12.909635	0.2074766	-11.507774	-38.362095	1.5230904	1.505767	0.027826183	3.8834634	22.261005	3.8788347	31.668009	13.122465	1.7513152	0.6395603	4.501597	0.8980324	23.192982	80998	304000.0	18671.294401168823
77	8.5572	0.0056179776	0.00048867916	0.09760713	13.008188	13.00909	0.2029034	-11.620469	-38.86518	1.5325379	1.5151149	0.027496608	4.0776353	21.90869	4.1389384	29.370975	0.27340892	1.7327223	0.67057276	4.0441575	0.6646252	22.61236	81998	308000.0	18907.51354575157
78	8.652233	0.011560693	0.00044219743	0.09359705	13.104008	13.105162	0.19884154	-11.732836	-39.343765	1.505229	1.4908044	0.027098939	4.2815175	22.388811	4.1412525	30.462069	0.3968478	1.7319994	0.6341552	3.8175108	0.89335674	23.098267	82998	312000.0	19143.703726530075
79	8.747239	0.0	0.0004001361	0.0914507	13.185824	13.186991	0.19450152	-11.823158	-39.83604	1.5176531	1.5055754	0.02694313	4.4955935	22.608664	3.4667144	29.749302	13.448687	1.7629743	0.67108905	4.565559	0.90772504	23.132948	83998	316000.0	19385.639567375183
80	8.842293	0.01923077	0.0003620777	0.091735534	13.260279	13.260682	0.19214438	-11.8780985	-40.34729	1.5165433	1.4976671	0.026501311	4.720374	22.496012	4.1151495	33.23945	8.098066	1.7520138	0.73377025	4.5409245	0.66577053	22.762821	84998	320000.0	19644.732248544693
81	8.937485	0.0	0.0003276137	0.093153186	13.344187	13.343668	0.18834727	-11.968772	-40.867966	1.5131128	1.4967374	0.026140876	4.9563932	22.016172	4.723356	31.382465	-12.573627	1.809779	0.69063646	4.9780016	0.0	29.384106	85998	324000.0	19915.349122285843
82	9.032254	0.0	0.00029640374	0.09081568	13.41166	13.414635	0.1849408	-12.048387	-41.35882	1.5027997	1.4846802	0.025728961	5.2042117	22.24997	3.4349523	30.442312	14.507433	1.7449623	0.60951054	5.118408	0.90860784	23.277456	86998	328000.0	20162.828815460205
83	9.126961	0.0057142857	0.00026816715	0.09003932	13.495354	13.494488	0.1814961	-12.134995	-41.862133	1.5049468	1.4890249	0.025502607	5.4644217	22.1546	3.8349457	31.214134	2.659967	1.7446548	0.6864282	4.164371	0.6645182	22.874287	88000	332000.0	20425.264724254608
84	9.222082	0.016949153	0.0002426187	0.086653806	13.566628	13.568297	0.17937379	-12.189328	-42.343533	1.5033633	1.4844404	0.025397459	5.7376437	21.857971	4.5685186	30.029219	1.0610588	1.7329477	0.6991355	5.665992	0.66320306	22.514124	89000	336000.0	20678.824506521225
85	9.316885	0.006802721	0.00021950812	0.085618466	13.635299	13.636525	0.1756797	-12.266932	-42.84401	1.4870335	1.4713162	0.024920154	6.024525	22.759157	4.1350465	30.080662	-0.88006616	1.8651171	0.77810484	4.342484	0.89592737	23.408163	89998	340000.0	20968.643926143646
86	9.411899	0.0	0.00019859379	0.08434293	13.698074	13.700255	0.17532502	-12.312973	-43.34232	1.4828261	1.4687004	0.025135323	6.325751	22.55531	4.4012804	29.14017	-12.572573	1.8269472	0.6348231	5.2562227	0.0	29.406452	90998	344000.0	21256.387647390366
87	9.507246	0.0056179776	0.0001796708	0.08696579	13.76916	13.770471	0.17236865	-12.37943	-43.874107	1.4863138	1.470897	0.024174737	6.6420403	22.32121	3.85606	30.046919	6.556512	1.7400993	0.68613744	5.1852455	0.90789354	22.55618	91998	348000.0	21516.38153576851
88	9.602401	0.0057471264	0.00016255242	0.08591817	13.832973	13.832324	0.17183653	-12.408319	-44.374256	1.4827964	1.469013	0.02473459	6.974141	22.98079	4.0610175	31.386702	1.8940934	1.8073016	0.6812378	4.1102486	0.9077083	22.902298	92998	352000.0	21786.257960557938
89	9.697678	0.0	0.00014706573	0.08652457	13.923005	13.923446	0.16770817	-12.531096	-44.888832	1.4648297	1.4498785	0.023929428	7.3228474	22.500275	4.0306306	31.927639	10.2911215	1.7728875	0.67568743	4.776799	0.9092815	23.143679	93998	356000.0	22052.61128258705
90	9.792389	0.011363637	0.00013305228	0.08830266	13.960306	13.960045	0.16643389	-12.528496	-45.41404	1.4904313	1.4786894	0.02376321	7.6889906	22.376759	4.2300715	31.099375	2.1514335	1.7820256	0.78146136	6.6337905	0.66558814	22.517046	94998	360000.0	22305.640644311905
91	9.887138	0.0	0.00012037477	0.08748752	14.036467	14.036234	0.16312265	-12.608043	-45.916092	1.4534113	1.4401212	0.02300583	8.073441	22.19702	3.6501489	31.365812	11.226569	1.8289335	0.77710044	4.7155485	0.6648547	22.740112	95998	364000.0	22565.18203520775
92	9.982403	0.0	0.000108908825	0.0876568	14.085475	14.085794	0.16357674	-12.625206	-46.42704	1.4705819	1.4551383	0.023426376	8.47711	22.425653	3.9642818	31.637651	9.9983635	1.729935	0.7312421	4.9749126	0.6649883	22.551136	96998	368000.0	22811.68034362793
93	10.077737	0.011428571	9.853309e-05	0.08392717	14.130483	14.129984	0.1621746	-12.652724	-46.901848	1.4770666	1.4617964	0.023520738	8.900968	22.473518	4.7326865	31.439388	-4.050374	1.8126242	0.7278957	4.91366	0.9056187	22.788572	97998	372000.0	23054.805984973907
94	10.172423	0.011299435	8.914747e-05	0.0846069	14.191561	14.1913395	0.15896371	-12.73002	-47.41719	1.4494946	1.4337226	0.023109365	9.346017	22.551283	4.4117036	32.63388	6.465108	1.7644364	0.729716	6.408019	0.6658204	22.723164	98998	376000.0	23299.781631946564
95	10.267339	0.0	8.065501e-05	0.08328706	14.240668	14.242791	0.15741393	-12.770527	-47.913765	1.4432466	1.426711	0.022465652	9.813014	22.566988	3.7230258	31.419607	13.305887	1.7481009	0.63011724	4.0436397	0.6587018	22.725714	99998	380000.0	23553.81975722313
96	10.361961	0.0056179776	7.2968425e-05	0.0887823	14.317633	14.316181	0.15525803	-12.848693	-48.47524	1.427594	1.4115344	0.022051083	10.0	23.349016	3.9837139	30.829676	2.255313	1.7419641	0.6325542	4.2785773	0.6474658	22.662922	100998	384000.0	23811.35480427742
97	10.457073	0.0	6.601638e-05	0.080418974	14.361099	14.360599	0.15536386	-12.875213	-48.904133	1.4440002	1.4284302	0.022611942	10.0	22.98059	4.006409	31.372036	11.213669	1.7423012	0.6122062	4.321618	0.66529787	22.891428	101999	388000.0	24838.03343605995
98	10.552011	0.0057471264	5.972781e-05	0.082450405	14.413338	14.4151745	0.15253194	-12.963884	-49.43253	1.434534	1.4212521	0.021671675	10.0	22.89543	4.346155	31.739487	6.591459	1.844239	0.7244848	4.862412	0.9107826	22.856321	102998	392000.0	25133.63474559784
99	10.646951	0.0056497175	5.4037013e-05	0.08163691	14.475086	14.476169	0.15183811	-12.990989	-49.933456	1.4040551	1.3878036	0.021442356	10.0	22.59415	4.2797375	30.973217	0.98257446	1.8001366	0.72327983	5.085811	0.66533387	22.768362	103998	396000.0	25405.773444890976
100	10.741867	0.0	4.8888625e-05	0.080708936	14.517834	14.520961	0.14902359	-13.088796	-50.43307	1.4118655	1.3997165	0.021759601	10.0	22.45222	3.4964445	29.834343	13.644821	1.7644848	0.6599616	4.117429	0.8934171	22.559322	104998	400000.0	25658.07139468193
101	10.836312	0.0056179776	4.4229993e-05	0.08451767	14.572562	14.573367	0.14858957	-13.134627	-50.980072	1.3888215	1.3773282	0.021247609	10.0	22.308193	3.7418377	31.790792	10.059938	1.7317116	0.51667714	3.6191366	0.8979139	22.533709	105999	404000.0	25896.22753047943
102	10.93162	0.0058139535	4.0015562e-05	0.07921426	14.621223	14.620285	0.14793712	-13.165343	-51.435425	1.3986663	1.3800687	0.021274496	10.0	22.970467	3.709854	31.902382	9.468001	1.8023448	0.6940231	4.7785683	0.64710426	23.02907	106998	408000.0	26147.184371709824
103	11.027109	0.0	3.6203786e-05	0.07797314	14.660717	14.660639	0.14777139	-13.200742	-51.931255	1.399364	1.3824058	0.021373518	10.0	23.022074	3.6063232	31.716898	12.085347	1.768527	0.6130657	4.052844	0.8948826	23.02299	107998	412000.0	26403.08482170105
104	11.122625	0.0056497175	3.2754288e-05	0.08223381	14.707062	14.709063	0.14705262	-13.258674	-52.483696	1.3993123	1.3849937	0.021249615	10.0	22.885569	4.02298	31.019411	3.2318606	1.8297343	0.678467	4.7161393	0.67025936	22.807909	108999	416000.0	26657.20501255989
105	11.217084	0.0057142857	2.9633318e-05	0.08217982	14.758424	14.758963	0.14251176	-13.333125	-52.992058	1.3729463	1.3571184	0.020509169	10.0	22.649256	3.6349552	30.644917	9.096804	1.8806238	0.84936315	4.8772707	0.6632837	22.765715	109998	420000.0	26900.21223092079
106	11.311199	0.011363637	2.680935e-05	0.08576064	14.814662	14.816003	0.14244954	-13.375664	-53.53864	1.3688658	1.3540361	0.020454986	10.0	22.515717	4.343599	31.230087	0.6690418	1.7408074	0.69972855	4.990683	0.89036685	22.642046	110998	424000.0	27146.886435747147
107	11.406031	0.0	2.425506e-05	0.08342213	14.830125	14.831742	0.14205927	-13.377005	-54.023075	1.3534081	1.3371123	0.020480523	10.0	22.48354	4.1860986	32.465546	1.3867323	1.8134952	0.7062127	5.1002774	0.8949104	22.661016	111998	428000.0	27402.136818885803
108	11.500861	0.0057142857	2.1944272e-05	0.08289782	14.898312	14.89874	0.14029609	-13.462371	-54.526318	1.3517915	1.3349805	0.020185696	10.0	22.829515	3.8045497	31.974901	2.4934423	1.7372279	0.7096086	5.4316716	0.6644823	22.874287	112998	432000.0	27646.97731733322
109	11.595911	0.0	1.9853693e-05	0.08602522	14.927162	14.927138	0.13948488	-13.490887	-55.069077	1.3619012	1.3452315	0.019962328	10.0	22.16354	3.7053008	30.858261	10.418829	1.7572882	0.68327934	4.315427	0.9076242	22.95977	113998	436000.0	27891.66788649559
110	11.690539	0.0	1.7962477e-05	0.08139919	14.955493	14.95691	0.1381098	-13.53734	-55.527634	1.3442056	1.3302972	0.019599184	10.0	22.703299	3.4998188	31.59176	12.291868	1.7424045	0.6589917	4.5463943	0.6634443	22.971264	114998	440000.0	28165.902206897736
111	11.785705	0.0057803467	1.6251344e-05	0.086136565	14.998947	14.998636	0.13899504	-13.555539	-56.08866	1.3548619	1.3378046	0.020043217	10.0	23.159115	3.5643296	30.446028	6.058617	1.7213094	0.61511254	4.0177217	0.9083022	22.924856	115998	444000.0	28431.195892572403
112	11.88085	0.0	1.4703281e-05	0.079014145	15.030805	15.0296545	0.13581833	-13.607254	-56.518536	1.3266094	1.312114	0.01935375	10.0	23.2725	3.4277081	30.437323	13.207069	1.7684224	0.67557013	4.065493	0.7116478	23.068571	116998	448000.0	28708.6947786808
113	11.975057	0.0	1.3302772e-05	0.07976312	15.055491	15.058877	0.13596682	-13.632857	-57.035313	1.3361185	1.3177366	0.019554142	10.0	22.97059	3.702354	30.877766	11.633626	1.825302	0.7737945	6.4982805	0.9085709	22.93678	117998	452000.0	28957.51083302498
114	12.069899	0.0	1.2035193e-05	0.086075336	15.079862	15.079663	0.13477273	-13.644709	-57.615414	1.3283691	1.3131937	0.01944323	10.0	23.100739	3.4516847	29.822136	12.328347	1.6991764	0.6134089	5.090967	0.6694043	22.72159	118998	456000.0	29197.187341928482
115	12.164625	0.0	1.0888673e-05	0.07941634	15.132517	15.13495	0.13450217	-13.710096	-58.048588	1.3016363	1.2860206	0.01917905	10.0	23.325163	3.4486704	29.727896	12.197228	1.7420644	0.6878855	4.9414253	0.90770704	22.857143	119998	460000.0	29451.08303117752
116	12.259356	0.0056818184	9.851347e-06	0.08122224	15.168356	15.168777	0.13255033	-13.758372	-58.578167	1.2759423	1.2622687	0.018653443	10.0	22.643303	4.0314417	32.417534	4.2497745	1.8155185	0.6272271	4.1856656	0.9079659	22.8125	120998	464000.0	29687.303828954697
117	12.354004	0.0	8.912629e-06	0.081134684	15.190958	15.193005	0.13359338	-13.763593	-59.085842	1.3022864	1.2864089	0.018921861	10.0	23.206003	4.1566143	30.660671	10.353038	1.7672848	0.7085205	4.7728333	0.8935374	23.104046	121998	468000.0	29926.366997480392
118	12.449323	0.0	8.063663e-06	0.075508766	15.229913	15.231388	0.13223404	-13.795543	-59.52845	1.283883	1.2683457	0.018622002	10.0	23.122356	4.2339845	31.035343	1.4872121	1.7161098	0.6037051	5.032942	0.9086807	22.76	122998	472000.0	30157.91618347168
119	12.54342	0.0	7.2954035e-06	0.0796125	15.265043	15.263789	0.13042082	-13.845076	-60.08521	1.2828686	1.2641828	0.018398393	10.0	23.35709	3.5018575	30.582937	12.590167	1.7047231	0.59655803	4.597838	0.90911907	22.897142	123998	476000.0	30396.221160173416
120	12.638634	0.0	6.600101e-06	0.08044786	15.294233	15.291528	0.13127518	-13.846997	-60.60379	1.2888546	1.2731755	0.018436981	10.0	23.713982	3.5341232	29.815811	13.829483	1.7210287	0.5914622	4.214548	0.6652756	22.765715	124998	480000.0	30635.405547380447
121	12.733578	0.0	5.971284e-06	0.07997172	15.324305	15.323804	0.129976	-13.87894	-61.106827	1.2633208	1.2489338	0.01836751	10.0	22.871174	3.6039376	30.09234	14.015769	1.783961	0.5460637	4.360974	0.90814036	22.869318	125998	484000.0	30880.134101867676
122	12.828533	0.0056818184	5.4024363e-06	0.07887233	15.332621	15.332471	0.13078763	-13.89012	-61.602077	1.2768196	1.2624573	0.018435858	10.0	23.458519	4.1768327	31.3267	1.8805225	1.8049198	0.68629915	5.6338034	0.907649	22.8125	126998	488000.0	31137.256455659866
123	12.923436	0.0	4.887772e-06	0.07681348	15.395834	15.394568	0.12865995	-13.945654	-62.08526	1.2600564	1.2445967	0.017968891	10.0	22.888445	3.8614051	30.981703	11.5653	1.7961588	0.7965886	7.499056	0.8949045	22.497175	128000	492000.0	31377.615020751953
124	13.017838	0.0057142857	4.422071e-06	0.078144245	15.404971	15.4063635	0.12738682	-13.972663	-62.610012	1.25148	1.2368821	0.01813787	10.0	23.54738	3.8399074	32.35148	0.9548815	1.8121507	0.7052755	4.9141526	0.6658826	22.828571	128998	496000.0	31610.365911722183
125	13.112319	0.0057142857	4.000765e-06	0.07647833	15.404754	15.40611	0.12733127	-13.970656	-63.097828	1.2579129	1.243001	0.018070953	10.0	22.672989	4.396193	30.818052	-1.2827576	1.8712807	0.76592356	4.594415	0.889388	22.845715	129998	500000.0	31846.910879850388
