Epoch	AverageCrash_counter	StdCrash_counter	Crash_ratio	AverageEpRet	StdEpRet	MaxEpRet	MinEpRet	AverageEpCost	StdEpCost	MaxEpCost	MinEpCost	EpLen	AverageVVals	StdVVals	MaxVVals	MinVVals	TotalEnvInteracts	LossPi	LossV	DeltaLossPi	DeltaLossV	Entropy	KL	ClipFrac	StopIter	Time
0	103.0	0.0	0.66883117	-7.0602117	8.228934	13.598483	-21.950132	4.682761	1.302135	8.022996	2.181468	16.837662	0.02911776	0.025995942	0.0893711	-0.083577886	4000	-2.9802322e-08	287.94394	-0.016338095	-32.287262	1.6078274	0.012043688	0.20875001	59.0	306.77002787590027
1	136.0	0.0	0.6098655	-3.9713895	9.56353	17.632116	-21.968212	4.825514	1.4951315	11.047629	1.1739095	17.784754	-2.309432	0.3743927	-1.6030009	-3.0359666	8000	-9.313226e-09	70.4588	-0.013186969	-2.402214	1.5843939	0.013785644	0.2125	15.0	591.866637468338
2	127.0	0.0	0.59624416	-4.6324334	8.803506	17.933054	-26.324228	4.926242	1.6155765	10.181099	1.4214458	18.704226	-1.49444	0.35038784	-0.8247327	-2.525525	12000	-1.6763806e-08	68.01422	-0.014892399	-1.7716675	1.5673355	0.012134045	0.13350001	52.0	885.89089179039
3	66.0	0.0	0.46478873	-1.8560477	9.385887	20.950006	-19.113937	4.5478654	1.6010687	8.540298	0.92641306	19.133802	-1.3713405	0.64597803	0.42279515	-2.9344895	16000	-2.9802322e-08	196.99738	-0.013110414	-20.029106	1.559942	0.010839006	0.0615	79.0	1185.470831155777
4	107.0	0.0	0.507109	-0.86170137	9.459866	21.452248	-23.12987	4.449582	1.6060083	9.2485	1.1445433	18.834124	-1.5520617	0.8636568	0.06921551	-3.3942525	20000	2.0489097e-08	73.849815	-0.00894305	-8.713467	1.5142316	0.013245614	0.14275	17.0	1468.0701220035553
5	67.0	0.0	0.4060606	1.4025263	10.275167	23.257374	-17.371647	4.127083	1.4528091	8.866021	0.9278086	20.70303	0.27817118	1.6472536	4.935953	-2.4064538	24000	7.450581e-09	103.218254	-0.014124393	-3.865593	1.465157	0.012066785	0.11624999	50.0	1766.1664175987244
6	77.0	0.0	0.39086294	2.4502115	10.028707	25.121407	-17.98527	3.9017718	1.5021659	8.755819	0.8999564	20.228426	2.298478	1.9635658	5.3082843	-1.9768914	28000	-1.8626451e-09	73.023285	-0.017570714	-6.1737823	1.3882543	0.007402481	0.17050001	79.0	2043.043387413025
7	60.0	0.0	0.32085562	4.667842	9.440866	22.998182	-23.067444	3.7583337	1.5177106	8.685502	1.1520754	21.278074	3.5552545	2.1928747	6.9505386	-1.0266547	32000	5.5879354e-09	65.12217	-0.007738973	-6.6302223	1.3339047	0.013965884	0.11925	12.0	2310.1522364616394
8	74.0	0.0	0.35748792	3.7596188	10.266291	24.270926	-17.971409	3.430631	1.5098932	7.9013166	0.6663337	19.275362	5.3510275	2.174695	8.409485	0.7972068	36000	1.6763806e-08	59.539673	-0.0072998274	-3.5219746	1.2470503	0.0130552305	0.164	8.0	2566.556527376175
9	50.0	0.0	0.29069766	5.968425	9.880061	24.792192	-15.508858	3.0046744	1.28249	6.278023	0.6556989	19.988373	4.622924	2.492541	10.883943	-1.1204952	40000	1.4901161e-08	84.90395	-0.01286006	-3.3456821	1.1731989	0.0050182827	0.0935	79.0	2833.497197151184
10	64.0	0.0	0.33333334	6.265574	10.16079	25.676743	-15.19388	3.2848701	1.2453425	6.9016786	0.88586867	20.786459	5.714032	2.5345354	9.757876	-0.7665704	44000	2.4214387e-08	62.509888	-0.011446148	-4.867277	1.1675824	0.012040932	0.1035	41.0	3094.9640431404114
11	50.0	0.0	0.26595744	7.933091	9.566822	23.348333	-15.78472	2.9741247	1.2394598	6.988708	0.92428136	21.18617	6.5578184	2.4148629	10.73827	2.664139	48000	2.9802322e-08	50.807114	-0.010165945	-5.042362	1.0860238	0.009054106	0.09725	79.0	3360.3598346710205
12	32.0	0.0	0.2147651	10.414434	9.204524	26.005735	-13.178068	2.9379654	1.3447614	8.014517	0.6662727	21.496645	7.558344	2.732225	13.471235	3.2251265	52000	-2.2351742e-08	59.94069	-0.0141238645	-5.2833214	1.0886734	0.008794697	0.16275	79.0	3671.696256160736
13	53.0	0.0	0.2819149	9.275663	9.934024	25.333555	-11.579568	2.975973	1.1906506	6.303581	0.921863	21.111702	8.275076	2.4940495	11.935206	3.6403604	56000	-1.5366822e-08	53.765793	-0.015036486	-2.954876	1.0086038	0.010788489	0.13350001	79.0	3960.2692103385925
14	46.0	0.0	0.24598931	10.40372	9.411261	28.252596	-12.20767	2.7750971	1.1847384	7.7535357	0.91121775	21.245989	8.427181	2.2788732	12.725425	4.528432	60000	-1.0011718e-08	43.525818	-0.010798247	-2.7125473	0.92882437	0.008516127	0.13075	79.0	4247.257155418396
15	35.0	0.0	0.19021739	13.081933	8.856438	28.360506	-10.343397	2.6531634	1.186469	6.0479364	0.8965322	21.663044	9.517591	2.3778565	13.833251	4.001126	64000	-1.4901161e-08	39.51304	-0.007994786	-3.775753	0.91084045	0.0031883272	0.058250003	79.0	4517.390766382217
16	51.0	0.0	0.2642487	11.494409	9.7159	29.193977	-8.630667	2.87801	1.2208638	6.5578313	0.9275709	20.559586	11.270142	2.0645163	15.193887	4.4996557	68000	-1.1175871e-08	46.672943	-0.010293105	-2.0195007	0.8410585	0.0065555098	0.089	79.0	4777.976383686066
17	40.0	0.0	0.21052632	13.572017	9.056289	27.086224	-9.821279	2.5942698	1.1506878	6.1535735	0.6745564	21.0	10.291221	1.9686575	14.458797	3.2661705	72000	-1.6763806e-08	39.879585	-0.009360637	-1.3418293	0.777227	0.005307786	0.045	79.0	5038.968373298645
18	39.0	0.0	0.21081081	14.415147	9.489451	29.975538	-7.1310406	2.523593	1.086738	5.555183	0.9119775	21.464865	11.150868	1.9666933	15.126754	3.6292963	76000	-1.0244548e-08	40.14012	-0.0066567417	-2.2540684	0.7316763	0.0046961075	0.0485	79.0	5297.518986463547
19	37.0	0.0	0.19680852	14.484433	9.495442	29.529049	-6.9800863	2.4851358	1.0336919	6.255311	0.67371583	21.228724	11.879799	1.6999267	15.781545	1.3476461	80000	5.5879354e-09	37.836197	-0.008445146	-1.3493156	0.710586	0.0034053496	0.07	79.0	5555.702220201492
20	35.0	0.0	0.19125684	15.385315	9.046601	30.850092	-7.5829577	2.468629	1.0245663	5.2112207	0.9251307	21.644808	11.686771	1.7929988	15.524916	-2.9506922	84000	-2.2351742e-08	35.77969	-0.0068106167	-1.1796656	0.7005085	0.0072359373	0.043250002	79.0	5810.676662445068
21	39.0	0.0	0.21081081	14.712056	9.153942	30.025028	-9.023263	2.6251283	1.0555913	5.94451	0.91467935	21.551352	12.2464905	1.7851007	16.485819	-2.6072795	88000	0.0	36.760998	-0.0073233284	-0.6097841	0.705193	0.0067830207	0.065	79.0	6068.170285701752
22	34.0	0.0	0.18181819	15.837481	8.567457	28.74976	-5.4957027	2.3936481	1.041008	5.365722	0.9162225	21.262032	12.104487	2.163859	17.605978	-3.5796053	92000	1.1175871e-08	31.254723	-0.006900373	-1.5370789	0.70168734	0.0031152903	0.055749997	79.0	6323.612862110138
23	33.0	0.0	0.18131869	15.297232	9.232286	27.391117	-8.830728	2.3998568	0.9841465	5.594826	0.76013345	21.714285	12.369016	2.2974627	17.336819	-4.7813745	96000	-6.0535967e-09	33.59139	-0.0061033536	-0.9499569	0.69500977	0.007935042	0.05475	79.0	6577.554735422134
24	39.0	0.0	0.20634921	15.389617	9.303031	28.465769	-8.724739	2.4256794	0.97024333	5.8961344	0.9091238	21.074074	12.497409	2.53416	18.185051	-9.284493	100000	1.1175871e-08	34.923615	-0.005523639	-0.7931595	0.668427	0.004094511	0.06125	79.0	6828.096050262451
25	37.0	0.0	0.19680852	15.299438	9.156599	27.93584	-6.680122	2.416247	0.97999215	5.1489396	0.90431434	21.19149	12.716027	2.699588	19.947233	-9.436046	104000	-1.4901161e-08	36.777363	-0.006785173	-0.52655697	0.65918434	0.0034831353	0.04675	79.0	7077.105412006378
26	37.0	0.0	0.19786096	15.810638	9.273075	26.893816	-7.407091	2.3872654	0.9984346	5.3988905	0.92933977	21.256685	12.25623	2.5382416	18.312283	-8.627409	108000	3.7252903e-09	34.059853	-0.0062163863	-0.6435137	0.6454306	0.0022409956	0.0385	79.0	7327.308447122574
27	22.0	0.0	0.12154696	17.632118	8.05941	28.074392	-6.705508	2.209617	0.90693134	5.643602	0.652076	21.96685	13.039828	2.617918	19.204248	-9.954128	112000	1.8626451e-08	24.711946	-0.007950984	-1.004117	0.61778015	0.007356099	0.05125	79.0	7576.419856309891
28	24.0	0.0	0.13483146	16.76787	8.356673	30.615875	-9.359183	2.2828574	0.8855431	4.986357	0.9275675	22.325842	13.336714	2.8635716	19.304192	-8.364811	116000	-1.1175871e-08	29.32045	-0.0062524118	-1.2434816	0.5892294	0.006730507	0.04675	79.0	7829.377438783646
29	22.0	0.0	0.123595506	16.994211	8.396603	27.444265	-6.4467764	2.2097762	0.87804234	4.2451453	0.9241628	22.213484	13.057781	2.478429	18.155548	-8.153562	120000	0.0	25.958649	-0.0052051023	-0.5490389	0.5853438	0.005949698	0.04425	79.0	8081.5839331150055
30	25.0	0.0	0.13812155	16.763361	8.649902	29.366081	-7.5119658	2.20212	0.8633575	4.767908	0.6675781	21.972376	13.215356	2.7224615	19.238335	-8.366887	124000	-8.381903e-09	30.699528	-0.0060247406	-0.78022575	0.57233924	0.0076444754	0.045	79.0	8334.717015981674
31	22.0	0.0	0.12087912	17.644695	8.713927	32.374847	-5.3965235	2.1480348	0.8661788	4.723979	0.66658425	21.906593	13.075122	2.3938932	18.352621	-5.4818397	128000	0.0	29.214247	-0.0060573993	-0.82618237	0.55507636	0.0045022196	0.037	79.0	8576.40489435196
32	17.0	0.0	0.09550562	18.242632	7.5584645	28.681477	-9.226538	2.043768	0.81987655	5.123441	0.90857905	22.303371	13.843748	2.6325724	19.971924	-3.628055	132000	-1.8626451e-09	23.746054	-0.0055123754	-0.42597294	0.5218214	0.0038583425	0.0225	79.0	8811.96164059639
33	23.0	0.0	0.12637363	17.200884	8.410705	28.13758	-8.135222	2.083553	0.90462524	5.0043488	0.8963989	21.851648	13.989277	2.707394	18.871767	-8.298308	136000	7.450581e-09	27.185291	-0.005613081	-0.9189644	0.46866578	0.001049258	0.032250002	79.0	9048.301733732224
34	17.0	0.0	0.096045196	17.690607	8.168828	28.459139	-11.981791	2.1626732	0.84164673	4.6478953	0.70053357	22.548023	13.174439	2.5792093	18.57406	1.8671381	140000	0.0	25.001102	-0.004729606	-1.2224112	0.47833222	0.0042199832	0.0295	79.0	9281.792981863022
35	25.0	0.0	0.13812155	17.445084	8.581168	30.673819	-5.9046307	2.1836882	0.8640626	4.954348	0.66776454	21.906076	13.796258	2.7550895	19.229229	-7.2187366	144000	-5.5879354e-09	28.9116	-0.0041419454	-0.5378084	0.4958955	0.0028762585	0.0325	79.0	9515.523791074753
36	18.0	0.0	0.1	17.711367	7.562608	28.052303	-8.314595	2.1287882	0.8807528	4.975601	0.6675285	22.133333	13.562478	2.6930628	19.038052	-8.546357	148000	9.313226e-09	23.021717	-0.0073247757	-0.43562794	0.49464685	0.005597031	0.07125001	79.0	9747.531062841415
37	20.0	0.0	0.11111111	17.850792	8.307727	30.788963	-7.492947	2.1956	0.79148537	5.280296	0.6692206	22.022223	13.712129	2.555291	18.694607	-0.40436375	152000	3.7252903e-09	23.902836	-0.0051255096	-0.88268375	0.48142236	0.0026101056	0.043750003	79.0	9980.147756814957
38	13.0	0.0	0.0726257	18.840847	6.9482903	30.015017	-7.5271926	2.1429846	0.8410333	4.513263	0.9094355	22.256983	14.121811	2.7531402	19.64691	-1.7138	156000	-3.7252903e-09	19.9942	-0.0051509067	-0.5390978	0.50945	0.008528373	0.03425	79.0	10211.355640888214
39	17.0	0.0	0.09497207	18.825552	7.6561637	30.236622	-8.304842	2.0768743	0.8067731	4.6587753	0.9083906	22.256983	14.400685	2.7831895	19.699371	-4.683051	160000	1.8626451e-09	21.923515	-0.005301645	-0.4638424	0.49066433	0.0034603989	0.037	79.0	10444.543638706207
40	12.0	0.0	0.06703911	19.442472	6.8091	30.4549	-6.84001	2.0376008	0.75087875	4.4717526	0.5608067	22.22905	14.527939	2.9317503	19.840548	-7.354931	164000	-7.450581e-09	20.118473	-0.0036938116	-1.2864237	0.5113895	0.0054580173	0.0405	79.0	10677.289228200912
41	17.0	0.0	0.094444446	18.360298	8.048463	27.59561	-9.86518	2.0888593	0.7637618	4.3822002	0.90905976	22.105556	14.621682	2.709362	20.100657	-5.9731073	168000	-7.450581e-09	23.167725	-0.006156206	-0.7542076	0.51629806	0.007936722	0.03425	79.0	10910.072112321854
42	13.0	0.0	0.073033705	18.839556	7.8986645	28.767717	-9.356922	2.0423443	0.8274035	4.701889	0.66779083	22.337078	14.449538	2.9990027	20.089838	-2.6610045	172000	-9.313226e-09	21.435326	-0.0040496215	-1.4338493	0.4659881	0.003192666	0.03175	79.0	11142.614461660385
43	17.0	0.0	0.09497207	18.439394	8.133395	29.691202	-9.601855	2.102362	0.8723328	4.7756195	0.66621715	22.24581	14.44232	3.0517697	19.79762	-1.8086302	176000	1.1175871e-08	23.197254	-0.0050259456	-1.5387974	0.47851297	0.0037611914	0.045500003	79.0	11374.992035388947
44	15.0	0.0	0.082417585	18.592674	7.5521884	28.750032	-10.146034	2.080919	0.86715937	4.310684	0.90117395	21.917582	13.997191	3.1307285	20.811459	-5.0062914	180000	-1.8626451e-09	18.856098	-0.0045985514	-0.5914335	0.47985303	0.0041819364	0.02825	79.0	11606.270069599152
45	15.0	0.0	0.084745765	19.070751	7.4255924	29.352089	-7.523926	2.1431668	0.8337204	4.8770995	0.70083797	22.446327	14.306999	3.3557856	21.135298	-9.892544	184000	-9.313226e-10	19.240349	-0.0053160246	-0.75710297	0.46426925	0.0031049945	0.042	79.0	11839.411277770996
46	16.0	0.0	0.08938547	18.52624	7.742733	29.793232	-6.579221	2.13251	0.8464317	4.7016454	0.90839505	22.206703	14.333936	3.0268288	20.400854	-1.8451965	188000	1.8626451e-09	18.85897	-0.0053871525	-0.47281075	0.44090468	0.005988288	0.07125	79.0	12072.63292813301
47	16.0	0.0	0.08888889	18.29333	8.344958	29.542055	-10.192627	2.1122277	0.83985186	5.230863	0.66902536	22.072222	14.559572	3.378949	21.00239	-6.7780285	192000	-1.8626451e-09	22.639011	-0.0064211837	-0.9085531	0.45100158	0.005304661	0.05825	79.0	12305.738008260727
48	20.0	0.0	0.10928962	18.464691	8.4689455	29.280901	-9.868062	2.0811353	0.86530906	5.65685	0.66779214	21.754099	14.164655	3.3151503	20.125051	-5.528395	196000	6.519258e-09	20.884869	-0.005008622	-1.079732	0.4820266	0.005857844	0.039499998	79.0	12538.465424060822
49	19.0	0.0	0.10555556	18.434872	8.02623	29.866533	-7.33731	2.0982416	0.8842926	4.911441	0.90909547	22.205555	14.197072	3.6095834	20.817513	-7.912643	200000	7.450581e-09	22.844612	-0.005692538	-2.1134453	0.47270995	0.008787673	0.033749998	79.0	12769.576647281647
50	16.0	0.0	0.08839779	18.785254	8.037738	29.7774	-7.6176395	2.014771	0.85372514	6.045921	0.9087723	21.955801	14.332575	3.3790617	20.539583	-4.1859183	204000	8.381903e-09	19.102646	-0.004728282	-1.1395597	0.48182023	0.0018477854	0.02375	79.0	13003.147342443466
51	9.0	0.0	0.050847456	19.773535	7.0095916	30.95596	-6.7500095	1.9962074	0.750325	4.536097	0.6802114	22.40113	14.226941	3.604536	20.441511	-5.7607365	208000	3.7252903e-09	16.880226	-0.0049395477	-1.7303572	0.47737023	0.0065175807	0.1345	79.0	13237.260099172592
52	14.0	0.0	0.07865169	18.642326	8.040134	28.61589	-13.030694	2.058544	0.8225433	4.881144	0.90453535	22.269663	14.855351	3.2739084	20.601269	-1.2309031	212000	-1.1175871e-08	18.074226	-0.0049093273	-1.5456772	0.45085013	0.0045598107	0.035	79.0	13467.972886562347
53	21.0	0.0	0.1160221	18.04793	8.373816	30.91262	-10.197703	2.3150063	0.8535098	4.5854397	0.9150791	21.972376	14.017488	3.723157	20.554874	-1.7786367	216000	-3.7252903e-09	21.319668	-0.004425045	-1.0448523	0.4600353	0.008971969	0.032	79.0	13701.916647672653
54	13.0	0.0	0.073446326	19.016201	7.2400875	28.612314	-7.912917	2.0695233	0.7775813	4.5958505	0.9099589	22.38983	14.464063	3.8002713	20.48515	-5.805935	220000	-4.656613e-10	16.175323	-0.007219687	-1.3560376	0.43736944	0.0073276823	0.0615	79.0	13937.52610707283
55	12.0	0.0	0.06703911	18.829906	7.4458	28.619183	-8.333778	2.1199074	0.8496528	5.429641	0.9105803	22.22905	14.717805	3.4779778	20.377432	0.99213076	224000	-5.5879354e-09	14.862082	-0.0060669184	-0.84761286	0.44791657	0.005207383	0.06325	79.0	14168.5843770504
56	10.0	0.0	0.056818184	19.679476	6.8713703	30.334822	-7.860179	2.0497515	0.7183334	4.442518	0.9219672	22.5625	14.720012	3.477928	20.980507	-5.2317576	228000	-3.7252903e-09	14.973848	-0.0053760223	-0.52308416	0.42073274	0.004113367	0.03825	79.0	14400.472210884094
57	16.0	0.0	0.08888889	18.889597	8.30399	29.186092	-10.246029	2.0775573	0.7636897	4.474831	0.9106915	22.13889	14.544866	3.5378735	20.96246	2.235573	232000	-9.313226e-10	17.126827	-0.0046668425	-0.98720026	0.39889663	0.0036269026	0.07625	79.0	14632.38044333458
58	10.0	0.0	0.056179777	19.710587	6.4493427	28.187332	-5.9306026	2.0492752	0.8002567	5.379074	0.91804767	22.24719	14.869306	3.8283613	21.371546	-3.4039714	236000	0.0	13.602293	-0.0054041855	-1.0465951	0.42070854	0.0022921655	0.0775	79.0	14863.465597867966
59	16.0	0.0	0.08743169	18.419895	8.00627	28.339672	-7.699734	2.0730054	0.83170843	4.5633044	0.89475715	21.721312	14.743231	3.5188022	20.796555	0.6850183	240000	0.0	17.440567	-0.0031855889	-2.1590934	0.41334426	0.0015680711	0.014	79.0	15096.640445232391
60	14.0	0.0	0.07777778	18.95495	7.8807282	30.115036	-9.151792	2.0855815	0.8387149	5.0574994	0.66772467	22.044445	14.13209	3.8544922	21.019487	-0.8034144	244000	4.1909516e-09	16.303661	-0.003966324	-1.463933	0.42607266	0.0014423635	0.026	79.0	15328.189267635345
61	10.0	0.0	0.05586592	20.29697	6.8042603	29.444342	-6.411569	2.0509527	0.73235154	4.4908586	0.9240041	22.217876	15.022327	3.7098453	21.124496	0.6136722	248000	-9.313226e-09	13.626638	-0.0042967554	-0.609169	0.40956646	0.010232534	0.0365	79.0	15560.702687740326
62	16.0	0.0	0.08938547	19.101715	7.552778	29.535963	-6.0486016	2.1765041	0.8272132	5.2684317	0.9231337	22.173183	14.767505	3.8581486	21.511751	1.6572602	252000	1.3038516e-08	16.312061	-0.005436456	-0.81490946	0.4026628	0.008762301	0.036	79.0	15796.294806718826
63	12.0	0.0	0.06703911	18.728388	7.216022	29.630787	-7.36699	2.0985487	0.86165494	5.6395626	0.9066614	22.21229	14.285713	3.6102946	21.450249	2.4964783	256000	-1.1175871e-08	14.768251	-0.0041609164	-0.20079136	0.40265286	0.0014657336	0.028250001	79.0	16028.901667356491
64	8.0	0.0	0.04519774	19.742405	6.6042185	29.631014	-7.020292	2.065352	0.82291186	5.118001	0.9091651	22.480227	14.569597	3.6123211	21.564013	4.055356	260000	-4.656613e-09	12.621901	-0.0029892763	-0.5397248	0.39884245	0.0035480335	0.023	79.0	16260.253224849701
65	21.0	0.0	0.11290322	18.570229	8.486879	28.699486	-10.021433	2.0792139	0.7979529	4.3052483	0.9101274	21.462366	14.712715	3.7414265	21.646587	-1.5903026	264000	0.0	17.548779	-0.004643998	-2.1269073	0.3739708	0.0033265399	0.02125	79.0	16493.572761535645
66	18.0	0.0	0.1	18.687939	7.825356	28.881517	-8.70489	2.1334307	0.81448925	4.624514	0.89657605	22.183332	14.388562	3.8140366	21.41858	1.6287571	268000	4.656613e-09	15.454773	-0.0050486387	-0.71212816	0.3937263	0.0018416109	0.0235	79.0	16725.531550884247
67	14.0	0.0	0.07821229	19.176018	7.310616	31.170393	-8.631009	1.9940351	0.7758173	3.9827101	0.9086643	22.273743	14.438121	4.050915	21.53969	0.90958947	272000	9.313226e-09	12.089077	-0.0051961932	-0.27619314	0.39835802	0.0050779134	0.0285	79.0	16961.238109350204
68	12.0	0.0	0.06666667	18.99997	7.4685235	29.470308	-7.2548027	2.0943465	0.7722247	4.1498313	0.84404606	22.188889	14.277469	4.081031	21.420069	1.0429933	276000	-1.1175871e-08	14.2472925	-0.004886806	-0.58393	0.37052497	0.0031264382	0.0275	79.0	17192.64109301567
69	14.0	0.0	0.07734807	18.766872	7.7808523	30.34705	-6.7969966	2.1919956	0.8252447	6.1875324	0.8942632	22.01105	14.525238	3.9081297	21.779606	3.6611269	280000	4.656613e-09	13.487973	-0.0037497487	-0.9131775	0.37060222	0.0014225633	0.033999998	79.0	17425.19771504402
70	18.0	0.0	0.09944751	19.27861	8.408555	27.79358	-10.414386	2.0823603	0.81436414	4.2586527	0.90844584	21.944752	14.566803	3.9973054	21.48077	-0.09021879	284000	1.0244548e-08	16.784807	-0.0042666504	-1.6151562	0.36273366	0.0041095545	0.03775	79.0	17659.03140449524
71	16.0	0.0	0.08938547	18.480825	8.030199	30.666603	-7.7588453	2.1515217	0.88894486	5.0075326	0.6785541	22.234636	14.41515	4.214767	21.512545	-0.9727782	288000	7.21775e-09	15.548698	-0.0043433364	-0.89591694	0.34054902	0.0027725105	0.03425	79.0	17891.962654590607
72	19.0	0.0	0.10614525	18.018091	8.399333	29.173977	-7.558479	2.178999	0.88781446	5.2803826	0.9154038	22.134079	14.338453	4.132218	21.350155	0.08649623	292000	-3.7252903e-09	17.521809	-0.004251633	-0.96948624	0.33571857	0.0024795902	0.02425	79.0	18124.66327738762
73	10.0	0.0	0.05586592	19.90125	6.5260196	28.578701	-7.8148203	1.9466916	0.68942034	3.8903418	0.90342605	22.134079	14.447517	3.7412739	21.068222	-0.16902559	296000	7.450581e-09	11.855909	-0.005384762	-0.7910218	0.35159558	0.0034676446	0.0285	79.0	18355.55850958824
74	19.0	0.0	0.10497238	18.638464	7.9924374	29.488115	-6.234598	2.1283367	0.88864285	7.3734994	0.89039296	21.911602	14.399488	4.0821486	21.800488	0.48922452	300000	-7.450581e-09	14.75293	-0.005213866	-0.4223547	0.3491265	0.006720776	0.0465	79.0	18590.970246315002
75	11.0	0.0	0.061452515	19.767252	6.991569	29.058443	-8.221589	2.0710227	0.7845572	4.7956696	0.9090433	22.22905	14.779	3.9178567	22.117798	-0.8663067	304000	-2.7939677e-09	12.944322	-0.0055269683	-0.52480555	0.363435	0.006399658	0.020750001	79.0	18822.511466741562
76	11.0	0.0	0.06111111	18.916737	7.5394173	27.923523	-8.987054	2.0672312	0.7085362	4.2743607	0.9290878	22.11111	14.942693	3.7637577	21.927309	1.3590916	308000	1.8626451e-08	12.20381	-0.0055479147	-1.0994391	0.4156648	0.012029359	0.05275	56.0	19053.438172340393
77	13.0	0.0	0.0726257	18.463396	7.959705	28.89101	-11.029973	2.0670335	0.83915186	4.5120115	0.6559369	22.206703	13.740563	4.1833053	21.524908	-1.9669969	312000	-3.7252903e-09	15.085766	-0.0055056456	-1.3653584	0.3798281	0.0036412245	0.04025	79.0	19287.822078466415
78	5.0	0.0	0.028735632	20.379755	5.7370524	27.656368	-9.074451	1.9569435	0.7148023	4.454719	0.9151121	22.925287	14.880312	3.5747404	21.82984	-0.7940176	316000	7.450581e-09	9.598804	-0.0043671913	-0.6543908	0.3688217	0.0044321967	0.034	79.0	19517.47716331482
79	8.0	0.0	0.04519774	19.29732	6.9981155	27.911541	-9.348944	2.0175896	0.77587897	4.560304	0.92718273	22.576271	14.972243	3.750361	21.824463	2.3764493	320000	0.0	11.396754	-0.005149749	-1.1095786	0.37442636	0.0073551573	0.044749998	79.0	19750.498853206635
80	12.0	0.0	0.06629834	19.683435	7.2570667	28.904621	-9.269435	1.9836694	0.77598196	5.0532064	0.9135515	21.977901	14.574949	3.8157148	22.161697	1.3560266	324000	-1.8626451e-09	12.064955	-0.0032453854	-0.5147667	0.3504243	0.0011509735	0.055749997	79.0	19982.640154361725
81	5.0	0.0	0.028248588	19.312025	6.1413674	29.191303	-7.3500957	1.9390169	0.68781704	3.8873744	0.9081914	22.542374	14.863608	3.7648718	21.83566	0.41338027	328000	-4.1909516e-09	9.741381	-0.0040333653	-0.46372318	0.3264999	0.0040867915	0.042	79.0	20213.566950798035
82	10.0	0.0	0.056497175	19.945305	6.5787697	30.374805	-10.812285	1.9779211	0.7692369	4.4735165	0.93184465	22.480227	14.703119	3.5281432	20.926537	2.419245	332000	-3.7252903e-09	9.964678	-0.004958771	-0.7772732	0.3362742	0.002938386	0.029	79.0	20444.16170692444
83	7.0	0.0	0.039772727	20.108019	6.536654	29.656813	-8.391695	2.0163546	0.7966963	4.536399	0.91836166	22.681818	14.754217	3.9241743	22.28306	0.580651	336000	1.8626451e-08	11.489645	-0.005583618	-0.90480137	0.32533783	0.004413505	0.0365	79.0	20676.984278440475
84	13.0	0.0	0.073446326	19.304934	7.5264277	31.049667	-6.5836096	2.0180843	0.7137621	4.1101537	0.92823416	22.429379	15.190415	3.8821363	22.132309	0.8476603	340000	-7.21775e-09	13.21278	-0.0035331082	-0.9565549	0.34280533	0.0022221594	0.019000001	79.0	20909.33645415306
85	8.0	0.0	0.04597701	19.568382	6.4422145	29.36098	-6.5117335	2.0550566	0.70901555	4.302223	0.92730254	22.890804	14.4431505	4.00419	21.54665	-0.8252002	344000	0.0	10.608434	-0.0041123778	-1.137063	0.3380162	0.003342132	0.028250001	79.0	21143.693244457245
86	11.0	0.0	0.061797753	19.043137	7.679607	28.493872	-7.9079714	2.0167909	0.7743999	5.798876	0.8966067	22.297752	14.66377	3.87057	21.795263	-0.1528645	348000	3.7252903e-09	14.039901	-0.0044042617	-0.93354034	0.32348162	0.004402726	0.050750002	79.0	21376.31497979164
87	12.0	0.0	0.06629834	19.129242	7.820396	28.409184	-9.402278	1.9712987	0.8119807	5.1473336	0.91941154	22.049725	14.807004	3.9936752	22.075396	-0.9382623	352000	0.0	12.927727	-0.004029192	-1.0000534	0.32164514	0.0021075886	0.045	79.0	21608.553683042526
88	9.0	0.0	0.05	19.51141	6.728671	28.633278	-8.622203	1.944673	0.7067501	4.291868	0.91632825	22.044445	14.858572	3.7914662	21.619587	-3.0279384	356000	7.450581e-09	11.38232	-0.00423513	-0.73839474	0.3045615	0.0021861587	0.0285	79.0	21841.312207221985
89	10.0	0.0	0.06410257	19.147223	7.421451	27.853048	-7.7533126	2.0087526	0.7089568	4.235579	0.89536405	22.205128	13.893244	4.091856	21.733618	-15.858203	360000	-1.4901161e-08	23.813099	-0.0030888394	-6.215078	0.2967962	0.0036036302	0.0265	79.0	22097.281220197678
90	7.0	0.0	0.04	20.15149	6.2888846	29.118238	-8.656078	1.9976585	0.7755712	5.3669243	0.9283125	22.754286	14.3579645	4.5546966	21.460648	-1.1514195	364000	-5.5879354e-09	14.029745	-0.006290434	-3.877308	0.2722342	0.0034746963	0.04275	79.0	22328.069251537323
91	8.0	0.0	0.04519774	19.845894	6.4346843	30.980837	-9.834754	1.9846419	0.7465583	4.736522	0.91929674	22.429379	14.993472	3.7038531	22.386024	1.3607572	368000	4.1909516e-09	9.972387	-0.0038309344	-0.6460457	0.25728223	0.0018850991	0.02325	79.0	22560.48046016693
92	5.0	0.0	0.028735632	20.434124	6.225085	29.142752	-6.974417	1.9287812	0.6155707	4.182502	0.8866008	22.890804	15.4301405	3.6102216	22.029955	-0.98306197	372000	-1.8626451e-09	7.873702	-0.0037575345	-0.45456886	0.24062298	0.0027101766	0.036250003	79.0	22790.59451341629
93	9.0	0.0	0.05027933	19.442347	6.7609835	30.916674	-7.995253	1.9828167	0.7549938	4.6470704	0.9134742	22.21229	15.017631	3.9213545	22.384	-5.1725674	376000	8.1490725e-09	12.84484	-0.004528015	-0.88348436	0.22479822	0.0019503783	0.0255	79.0	23020.948104143143
94	5.0	0.0	0.028571429	19.912525	5.9922223	29.231314	-7.2732186	1.954562	0.72019	4.2917757	0.9206142	22.72	14.710723	3.6167598	21.17889	-1.1697177	380000	1.2863893e-08	7.907017	-0.0034763243	-0.52059484	0.21497889	0.0027587616	0.0295	79.0	23251.447948932648
95	6.0	0.0	0.033519555	20.287083	6.703473	28.608309	-8.27545	1.983989	0.6167876	4.430896	0.91702086	22.167597	15.170258	3.7151008	21.88766	0.5724237	384000	5.355105e-09	11.34342	-0.0021721171	-0.44898224	0.21992305	0.0012441506	0.015249999	79.0	23483.977022647858
96	6.0	0.0	0.03409091	19.772543	6.504536	29.7825	-8.326743	2.026481	0.74115753	4.3569756	0.9091806	22.630682	15.101226	3.7156813	21.927874	0.56435424	388000	0.0	9.166855	-0.003161952	-0.28771663	0.22673586	0.0022281373	0.018	79.0	23717.0850212574
97	12.0	0.0	0.06629834	19.072306	7.8384123	28.926281	-8.085382	2.038796	0.7991165	4.1774793	0.9093469	21.922651	14.870995	4.0763845	21.703165	-1.741213	392000	-1.3038516e-08	12.655218	-0.0031159124	-0.5644202	0.20453355	0.0017046456	0.03025	79.0	23946.912935256958
98	14.0	0.0	0.07821229	19.424076	7.7882705	28.647234	-8.487061	2.0632184	0.768402	4.4210644	0.92444164	22.273743	14.878756	3.9430363	22.097588	-3.1286776	396000	-1.8626451e-09	11.118301	-0.00437616	-0.52186656	0.19726649	0.0025625895	0.032250002	79.0	24176.795275211334
99	11.0	0.0	0.065868266	19.611513	7.1897163	28.811079	-6.25196	2.1302216	0.80698735	4.2994766	0.67906886	22.293413	14.497373	4.4947743	22.244577	-16.987011	400000	-1.4901161e-08	15.701647	-0.0052705333	-1.9233637	0.218564	0.0047443267	0.034500003	79.0	24419.83854484558
100	3.0	0.0	0.031578947	20.529503	6.130269	27.636894	-8.460826	2.0564623	0.6837843	4.229506	0.9251797	22.894737	11.808299	4.7537127	21.999409	-16.418087	404000	-5.9604645e-08	35.107807	-0.003883794	-22.376392	0.24362239	0.0007050494	0.052	79.0	24735.763184785843
101	3.0	0.0	0.01724138	21.137114	5.350287	30.548187	-2.3320973	1.9894518	0.6625353	3.6042821	0.91350037	22.856321	14.475158	5.6121674	22.024738	1.662313	408000	-2.4214387e-08	19.518782	-0.0035558078	-11.142316	0.18791927	0.0057349	0.034	79.0	24966.040901899338
102	6.0	0.0	0.033898305	20.813194	6.03707	30.01526	-5.812903	1.9988064	0.72469294	3.7288878	0.92364925	22.37288	15.565627	3.7203705	21.959774	0.24670658	412000	5.5879354e-09	9.156769	-0.0037479936	-0.430552	0.17535305	0.0024983943	0.0265	79.0	25198.253447055817
103	12.0	0.0	0.06666667	19.766092	7.3420806	30.781027	-8.04201	2.0909598	0.76181185	4.9391375	0.92698914	22.13889	15.388674	3.959161	21.635908	-4.198127	416000	1.1175871e-08	11.707868	-0.0033304505	-1.2973137	0.17000744	0.0015639875	0.0205	79.0	25428.236655712128
104	6.0	0.0	0.033707865	19.929228	6.0051665	29.3892	-7.66313	2.0136156	0.69490397	4.282219	0.6838147	22.292135	14.927676	3.8504293	21.516342	-1.6668375	420000	-5.5879354e-09	10.092856	-0.0029194541	-1.6937625	0.18567708	0.0009039802	0.0225	79.0	25661.662475824356
105	4.0	0.0	0.036697246	20.216797	6.090693	28.771654	-6.9637365	1.9881704	0.6634886	3.732055	0.6933054	22.073395	13.3825655	3.9500456	21.971266	-19.659683	424000	1.4901161e-08	48.755684	-0.0033372939	-34.66614	0.17263898	0.0015423886	0.019000001	79.0	25971.294587612152
106	7.0	0.0	0.039772727	20.029892	6.583943	29.584751	-11.1154	2.0847769	0.7394209	4.372047	0.8936543	22.65341	13.893056	5.41569	21.455263	-0.19332288	428000	3.7252903e-09	17.362663	-0.0024189018	-8.410944	0.1493338	0.0018327849	0.022	79.0	26202.0158765316
107	12.0	0.0	0.06779661	18.734642	7.6161156	27.792162	-10.163104	2.100483	0.79903865	4.290765	0.8919387	22.37288	14.701953	4.041522	21.820524	-4.2637267	432000	1.542503e-09	13.017023	-0.0035356944	-1.0727158	0.15357605	0.003706507	0.02775	79.0	26434.08349108696
108	11.0	0.0	0.061452515	19.473494	7.0161138	29.415527	-8.7317915	2.0161746	0.7436767	4.323458	0.9277035	22.156425	14.855517	3.954071	21.748203	-3.2487314	436000	2.3283064e-09	13.241979	-0.00527235	-0.82176256	0.16001359	0.0030519227	0.028749999	79.0	26666.5665910244
109	5.0	0.0	0.028248588	20.579418	5.7638593	28.37023	-6.7246633	1.9483122	0.7353519	4.9755425	0.9126987	22.553673	14.859932	3.6183612	21.76017	-1.4895059	440000	6.9849193e-09	8.776712	-0.0031746787	-0.7150731	0.1533795	-1.15712755e-05	0.02475	79.0	26898.501118421555
110	4.0	0.0	0.022727273	19.645287	5.807556	28.606703	-6.76874	1.9532944	0.694985	4.4246774	0.91975695	22.65909	15.195936	3.7604735	22.24014	-0.82703465	444000	-4.656613e-09	7.315777	-0.0035258206	-0.27394056	0.1487898	0.00410154	0.017749999	79.0	27129.30392098427
111	4.0	0.0	0.02259887	19.644236	6.0708838	27.88547	-9.286755	1.9635613	0.72051483	4.2227087	0.87247145	22.531073	15.00418	3.578487	21.69566	0.81546676	448000	-9.313226e-09	7.9215493	-0.0048555806	-0.47173595	0.16280165	0.0086663375	0.0445	79.0	27361.49956870079
112	6.0	0.0	0.033519555	20.634043	6.8227377	30.292572	-10.84526	1.9705698	0.721261	4.215227	0.8977854	22.201117	15.162535	3.6945736	21.870443	-2.277663	452000	5.122274e-09	7.837268	-0.0036750697	-0.63762593	0.13709539	0.0026250833	0.02575	79.0	27591.56002664566
113	8.0	0.0	0.044444446	19.829512	7.0632486	28.940378	-7.538543	2.0114548	0.697805	4.216302	0.9008103	22.133333	15.536424	3.8300827	22.841688	-2.473111	456000	7.450581e-09	11.568878	-0.0037920177	-0.907125	0.15372488	0.0025693541	0.02225	79.0	27823.34922528267
114	6.0	0.0	0.033898305	19.36534	6.2150846	28.847607	-5.7869086	2.0562396	0.7179529	4.536983	0.90527654	22.485876	14.9827385	3.7604012	22.350275	-2.5872605	460000	-3.7252903e-09	9.36224	-0.0045875274	-0.4281273	0.14700836	0.002934237	0.0285	79.0	28053.51455760002
115	9.0	0.0	0.054545455	19.744316	7.228077	28.838472	-6.5987144	2.1035376	0.7331578	4.2908545	0.9021663	22.048485	14.340465	4.124167	21.588203	-20.086798	464000	-3.7252903e-09	15.417608	-0.0030428842	-2.6709614	0.14437833	0.0015217785	0.02125	79.0	28302.19217300415
116	6.0	0.0	0.033707865	20.85348	5.34598	30.350172	-5.881373	2.1478066	0.7723607	4.4478827	0.9208162	22.297752	15.021363	4.100501	22.236134	-0.93208885	468000	-8.8475645e-09	8.908455	-0.003474008	-1.7510359	0.14999226	0.0017495392	0.030499998	79.0	28532.092302560806
117	17.0	0.0	0.094444446	19.372696	8.328317	29.805975	-9.501818	2.2022123	0.83247733	5.19041	0.9108148	22.11111	14.967708	4.201369	22.062096	-4.6611066	472000	-3.7252903e-09	13.968311	-0.004954327	-0.96524906	0.14671737	0.0031786656	0.0295	79.0	28765.085612297058
118	15.0	0.0	0.082417585	19.33104	8.52973	29.865135	-12.313709	2.065591	0.7597938	4.1977615	0.6790579	21.857143	15.261837	4.3031983	22.782623	-6.0132914	476000	1.1175871e-08	13.592039	-0.004979033	-1.0760694	0.14675523	0.0034706872	0.022	79.0	28997.463950634003
119	12.0	0.0	0.06779661	19.879053	7.590427	29.762672	-9.762402	2.1729722	0.79550654	4.565831	0.9233873	22.542374	14.826723	4.4161735	22.482523	-7.730275	480000	-9.313226e-10	10.793371	-0.003281991	-1.0445209	0.14572737	0.00096214114	0.015999999	79.0	29229.13525223732
120	11.0	0.0	0.06111111	19.591625	6.7796183	29.206533	-7.7540283	2.1683173	0.78309095	4.8056216	0.9269205	22.13889	14.989117	4.1814938	22.650932	-4.9831314	484000	0.0	11.565893	-0.0043760166	-0.7973225	0.15732059	0.0041038054	0.02975	79.0	29461.31119799614
121	6.0	0.0	0.040816326	20.251902	6.218862	29.097887	-3.9757328	2.027343	0.71177447	4.3912	0.8946435	22.4966	14.3092165	4.157488	21.595411	-20.33922	488000	1.4901161e-08	25.372395	-0.0037780106	-10.251585	0.14373238	0.001498107	0.0225	79.0	29721.5655169487
122	10.0	0.0	0.088495575	18.491566	7.783338	27.180017	-7.466024	2.1549678	0.7759206	4.3235855	0.9411501	21.929203	10.641381	6.054645	21.530594	-14.951204	492000	0.0	19.463255	-0.0027738214	-4.444569	0.12798718	0.0006252953	0.01375	79.0	30030.162159204483
123	7.0	0.0	0.039106146	20.734348	6.826226	30.003912	-7.426123	2.155426	0.8173655	5.5942874	0.92276525	22.223463	13.971823	5.579162	21.442997	-3.99813	496000	-3.7252903e-09	19.54081	-0.0034507774	-9.552514	0.16165511	0.007799006	0.029	79.0	30261.283113002777
124	14.0	0.0	0.07777778	19.397806	7.590183	29.498396	-7.734395	2.1041708	0.7650334	4.6750274	0.9268033	22.033333	15.308989	4.153225	22.581709	-6.560252	500000	1.4901161e-08	12.8264675	-0.0063321292	-1.3301873	0.19329882	0.004481604	0.0345	79.0	30491.87544775009
