Epoch	AverageCrash_counter	StdCrash_counter	Crash_ratio	AverageEpRet	StdEpRet	MaxEpRet	MinEpRet	AverageEpCost	StdEpCost	MaxEpCost	MinEpCost	EpLen	AverageVVals	StdVVals	MaxVVals	MinVVals	TotalEnvInteracts	LossPi	LossV	LossCV	DeltaLossPi	DeltaLossV	DeltaLossCV	Entropy	KL	ClipFrac	StopIter	Time
0	103.0	0.0	0.66883117	-2.3774502	7.8254247	17.244553	-15.480787	4.682761	1.302135	8.022996	2.181468	16.837662	0.02911776	0.025995942	0.0893711	-0.083577886	4000	1.7881393e-07	277.2977	8.77017	-0.047858536	-24.981163	-7.108707	1.6078274	0.013258774	0.18375	17.0	502.60417008399963
1	91.0	0.0	0.68421054	-1.1682853	8.506705	21.709436	-13.351071	4.427778	1.275289	7.4783106	0.9067439	16.135338	-1.3981487	0.2687125	-0.8566835	-2.4638693	8000	-1.1920929e-07	346.6674	1.1552573	-0.06874925	-73.62257	-0.33532774	1.5973994	0.013321197	0.16399999	17.0	995.5764982700348
2	124.0	0.0	0.6138614	-0.41329882	8.83774	25.71689	-13.101449	4.242936	1.3039442	8.380795	1.3879782	16.316832	-2.5574822	1.8532462	0.6574833	-8.837014	12000	-7.450581e-09	117.92012	1.2212824	-0.073567286	-11.574272	-0.022997081	1.5556579	0.014040325	0.34375	14.0	1472.1934607028961
3	147.0	0.0	0.62025315	-0.7984477	8.620467	23.107979	-11.989688	3.7991934	1.2836058	7.365639	0.88060373	15.443038	-0.289982	2.91024	4.2622943	-6.712387	16000	2.9802322e-08	93.510216	1.2959721	-0.04427269	-3.8706284	-0.110553384	1.4870121	0.012934636	0.11575	11.0	1934.8464274406433
4	163.0	0.0	0.6392157	-0.9731231	8.721502	23.336351	-15.612945	3.776959	1.2460452	7.3275857	0.91277254	15.050981	0.12483423	2.7078974	4.708606	-6.0282054	20000	2.2351742e-08	76.314285	1.3491086	-0.044349186	-3.9248924	-0.03633231	1.4064262	0.01315327	0.11225	9.0	2388.627553462982
5	150.0	0.0	0.61728394	0.5510127	9.052066	23.92218	-12.348726	3.5779436	1.218211	6.945402	0.9078244	15.275721	0.25981337	2.4292622	4.2508616	-5.1678085	24000	0.0	79.512115	1.2413712	-0.045905516	-3.784542	-0.054384887	1.3150209	0.0124274865	0.15825	10.0	2836.004287004471
6	84.0	0.0	0.56	1.8220831	9.9924965	25.277407	-12.035397	3.3365145	1.2781448	6.365224	0.65324	15.573334	-0.8498883	3.5775604	5.847849	-4.606886	28000	-5.9604645e-08	190.02779	0.78683066	-0.06363341	-56.120045	-0.03276109	1.3211349	0.013480408	0.13575	14.0	3327.2071793079376
7	127.0	0.0	0.526971	3.2208936	10.102346	26.614063	-13.014684	3.269735	1.3113542	6.6942773	0.6676626	16.543568	1.4290347	4.558872	7.7179747	-9.9754	32000	-2.6077032e-08	96.315506	1.278139	-0.029412948	-16.345268	-0.027107358	1.0505488	0.012058854	0.15200001	13.0	3765.170407772064
8	73.0	0.0	0.5530303	3.6342201	10.676412	27.332642	-12.748344	3.2572381	1.2708545	5.714842	0.66770554	17.14394	-1.4806108	6.5849123	12.224518	-7.837009	36000	-1.4901161e-08	115.94998	0.5747869	-0.043140516	-14.640537	-0.0145371035	1.1328409	0.013590736	0.0815	13.0	4270.707034111023
9	104.0	0.0	0.460177	5.3792195	10.535893	27.827368	-12.416904	2.9540238	1.3678783	6.179832	0.67387867	17.566372	2.4520772	5.757681	10.375661	-10.643416	40000	1.4901161e-08	109.38614	1.3272778	-0.04635767	-20.799355	-0.06587863	0.8369825	0.012052376	0.091749996	11.0	4714.643755912781
10	82.0	0.0	0.38497654	7.030903	11.004072	28.029366	-11.575007	2.864914	1.3556482	6.1220245	0.66685843	18.732395	4.3095527	5.229124	10.541386	-7.568556	44000	1.6763806e-08	94.034325	1.0677279	-0.033379383	-15.17569	-0.034157127	0.71444076	0.012216138	0.126	19.0	5157.146041631699
11	88.0	0.0	0.41314554	7.019545	10.724827	29.758497	-11.125806	2.831566	1.2196802	5.7589035	0.91338617	18.652582	5.7949357	4.6747727	11.016981	-4.741509	48000	1.4901161e-08	82.32211	0.91931283	-0.07486375	-9.996742	-0.016094446	0.6525602	0.016284978	0.151	11.0	5613.083261489868
12	69.0	0.0	0.3556701	7.504348	9.794103	29.33991	-11.0627775	2.8742843	1.1504723	6.3110514	0.9083709	20.453608	5.907125	4.1805077	10.668606	-2.482665	52000	-2.9802322e-08	74.24463	0.9499897	-0.03285338	-10.874538	-0.060138047	0.7619543	0.012368588	0.17025	6.0	6091.248245239258
13	66.0	0.0	0.3529412	6.6046643	9.653311	26.406311	-11.977154	3.0504506	1.0829444	6.370772	0.94648916	21.229946	6.6279383	3.3961432	10.956512	-0.17024668	56000	-2.9802322e-08	65.35983	0.81714725	-0.055065647	-8.568676	-0.033170998	0.8373036	0.0131461015	0.22275	18.0	6589.19943356514
14	63.0	0.0	0.3368984	7.4418926	10.417616	26.751713	-12.242239	2.9128654	1.1067544	5.767164	0.930178	21.342245	6.47959	2.5224683	10.829888	1.7989639	60000	-1.4901161e-08	57.70736	0.8042365	-0.025510535	-5.2763786	-0.0225735	0.733415	0.014904611	0.18525	8.0	7083.298562288284
15	78.0	0.0	0.38423645	7.1286716	9.825619	26.896784	-11.788277	2.8606305	1.1537606	5.6650014	0.6745564	19.615763	7.342695	2.1245613	11.613099	3.5778017	64000	-1.4901161e-08	47.748707	0.7984443	-0.030875832	-2.8901138	-0.009473085	0.62128854	0.0130861625	0.14	8.0	7566.192944765091
16	93.0	0.0	0.41704035	6.424761	11.02069	29.55244	-12.290401	2.7226431	1.2879527	6.394882	0.9098123	17.87444	7.374545	2.1851125	12.053445	2.326536	68000	-4.4703484e-08	53.97792	0.96624553	-0.015842885	-2.1966076	-0.04390496	0.5111577	0.013473808	0.108500004	12.0	8009.517184257507
17	107.0	0.0	0.5431472	5.417205	12.084554	28.321053	-11.147415	2.934378	1.3404902	5.5647407	0.6673628	16.248732	7.045622	2.231467	14.1302	-0.50546163	72000	0.0	73.09442	0.84826905	-0.08182053	-8.383461	-0.059391588	0.486123	0.014502743	0.12125	37.0	8484.031086921692
18	81.0	0.0	0.3875598	6.7492876	10.752881	28.320927	-11.781472	2.7591722	1.2125334	5.9014487	0.9226641	19.047848	6.2871957	3.2865033	12.175281	-2.8538833	76000	0.0	51.991486	0.83980525	-0.035765596	-3.8352737	-0.031914055	0.5325217	0.012872953	0.113749996	7.0	8939.193968296051
19	53.0	0.0	0.2819149	9.679714	9.316697	28.952915	-10.226747	2.5758374	1.1250764	5.3340282	0.92277163	21.015957	7.834693	2.7551627	12.798975	-1.2222121	80000	-2.7939677e-08	43.408783	0.72253954	-0.03774809	-4.2979126	-0.02207014	0.65137625	0.015424594	0.15224999	9.0	9412.968245744705
20	52.0	0.0	0.30057803	7.3087955	9.217123	28.243433	-11.17637	2.975497	1.0317246	5.546413	0.91314125	22.947977	9.270673	2.1475391	12.908706	0.5808654	84000	0.0	45.773468	0.8442528	-0.031422183	-5.8699245	-0.11455944	0.73821497	0.01349448	0.1615	28.0	9926.390553712845
21	63.0	0.0	0.3559322	8.369729	9.867182	29.489738	-10.976231	2.785379	1.1108946	5.782408	0.9217949	21.0113	7.6708717	1.8985507	13.50813	-0.11635868	88000	-1.4901161e-08	56.999702	0.6887187	-0.03504673	-1.5615559	-0.01624471	0.6661364	0.013015684	0.14775	11.0	10413.115973711014
22	69.0	0.0	0.345	8.842893	10.2965975	29.598284	-11.082632	2.6550224	1.176418	5.5077367	0.9220499	19.955	8.0351515	1.4395989	11.581035	2.950376	92000	0.0	47.337437	0.7758478	-0.024070144	-2.7260895	-0.020800292	0.5418807	0.012974663	0.120000005	9.0	10879.419378757477
23	94.0	0.0	0.42152467	6.764161	10.838338	31.534595	-11.982679	2.6930304	1.2714479	5.4131804	0.66681623	17.87444	8.8107395	1.8392442	12.791613	1.9926529	96000	5.9604645e-08	53.725456	0.94831634	-0.016540691	-2.246664	-0.013242871	0.44298	0.013607359	0.0985	17.0	11315.199108600616
24	126.0	0.0	0.5185185	5.09909	11.201461	29.70024	-12.252456	2.8437836	1.3769388	6.2939706	0.56094056	16.419754	7.5658193	2.1216822	12.232705	-0.1044763	100000	1.8626451e-08	54.57232	1.1089334	-0.06684165	-4.4885845	-0.06438929	0.32594773	0.014232887	0.0805	39.0	11740.807307004929
25	85.0	0.0	0.39170507	8.4736805	11.109145	29.627436	-10.927776	2.7204685	1.2597411	5.856038	0.6676068	18.37788	7.21311	3.0994105	12.600249	-4.6178193	104000	5.9604645e-08	50.997177	0.81739044	-0.06993259	-4.171095	-0.012771815	0.41174084	0.017457094	0.13100001	8.0	12177.352812051773
26	65.0	0.0	0.33505154	9.333728	10.387951	29.073711	-10.640981	2.7354	1.1809453	5.481897	0.66756374	20.546392	9.292154	2.488107	13.574238	-4.863939	108000	4.4703484e-08	44.37809	0.7474456	-0.03730601	-1.1302643	-0.018272132	0.53210527	0.015312005	0.12674999	5.0	12642.093514680862
27	59.0	0.0	0.32960895	8.011449	9.672436	29.29908	-11.663197	2.788636	1.0745624	6.0199842	0.9300211	22.234636	9.501989	1.8558381	12.728548	-3.3910825	112000	0.0	41.433575	0.6540389	-0.03749594	-2.2886066	-0.014548898	0.60110104	0.013123876	0.1785	6.0	13133.292220830917
28	52.0	0.0	0.30232558	7.7786417	8.734339	26.795647	-11.949994	2.8997147	0.9244233	5.1812816	0.92467076	23.168604	8.756467	1.6429925	11.798544	-1.4358072	116000	-2.9802322e-08	37.07168	0.62163186	-0.05593332	-1.4671421	-0.028473258	0.6751208	0.014188822	0.17500001	19.0	13650.55368423462
29	46.0	0.0	0.26589596	10.121434	9.026998	27.332699	-10.772979	2.7093513	1.1199247	6.9238806	0.9161937	23.075144	8.281287	1.813353	11.426718	0.46071896	120000	-1.4901161e-08	37.48152	0.6670438	-0.043644518	-3.0706062	-0.052771896	0.5952302	0.012503774	0.16025001	8.0	14148.460448741913
30	74.0	0.0	0.37185928	8.068172	10.060574	32.0857	-11.152154	2.7508883	1.1421732	5.63945	0.6667457	19.964825	9.4149685	1.5246592	12.426335	1.3450667	124000	4.4703484e-08	42.18325	0.7517806	-0.044082552	-0.9063568	-0.014016837	0.5013517	0.015433677	0.171	9.0	14613.23187661171
31	76.0	0.0	0.3653846	9.368	11.775905	30.401262	-11.287091	2.6156843	1.1869755	5.3609715	0.6691265	19.10577	8.776834	1.9190031	12.333562	-0.61018133	128000	7.450581e-09	54.045628	0.73927057	-0.011494257	-2.4037094	-0.037644	0.39346507	0.013049934	0.088750005	10.0	15054.615136861801
32	115.0	0.0	0.491453	6.2669425	11.09661	29.618021	-10.479091	2.7842193	1.330506	5.681263	0.66758335	16.991453	9.367877	2.1880512	13.495588	-2.9186306	132000	-7.4505806e-08	54.681885	0.99944615	-0.08456567	-5.399061	-0.0423896	0.30850977	0.013569468	0.10375	29.0	15483.710783720016
33	75.0	0.0	0.36057693	9.471304	10.648222	29.973743	-11.096747	2.542729	1.2437441	6.071855	0.9085917	19.129808	7.945918	2.9026675	12.839711	-5.1597986	136000	-2.0489097e-08	45.024933	0.813963	-0.06526451	-3.1073704	-0.050251245	0.40796977	0.017882556	0.16225001	7.0	15921.213146686554
34	61.0	0.0	0.31937173	10.101596	10.075333	30.700436	-11.00448	2.636798	1.1230153	5.9508433	0.6675285	20.848167	9.741351	2.1931036	13.5734625	-3.9041686	140000	0.0	44.636566	0.6646227	-0.014043361	-1.1099777	-0.04131615	0.5040347	0.014780164	0.13875	6.0	16381.162229299545
35	52.0	0.0	0.29545453	9.844584	9.895978	30.687601	-12.513761	2.661769	1.081682	5.864641	0.92900085	22.568182	9.873678	1.7274108	13.01169	-2.632172	144000	2.6077032e-08	43.294765	0.65146524	-0.054165132	-1.4925575	-0.019998312	0.56101066	0.014375367	0.1685	22.0	16868.22484779358
36	49.0	0.0	0.26344085	10.643167	10.12482	30.0595	-12.661428	2.5385664	1.1143775	5.300761	0.9099461	21.413979	9.309578	1.4963894	12.272459	-1.0430697	148000	-4.4703484e-08	42.20569	0.59318155	-0.05452306	-1.4516754	-0.020114541	0.47886175	0.013588827	0.14875	7.0	17331.719767570496
37	76.0	0.0	0.36893204	9.204639	10.471777	31.343294	-11.489422	2.670466	1.1155623	5.1175537	0.56089216	19.23301	9.716823	1.6862043	12.832331	1.0259992	152000	-5.5879354e-08	43.71486	0.6457655	-0.007660538	-0.6872883	-0.02808693	0.3894543	0.012622251	0.105000004	9.0	17772.082547187805
38	104.0	0.0	0.45021644	7.7226152	10.237635	29.233349	-10.2742405	2.6667538	1.2708001	5.5598626	0.5608067	17.251081	9.249775	2.237178	13.253283	0.6201731	156000	3.731111e-08	46.82248	0.93244755	-0.026291102	-2.4802952	-0.01934442	0.32633287	0.012140824	0.11	14.0	18197.907732486725
39	125.0	0.0	0.5102041	7.117662	12.279475	29.68595	-10.884271	2.768332	1.2929994	5.425358	0.667546	16.244898	8.394939	2.2864807	12.4914255	-1.8012455	160000	0.0	60.26084	0.981219	-0.11763224	-5.760481	-0.04761046	0.23995505	0.017017353	0.08275	20.0	18610.06784749031
40	81.0	0.0	0.369863	8.753034	11.431807	29.236094	-11.309751	2.5708747	1.2773085	5.8047295	0.66621715	18.219177	8.576879	3.4998126	13.756315	-6.8563285	164000	-5.9604645e-08	50.837048	0.875932	-0.06577558	-2.7769184	-0.030314356	0.34514952	0.015574921	0.1225	5.0	19036.45847582817
41	64.0	0.0	0.32	10.943738	10.242557	28.757938	-11.002033	2.515087	1.1539663	5.7121315	0.9085681	19.91	10.023352	2.3202846	13.87915	-4.7651896	168000	-3.1664968e-08	47.031647	0.76330173	-0.050466843	-1.3963432	-0.039089233	0.407462	0.017237006	0.194	8.0	19479.55681872368
42	49.0	0.0	0.2784091	11.269861	9.713235	27.46189	-11.984209	2.6652186	1.0086633	4.821947	0.9152541	22.5	10.398049	1.6034567	13.568041	-3.7298665	172000	8.940697e-08	40.025528	0.54003394	-0.0791309	-1.0927849	-0.016731977	0.503417	0.012010286	0.20125	6.0	19963.71446609497
43	68.0	0.0	0.37988827	7.129913	9.596772	27.67315	-12.173198	2.9635725	1.0108699	6.1159706	0.92711926	22.290503	10.404608	1.3905338	13.458537	-2.4880192	176000	5.9604645e-08	52.702477	0.7024522	-0.020420313	-9.879879	-0.071558475	0.56216836	0.012973762	0.24675	8.0	20463.672970056534
44	47.0	0.0	0.28658536	7.2025785	8.901625	24.408278	-11.684839	2.9514904	0.9418193	6.93228	0.93129927	24.341463	8.006215	1.5768281	10.496255	-0.48823583	180000	-2.9802322e-08	37.391716	0.49840218	-0.06900648	-1.6981277	-0.023869082	0.62123144	0.016122319	0.19025001	16.0	20993.494736909866
45	38.0	0.0	0.23170732	9.888538	8.456623	26.625628	-11.623138	2.725814	0.96915716	4.9923677	0.91122186	24.079268	8.238748	2.123459	12.009992	0.469107	184000	-7.450581e-09	32.87137	0.5122239	-0.10612193	-3.4963121	-0.038065776	0.56929016	0.019077871	0.2545	6.0	21504.77778697014
46	63.0	0.0	0.34615386	8.952284	9.985961	29.681948	-10.959379	2.764185	1.0791166	5.645145	0.9211915	21.945055	9.628084	1.6373192	13.192931	1.6878662	188000	0.0	42.158356	0.6301241	-0.049583137	-0.98249626	-0.012822092	0.4783134	0.015582891	0.16600001	5.0	21987.32616662979
47	63.0	0.0	0.32307693	11.704419	10.243899	28.97236	-10.357376	2.5141263	1.0477123	4.9596314	0.6802114	20.430769	8.943723	1.7583804	12.46818	1.1952527	192000	-8.940697e-08	47.839535	0.6025376	-0.037701298	-4.2665806	-0.032459706	0.41880244	0.016132675	0.125	6.0	22442.12705016136
48	86.0	0.0	0.4	9.563891	10.612614	29.284521	-11.0406685	2.570241	1.2227958	5.9723864	0.9105646	18.539536	10.558823	1.5547763	13.746685	1.4641356	196000	4.4703484e-08	51.733574	0.85510874	-0.022018299	-1.5270042	-0.045942694	0.3646856	0.0133312065	0.14025	10.0	22874.29482793808
49	95.0	0.0	0.41666666	8.622338	10.673739	28.979538	-10.791051	2.695691	1.2961363	5.817335	0.6664855	17.47807	9.50025	1.6373905	12.893591	1.2665237	200000	-4.0978193e-08	50.088253	0.91446006	-0.019962583	-3.0873337	-0.04770583	0.28999364	0.013265802	0.088750005	20.0	23291.99680709839
50	107.0	0.0	0.44957983	6.6707764	11.930114	30.66747	-13.391855	2.6693947	1.4017947	5.7914042	0.6676141	16.735294	8.8927145	2.8248692	13.525655	-0.6664737	204000	-5.9604645e-08	63.234158	1.1429315	-0.0879788	-5.195671	-0.08033246	0.22757667	0.012609068	0.07875	18.0	23699.350125789642
51	101.0	0.0	0.4334764	8.066095	11.463805	31.209183	-10.760084	2.6203094	1.309638	6.3335476	0.6670031	17.077253	7.9398766	2.7282999	12.829018	-2.952838	208000	5.9604645e-08	53.74164	0.9385998	-0.06407133	-1.814785	-0.028286695	0.28295362	0.014132355	0.10575	6.0	24110.88295841217
52	73.0	0.0	0.35096154	10.808208	10.820308	30.414831	-10.770584	2.4641943	1.1773117	5.422006	0.89644235	19.038462	9.436657	2.7636306	14.059034	-2.7271748	212000	3.7252903e-08	47.295662	0.74188066	-0.08592611	-2.0141106	-0.041615218	0.3291754	0.016036037	0.16049999	7.0	24533.348045110703
53	66.0	0.0	0.3283582	11.52129	10.000245	29.38556	-9.013552	2.5654783	1.0891678	5.35993	0.666976	19.845772	10.409941	1.8536134	14.063028	-1.7855804	216000	-5.9604645e-08	44.2071	0.6455055	-0.086849675	-0.69138527	-0.037908792	0.4060827	0.018491268	0.2065	6.0	24971.179654598236
54	43.0	0.0	0.24571429	11.956015	9.544165	29.331434	-11.332772	2.5659487	1.0500268	6.483011	0.66772467	22.782858	10.619761	1.7216238	14.607497	-2.335663	220000	2.9802322e-08	39.028446	0.5227057	-0.032518767	-1.3588066	-0.025898427	0.47203997	0.014734831	0.1825	6.0	25454.337349891663
55	31.0	0.0	0.19254659	10.674181	8.646682	29.476906	-11.32795	2.5521984	0.92558277	4.9185476	1.1951278	24.645964	10.91249	1.5393702	14.121944	-0.63518655	224000	2.9802322e-08	35.370388	0.4948161	-0.043308645	-2.812521	-0.027828202	0.5147234	0.013404465	0.14375001	16.0	25955.26110100746
56	42.0	0.0	0.2576687	8.315544	9.209842	26.072596	-11.675149	2.7753856	0.9480738	6.1549525	0.93132097	24.478527	10.004072	1.0525672	12.151659	1.145339	228000	-7.0780516e-08	40.05026	0.49799645	-0.08175066	-3.764906	-0.026382118	0.5334668	0.014467749	0.13925001	10.0	26472.05340075493
57	42.0	0.0	0.24852072	9.666086	8.940573	26.350533	-10.030404	2.5682218	0.9668118	4.995775	0.66762644	23.597633	8.976408	2.0819361	12.812661	0.7912347	232000	-5.9604645e-08	34.785606	0.5063178	-0.09298411	-0.9778271	-0.016367257	0.47560745	0.018380249	0.16175	5.0	26962.87755036354
58	45.0	0.0	0.2542373	12.3620615	9.8805065	28.312822	-11.210656	2.6106756	0.9951008	5.189862	0.6675925	22.395481	9.154118	1.929265	12.717668	1.1920958	236000	1.0803342e-07	45.21702	0.5509211	-0.099980876	-4.570982	-0.008832574	0.4300668	0.01590941	0.224	6.0	27424.939757347107
59	52.0	0.0	0.26943004	13.211694	9.537812	27.717169	-8.276738	2.3968623	1.082226	5.093311	0.66657376	20.668394	10.921156	1.1399099	13.751304	3.0129993	240000	-1.4901161e-08	35.475815	0.60318565	-0.0306599	-1.4384518	-0.059641883	0.36436966	0.012888189	0.1765	7.0	27862.523515939713
60	78.0	0.0	0.36619717	11.598242	10.394006	30.1331	-10.682983	2.6119156	1.2069536	5.723735	0.66758585	18.7277	11.3327875	1.6076051	14.811953	0.41890594	244000	9.685755e-08	46.83863	0.8237884	-0.015734099	-1.1110954	-0.06489012	0.29848498	0.014041289	0.137	11.0	28289.652111530304
61	109.0	0.0	0.47186148	8.490483	10.942959	30.006332	-9.6121435	2.7856731	1.343732	6.0800257	0.6662538	17.17316	10.439567	1.9915838	14.581206	0.5193534	248000	4.4703484e-08	56.437256	0.960064	-0.115552336	-5.5323124	-0.056160152	0.2518466	0.017027603	0.13175	22.0	28713.517025709152
62	86.0	0.0	0.40375587	9.736862	10.140088	30.0493	-9.427029	2.7361422	1.2311894	5.60108	0.66648096	18.577465	8.605438	2.5521057	13.420861	-2.2531168	252000	1.4901161e-08	49.67984	0.8400185	-0.04346159	-2.411518	-0.031534493	0.3092253	0.013935856	0.11325	5.0	29146.966913223267
63	65.0	0.0	0.32663316	12.6242	10.1068735	29.87466	-10.665656	2.5822906	1.0710355	5.383901	0.91189784	19.949749	9.860223	1.5105556	13.6455765	-1.4252139	256000	0.0	43.86797	0.607677	-0.0771126	-2.1309032	-0.03196159	0.33496064	0.012456413	0.171	6.0	29584.16534090042
64	48.0	0.0	0.25945947	13.032763	9.626183	28.66048	-10.134793	2.4846504	1.0156102	6.1347475	0.92178375	21.6	11.222633	1.7765788	15.19967	-0.20603994	260000	-3.9115548e-08	41.11254	0.5398569	-0.060748927	-1.0006847	-0.010439575	0.37557042	0.013432771	0.13275	5.0	30028.847737312317
65	44.0	0.0	0.25	12.474875	9.646467	27.903713	-11.070384	2.4993622	1.0803691	7.405548	0.9154751	22.607954	11.125555	1.2346729	14.004055	1.007443	264000	5.9604645e-08	38.85009	0.5417362	-0.051814675	-0.8721504	-0.011935741	0.42038858	0.01723797	0.16475	7.0	30502.688320875168
66	50.0	0.0	0.29411766	9.385384	9.258932	26.163069	-10.189582	2.6706407	1.0489523	7.5204916	0.92286295	23.370588	10.77314	1.5530103	14.487762	2.2680628	268000	-4.4703484e-08	39.103443	0.6012877	-0.09631026	-4.545311	-0.058065504	0.45573762	0.013357585	0.18825	18.0	30992.712056159973
67	42.0	0.0	0.24277456	12.045398	9.854396	28.766195	-11.221403	2.5118945	1.0313396	6.8840604	0.66636556	23.040462	9.189211	2.3001063	13.945779	-0.20237009	272000	-5.9604645e-08	39.506607	0.5203557	-0.059769362	-3.302822	-0.03346987	0.3878821	0.012982136	0.18349999	7.0	31458.533205986023
68	40.0	0.0	0.22222222	14.196349	9.373847	28.613598	-10.202348	2.4160743	0.9330765	4.7844625	0.6678258	22.155556	10.597272	2.3206882	15.107586	-1.0511576	276000	-7.4505806e-08	37.256374	0.420653	-0.049104623	-3.3720627	-0.01846829	0.33980012	0.01356756	0.16499999	8.0	31914.983495235443
69	53.0	0.0	0.27748692	13.421481	10.000586	31.381062	-7.25996	2.4426055	1.0593809	5.200749	0.6676722	20.79581	11.880662	1.6125393	15.400307	1.4646498	280000	-1.4901161e-08	40.63598	0.5554731	-0.1656504	-0.3597088	-0.0107008815	0.2970201	0.017131548	0.1875	23.0	32347.559271097183
70	49.0	0.0	0.26630434	12.94401	9.739349	29.632574	-10.192186	2.4680514	0.9628366	5.031043	0.6670754	21.72826	11.512311	1.6307037	15.401879	1.6192875	284000	-1.1920929e-07	38.872948	0.4501295	-0.06544719	-0.8247509	-0.007052794	0.32846415	0.01615078	0.193	6.0	32798.772612571716
71	31.0	0.0	0.18674698	12.749612	9.324899	29.778622	-11.288779	2.4253998	0.96351	4.448536	0.90852416	23.95783	11.339933	1.8006426	16.095364	0.30258557	288000	-1.4901161e-08	33.13875	0.4372151	-0.017706648	-0.5266094	-0.004731551	0.3702802	0.015701206	0.155	10.0	33269.33055520058
72	40.0	0.0	0.24539877	9.273625	9.676564	27.751925	-10.722777	2.5444558	0.9859345	5.735002	0.66772914	24.23313	10.766076	2.2242322	15.703759	-0.66648287	292000	-6.3329935e-08	39.862362	0.51170063	-0.07806747	-3.315752	-0.027801424	0.39618424	0.0134325605	0.109500006	16.0	33769.18904566765
73	31.0	0.0	0.18235295	13.932179	9.1584215	29.721022	-9.712289	2.367345	0.95097506	5.479976	0.9148206	23.494118	9.6612	2.1810951	14.097564	-0.61205953	296000	-3.7252903e-08	34.627686	0.44786263	-0.08366489	-4.4375553	-0.025889575	0.36655796	0.015029745	0.19425	8.0	34237.86673307419
74	39.0	0.0	0.21666667	13.521528	9.259362	30.086264	-9.071701	2.2495084	0.9044415	5.375613	0.9108058	22.083334	11.343414	2.2392824	16.618366	0.6020109	300000	5.2154064e-08	34.36801	0.38833284	-0.06467183	-1.4603672	-0.025342226	0.31430864	0.014997266	0.167	7.0	34688.3224093914
75	43.0	0.0	0.2263158	15.202504	9.054082	30.06661	-8.58417	2.349962	0.9956151	5.3734	0.66764677	21.010527	11.573052	1.7519993	15.996701	-0.9040998	304000	7.450581e-09	35.043102	0.4973203	-0.02692306	-1.1366501	-0.0343505	0.26778546	0.013173742	0.13949999	12.0	35116.07223010063
76	78.0	0.0	0.37320575	12.531227	10.501465	29.371134	-9.756987	2.5364141	1.0654095	4.7817726	0.66629666	19.066986	12.427883	1.6352733	16.412233	-1.5239319	308000	0.0	50.85199	0.65309453	-0.11869496	-2.7906532	-0.019993901	0.23220372	0.012800971	0.12675	21.0	35542.507850170135
77	55.0	0.0	0.28947368	14.473969	10.018741	31.09034	-6.9029818	2.4981818	1.0507934	4.6714587	0.8686741	20.984211	10.9720545	1.9264055	15.844684	-2.555277	312000	-7.4505806e-08	39.891296	0.51704895	-0.11598484	-2.1811962	-0.042731434	0.26111555	0.014652919	0.1735	7.0	35980.60025072098
78	37.0	0.0	0.21387284	14.303879	9.275465	31.124413	-7.77687	2.4739876	1.0113566	4.8958	0.9112979	22.971098	11.809293	2.5729697	17.893137	-4.7302756	316000	0.0	33.35164	0.47582996	-0.115583815	-0.7504759	-0.009765521	0.3002203	0.018858617	0.1895	6.0	36439.07478570938
79	44.0	0.0	0.25730994	11.587043	10.085882	30.190615	-10.838345	2.4944851	1.0994878	6.7778068	0.6675523	23.210526	12.003244	2.4648201	17.55451	-3.9868128	320000	-8.940697e-08	43.69727	0.5812974	-0.054810762	-4.832247	-0.05403778	0.33414567	0.014784002	0.20425001	7.0	36905.89384508133
80	36.0	0.0	0.2195122	9.89297	9.603579	27.324745	-10.379207	2.4275343	0.9231258	4.580726	0.8965987	24.231707	10.2130785	2.5861285	15.466812	-1.7135557	324000	3.3527613e-08	35.57762	0.4326777	-0.050622284	-1.7660084	-0.019937769	0.37626925	0.012159882	0.1145	22.0	37388.20520758629
81	45.0	0.0	0.26946107	9.403623	9.898343	27.974415	-10.367629	2.665853	1.0475866	5.741549	0.9087659	23.778442	9.615319	2.6430612	14.735117	0.67708325	328000	7.4505806e-08	37.55947	0.5601226	-0.070468605	-2.0471592	-0.045692533	0.36449987	0.012364788	0.11625	14.0	37888.17366361618
82	32.0	0.0	0.19631901	11.364556	8.990461	28.918257	-8.975893	2.390152	0.86568886	4.3605533	0.9454558	24.251534	9.450812	3.0012405	15.052236	0.23422255	332000	-1.1920929e-07	31.604858	0.43159845	-0.057792902	-2.2083244	-0.071727976	0.32050538	0.012275626	0.16575	9.0	38377.87038087845
83	41.0	0.0	0.23428571	13.120784	9.81988	28.65284	-10.096731	2.4541278	1.0324357	4.73918	0.6675446	22.674286	10.765855	2.3607764	15.790974	3.263782	336000	-5.9604645e-08	37.533775	0.52445924	-0.09763354	-0.6524887	-0.022048458	0.2840168	0.016099602	0.16174999	7.0	38848.10076355934
84	45.0	0.0	0.24456522	14.059984	9.935226	29.482565	-9.373282	2.3420875	0.9846382	5.1496744	0.90945846	21.652174	11.11024	2.1233888	15.7443495	2.5818949	340000	2.9802322e-08	39.392765	0.4482286	-0.053493023	-1.8151569	-0.026881129	0.24683326	0.012105759	0.12525	7.0	39303.33411979675
85	37.0	0.0	0.20786516	15.642277	9.27585	29.491175	-8.674081	2.3978207	0.9494488	4.7519393	0.915455	22.292135	11.81155	1.7219799	16.136072	3.8909671	344000	1.4901161e-08	34.755272	0.46470487	-0.022603467	-2.257307	-0.008553326	0.22980195	0.01343084	0.10125	8.0	39744.13976883888
86	57.0	0.0	0.29381442	14.050411	9.822312	31.003868	-9.636346	2.5169384	1.0667545	4.9071503	0.9129889	20.530928	12.734257	1.69779	17.408499	2.467933	348000	0.0	41.678757	0.54684985	-0.17141213	-1.5085869	-0.02903317	0.19941208	0.013796448	0.13625	19.0	40180.99156022072
87	41.0	0.0	0.22527473	14.914857	9.774492	31.30615	-9.531479	2.4347916	0.9876273	5.141413	0.6664996	21.879122	11.783297	1.8026946	15.752551	-1.01447	352000	-7.450581e-09	38.0102	0.44975388	-0.11873712	-1.897749	-0.018753722	0.22947317	0.018554963	0.15924999	6.0	40613.55110621452
88	28.0	0.0	0.16091955	15.561252	8.876843	32.801445	-7.086559	2.2704637	0.91264033	5.025194	0.6676831	22.91954	12.294989	2.6989877	17.839159	-2.4944608	356000	7.450581e-09	31.801746	0.3877835	-0.048476834	-2.088251	-0.02600962	0.25674522	0.015784476	0.13275	6.0	41064.63683462143
89	31.0	0.0	0.18902439	12.868088	9.760391	30.044733	-11.484971	2.4160192	0.9559919	4.4649053	0.6676841	24.195122	12.278568	1.9384753	16.65288	0.10693337	360000	1.4901161e-08	35.59134	0.42621762	-0.06322268	-3.4901981	-0.01190792	0.29185086	0.014804784	0.17625	10.0	41531.90862441063
90	38.0	0.0	0.22619048	11.28358	10.222572	28.974205	-10.953992	2.483466	1.0271056	6.155873	0.90894437	23.785715	11.231705	2.553747	16.402695	-0.40272337	364000	7.264316e-08	41.130974	0.49442196	-0.13482688	-1.8848038	-0.029818386	0.33212826	0.016380545	0.123	17.0	42010.329226493835
91	30.0	0.0	0.17964073	12.9367	9.549011	29.115168	-10.922624	2.2379475	0.92127407	4.452546	0.90938634	23.862276	10.351686	2.7314649	16.049908	0.872676	368000	2.9802322e-08	32.083145	0.40038365	-0.10909435	-0.88096046	-0.030249804	0.28987768	0.016381022	0.1565	6.0	42472.283361673355
92	37.0	0.0	0.20670392	15.110627	9.311976	29.433283	-8.5292015	2.3049915	0.9685884	4.500518	0.90980774	22.234636	11.095774	2.2178085	16.970829	1.0443764	372000	0.0	32.816525	0.40976173	-0.078302175	-1.6952677	-0.024198368	0.25912458	0.013902076	0.14475	7.0	42907.02093362808
93	43.0	0.0	0.23756906	15.138915	9.375979	30.378365	-7.371772	2.4724903	1.0375088	5.6838903	0.6676195	21.939226	11.795215	2.5918486	17.432808	0.82570297	376000	1.8626451e-09	34.48757	0.47114295	-0.063482255	-1.9019814	-0.012278408	0.22834305	0.0146913845	0.12449999	7.0	43348.86759996414
94	68.0	0.0	0.34170854	14.895825	10.057352	30.687582	-8.157308	2.5974572	1.1244316	6.8985324	0.6665938	20.025126	12.461612	2.5265636	17.885246	0.5433949	380000	-2.9802322e-08	44.93103	0.60301924	-0.018952727	-2.1506824	-0.039564073	0.20635292	0.012688357	0.11825	11.0	43780.80513381958
95	76.0	0.0	0.3601896	13.82385	10.175696	31.195507	-8.039339	2.611754	1.1638355	5.3918095	0.667069	18.895735	12.403412	2.4649413	18.294527	-1.5645232	384000	5.9604645e-08	48.06366	0.669194	-0.18752839	-1.9272213	-0.037023306	0.19135304	0.014400568	0.1265	14.0	44206.71836256981
96	59.0	0.0	0.3041237	14.838407	10.213915	31.719835	-8.989092	2.546074	1.0198869	5.420902	0.9105128	20.572165	11.466713	2.4062352	16.673151	-3.6441073	388000	0.0	42.680283	0.5425538	-0.15445623	-1.8883877	-0.022914648	0.2172293	0.018665161	0.1455	5.0	44643.705491542816
97	42.0	0.0	0.22702703	15.838969	9.695527	30.567934	-5.32202	2.401642	0.982343	5.194369	0.927256	21.616217	12.371969	2.456399	17.670599	-2.2360864	392000	-8.195639e-08	38.17871	0.45393807	-0.17988545	-1.1491146	-0.018325895	0.23238856	0.015758669	0.149	5.0	45084.34830856323
98	29.0	0.0	0.16860466	15.208459	8.828245	30.818396	-7.869727	2.2792609	0.94842243	5.0549736	0.87184054	23.040697	12.622474	2.4405665	17.504692	-2.31594	396000	2.9802322e-08	29.43385	0.3885133	-0.08333116	-0.8686609	-0.009389952	0.2577079	0.015533954	0.1455	5.0	45523.17707157135
99	35.0	0.0	0.21084337	12.399374	9.479662	28.790342	-8.090784	2.394751	0.9450442	5.2629104	0.6675903	23.939758	11.886697	2.818762	17.033957	-1.3681072	400000	7.450581e-09	34.947586	0.4037332	-0.04870601	-1.9846554	-0.008407101	0.29119498	0.0135830175	0.1325	5.0	45983.58684372902
100	39.0	0.0	0.23636363	10.397347	9.458991	27.083305	-11.500423	2.5191836	0.9762678	5.7258906	1.156911	24.10909	10.818514	2.7152853	16.482557	0.1270815	404000	8.754432e-08	34.79708	0.46169317	-0.044681568	-2.188489	-0.027307749	0.32340485	0.012376906	0.098749995	6.0	46771.617038965225
101	36.0	0.0	0.2264151	8.894501	9.488415	29.490564	-11.2876425	2.5525997	1.0900193	6.6384563	0.91347396	24.886793	9.966869	2.986107	15.52163	-0.14778374	408000	2.2351742e-08	37.29598	0.5077654	-0.028024316	-2.0110378	-0.028457314	0.34269264	0.012345112	0.120749995	14.0	51752.408460617065
102	49.0	0.0	0.2987805	7.309832	9.769135	29.142132	-10.348109	2.6778085	0.97985363	5.699989	1.1920166	24.237804	9.29164	2.4906247	13.273549	0.70900184	412000	4.4703484e-08	40.025375	0.49364287	-0.13630381	-2.5134335	-0.032090217	0.3811133	0.012159765	0.22099999	18.0	52043.09429001808
103	37.0	0.0	0.22839506	9.457713	9.672496	28.57583	-10.766929	2.5133386	0.95064443	5.0576634	0.9283016	24.518518	8.736725	3.0757902	13.328608	-1.5318912	416000	4.8428774e-08	33.62486	0.40146726	-0.10269125	-1.4926443	-0.023451596	0.32410944	0.014198152	0.1645	6.0	52330.44443821907
104	35.0	0.0	0.21212122	11.193197	9.953455	28.813026	-10.536618	2.4285686	1.044134	6.6593504	0.9225121	24.066668	9.639946	2.7626836	15.094669	0.7834671	420000	4.284084e-08	37.147648	0.4900136	-0.096986204	-1.4822121	-0.010631159	0.2865187	0.012313831	0.13875	5.0	52601.37377643585
105	24.0	0.0	0.14545454	14.855892	9.453527	30.05705	-9.499115	2.210429	0.91234124	4.6237364	0.6668026	24.036364	10.415035	1.952155	14.837947	2.5616307	424000	-5.9604645e-08	35.916237	0.3849265	-0.08416207	-4.7616224	-0.034265652	0.24722075	0.012145633	0.120749995	5.0	52862.435435295105
106	39.0	0.0	0.21910113	14.850977	10.32521	31.618254	-11.763415	2.3671732	1.0957506	6.6566415	0.9090435	22.213484	12.274621	2.140818	17.232544	4.19641	428000	-3.7252903e-09	41.04653	0.51581705	-0.061257806	-1.3045425	-0.028703526	0.22997916	0.012647202	0.10525	5.0	53116.57435774803
107	30.0	0.0	0.1724138	15.272029	9.389808	31.994345	-8.708219	2.2702363	0.9053291	4.727106	0.6669969	22.873564	11.968624	2.333652	17.058268	0.37271106	432000	-3.7252903e-08	32.722664	0.39389062	-0.052366443	-0.9458933	-0.021418735	0.20120575	0.013548266	0.10725	7.0	53368.698177576065
108	54.0	0.0	0.2827225	14.151812	9.936498	30.501553	-10.656511	2.4057662	1.0365926	6.5196943	0.9097726	20.863874	12.569319	2.165907	17.049244	2.7218025	436000	5.5879354e-08	41.14216	0.5485088	-0.058636878	-2.0126896	-0.030543894	0.19425052	0.013617307	0.11525001	12.0	53614.744546175
109	67.0	0.0	0.33004925	14.937628	10.420702	31.363142	-7.431506	2.5668337	1.0526079	5.3804283	0.9087167	19.522167	12.06066	2.076194	17.248411	-0.459205	440000	-7.4505806e-08	46.96921	0.58226687	-0.08746916	-1.5690956	-0.069355786	0.17197949	0.014688899	0.114	12.0	53855.74716615677
110	100.0	0.0	0.4587156	11.930125	10.223627	30.5546	-5.8979297	2.7848108	1.1537462	5.713311	0.6668485	18.252293	12.082018	2.366316	17.569183	-1.6810098	444000	-3.7252903e-08	53.028286	0.73670864	-0.21692857	-5.076969	-0.05977741	0.16672406	0.014255227	0.107999995	19.0	54099.81054162979
111	61.0	0.0	0.30653265	15.561171	10.680895	31.373533	-10.585709	2.5234835	0.9721102	4.696999	0.66643304	19.874372	10.935814	2.4345825	16.463491	-3.7926667	448000	-5.9604645e-08	48.93519	0.47066134	-0.1820439	-6.272852	-0.044860423	0.17995872	0.015599834	0.12225	5.0	54339.920734643936
112	51.0	0.0	0.27272728	15.524552	9.741132	32.19522	-6.2916336	2.4610832	1.0034778	5.2626944	0.90855664	21.28877	12.770382	2.726164	19.082136	-5.6518764	452000	7.4505806e-08	36.78869	0.48730877	-0.19930753	-0.9258423	-0.012104481	0.2091682	0.018100837	0.14075	5.0	54589.21551132202
113	45.0	0.0	0.24324325	14.875603	10.387509	28.611692	-10.07946	2.3456955	1.0242014	6.240859	0.89647603	21.551352	12.44657	3.0069654	18.20825	-5.182257	456000	3.7252903e-08	35.796013	0.45239112	-0.12006993	-1.4394932	-0.018293872	0.2463745	0.018972678	0.164	5.0	54837.38471031189
114	28.0	0.0	0.16666667	14.520122	9.393193	29.094627	-9.325657	2.2629755	0.94936216	4.9241114	0.6665525	23.666666	12.192349	3.4353368	18.41398	-5.5936847	460000	2.9802322e-08	35.933765	0.42412072	-0.039724946	-3.0057335	-0.033675462	0.27105373	0.01513912	0.1505	6.0	55098.393078804016
115	26.0	0.0	0.15853658	13.285493	9.097598	29.076223	-9.254422	2.3781068	0.9303515	5.966515	0.9270229	24.280487	11.6408415	2.33462	17.03228	-3.863039	464000	-1.4901161e-08	30.257881	0.3839426	-0.011269942	-0.95742035	-0.013523191	0.29960963	0.014088627	0.0995	9.0	55362.72809743881
116	43.0	0.0	0.25443786	10.06815	10.290173	29.532612	-11.158802	2.5298429	1.0495976	5.89251	0.91124433	23.579882	11.293817	2.3091538	16.400835	1.4591353	468000	5.9604645e-08	44.212563	0.49630928	-0.14092223	-5.3175144	-0.044376835	0.3218182	0.012699877	0.1645	18.0	55634.63243556023
117	27.0	0.0	0.16463415	12.50584	9.085586	28.801647	-10.694289	2.327023	0.8943954	5.0545607	0.90930855	24.341463	9.811388	2.7822158	15.56973	0.18172368	472000	-1.09896064e-07	31.270515	0.35936978	-0.10057482	-2.119008	-0.02339746	0.2848401	0.01411294	0.14	6.0	55900.83139681816
118	29.0	0.0	0.16959064	15.096246	9.032873	30.91705	-8.2136965	2.317346	1.0067676	6.992264	0.9137924	23.222221	11.067117	2.025951	16.697136	-0.025090609	476000	2.9802322e-08	31.55082	0.43283743	-0.13715401	-2.159092	-0.019557387	0.2566483	0.016048055	0.13525	7.0	56157.13599348068
119	39.0	0.0	0.20967741	16.208809	9.729208	30.280182	-6.6159773	2.194187	0.98181623	4.3937893	0.66739476	21.494623	12.23719	2.1059442	16.583525	-0.74270177	480000	-8.940697e-08	34.031677	0.42420566	-0.07654166	-1.9654007	-0.046666816	0.22269827	0.012370932	0.11225	7.0	56399.50495553017
120	61.0	0.0	0.3112245	15.258314	10.007178	33.00986	-9.688938	2.5145528	1.0688488	6.0688376	0.66768587	20.367348	12.738494	2.6118917	19.16887	-2.756615	484000	2.30968e-07	37.53443	0.53617555	-0.013621528	-2.2689114	-0.061714977	0.20927286	0.01378505	0.1145	14.0	56640.55405950546
121	70.0	0.0	0.34146342	14.997961	9.903446	30.982353	-4.9943175	2.5571012	1.0591838	5.403179	0.66621697	19.409756	12.138414	3.2282715	18.921852	-5.753492	488000	1.4901161e-08	40.44764	0.5335757	-0.15274665	-1.564928	-0.02409783	0.18191412	0.012264877	0.1045	24.0	56879.15890312195
122	45.0	0.0	0.2393617	16.963028	9.461531	30.312422	-4.829651	2.4401538	1.0321549	5.956691	0.66684955	21.25	12.537942	3.0168982	20.11607	-6.798073	492000	2.9802322e-08	33.95774	0.44872692	-0.17622712	-1.7788029	-0.024409115	0.18625095	0.013879542	0.117	7.0	57116.064940452576
123	47.0	0.0	0.26256984	15.104416	9.850561	31.262367	-7.4747677	2.4757366	1.0235293	6.466208	0.6678657	22.167597	12.940386	3.386667	19.834805	-3.595929	496000	-5.7742e-08	34.06048	0.4217728	-0.11485994	-2.754509	-0.008988142	0.21252114	0.013060603	0.116500005	5.0	57362.07937049866
124	26.0	0.0	0.15116279	15.538943	8.619	28.022274	-5.8681335	2.2454588	1.0047455	5.094528	0.6670335	23.14535	12.231556	3.3541315	19.928303	-5.264649	500000	1.4901161e-08	27.518524	0.41169542	-0.09497012	-3.0425892	-0.040484056	0.23268402	0.013622525	0.1315	6.0	57612.64635515213
