Epoch	penalty	Crash_ratio	alpha	entropy	critic1	critic2	cost	LossPi	alpha_loss	critic1_loss	critic2_loss	cost_loss	sigma	AverageEpRet	StdEpRet	MaxEpRet	MinEpRet	AverageEpCost	StdEpCost	MaxEpCost	MinEpCost	EpLen	Buffer_size	TotalEnvInteracts	Time
1	1.0582995	0.46022728	0.94937974	1.2818345	0.9836232	0.99050826	0.34888583	-1.8503809	-0.27710396	2.7019496	2.6994042	0.19984809	0.100005016	5.7007565	8.353669	20.735153	-9.24384	4.012477	1.432673	9.189041	1.1630318	18.642046	5998	4000.0	277.73870396614075
2	1.1587503	0.34736842	0.85722923	1.2475017	1.1504468	1.150933	0.36516467	-1.8742212	-0.76939553	2.7263384	2.7237468	0.15372996	0.105005264	7.5418854	23.796556	23.915052	-300.97018	3.7439456	1.2894847	7.846552	0.30632314	24.610527	6998	8000.0	532.1125779151917
3	1.2594302	0.26530612	0.7829973	1.0870532	1.1702574	1.1699605	0.3704591	-1.7095624	-1.0917981	2.9758883	2.9732003	0.14036262	0.110255525	11.326965	7.4601045	22.7674	-5.5053406	3.462396	1.2792083	6.5429	0.9222897	20.408163	7998	12000.0	785.4487361907959
4	1.3610902	0.2820513	0.71222967	1.054669	1.3139389	1.3129797	0.37826362	-1.7860483	-1.5561335	3.0657964	3.0639474	0.1283735	0.11576826	11.812212	7.9175715	27.165613	-4.46594	3.4608634	1.3434947	7.137118	0.9225637	20.379488	8998	16000.0	1035.3765528202057
5	1.4625925	0.20812182	0.6478421	0.9530071	1.4322375	1.4318916	0.3857582	-1.7959024	-1.8837754	3.1310108	3.1304617	0.11586671	0.12155673	13.485342	7.1077204	24.96088	-4.027193	3.131795	1.3659745	7.677966	0.9166577	20.426395	9998	20000.0	1277.6054637432098
6	1.5645869	0.22680412	0.58744025	0.9220157	1.6115425	1.6116419	0.39689723	-1.9415928	-2.4228828	3.1648734	3.165533	0.10302805	0.12763457	14.152754	7.230597	24.383585	-2.0819488	3.1417515	1.2811567	6.300568	0.91995203	20.690722	10998	24000.0	1518.8035283088684
7	1.6665496	0.24352331	0.5318352	0.8467623	1.7606076	1.7610127	0.40939215	-2.011225	-2.935392	3.098544	3.0998518	0.09397103	0.13401628	14.459088	7.105796	28.144537	-0.874812	3.087912	1.3234371	7.211514	0.9267133	20.68912	11998	28000.0	1759.232178926468
8	1.7680681	0.21465969	0.48376215	0.71624875	1.8797514	1.8797354	0.41331935	-1.9638572	-3.0092359	3.0427027	3.0443678	0.086976334	0.14071707	15.563175	7.3421016	25.698936	-1.997312	2.991456	1.338657	6.9441314	0.91679597	20.916231	13000	32000.0	1997.9843890666962
9	1.8693043	0.24615385	0.4401753	0.6440462	2.0432208	2.043152	0.42476654	-2.0390596	-3.3958745	2.9685898	2.9730625	0.07969214	0.14775296	15.642827	7.727069	28.219969	-3.0371957	3.030077	1.2594578	6.101794	0.907741	20.579487	13998	36000.0	2241.5684747695923
10	1.9702435	0.2263158	0.40157863	0.55887926	2.2069006	2.2067149	0.43479005	-2.0541983	-3.4556313	2.8678772	2.8739438	0.07465593	0.15514056	16.318241	7.443906	27.524063	-0.3657511	2.9576838	1.2670957	5.7367353	0.909274	20.852633	14998	40000.0	2482.0957214832306
11	2.072002	0.19791667	0.36524838	0.49197963	2.3961885	2.396065	0.4463335	-2.1609788	-3.849607	2.7668858	2.7741342	0.07114214	0.16289762	17.03919	7.3798914	26.917116	-1.0205271	2.7910373	1.2802861	6.2174664	0.92655736	20.958334	15998	44000.0	2717.2451610565186
12	2.1741068	0.21578947	0.33134535	0.42456484	2.6243076	2.6242993	0.46339107	-2.3672252	-4.228702	2.666435	2.6759663	0.06710727	0.17104249	17.633047	7.2494936	28.504995	-0.017527457	2.8609266	1.2780371	6.32037	0.90996265	21.010527	16998	48000.0	2945.8751063346863
13	2.2765756	0.17837837	0.2998889	0.38620463	2.8238492	2.8241317	0.4773541	-2.4629219	-4.7406273	2.5728872	2.5844138	0.06465455	0.17959465	18.181662	6.673541	27.889042	-2.7684932	2.848601	1.2369714	6.5894785	0.9252676	21.562162	17998	52000.0	3175.000060558319
14	2.3781035	0.13978495	0.2720731	0.33905232	3.0267558	3.0271235	0.48444933	-2.547684	-4.898844	2.460932	2.4756787	0.06179172	0.18857437	19.098265	6.366947	28.602242	1.0588171	2.6270487	1.0835646	5.6369896	0.93032175	21.57527	18998	56000.0	3405.8158671855927
15	2.4793134	0.10989011	0.24691783	0.29991534	3.2545786	3.2545474	0.49753484	-2.6762557	-5.3130426	2.3867314	2.4037998	0.06025438	0.19800308	19.678602	5.832075	30.470266	1.5586658	2.4708784	1.0523578	6.550773	0.9087452	21.961538	19998	60000.0	3637.0164954662323
16	2.5797162	0.18421052	0.2245279	0.25608987	3.4347012	3.434232	0.49998027	-2.737596	-5.2748566	2.2698176	2.292401	0.056942128	0.20790324	18.950926	6.8824954	31.148052	2.2805846	2.6173644	1.2319365	5.909959	0.9079082	21.094736	20998	64000.0	3864.18980383873
17	2.6803555	0.17989418	0.20441134	0.21824102	3.6596088	3.6602762	0.5113261	-2.8454683	-5.63458	2.2212563	2.2467933	0.0557392	0.21829838	18.956621	7.30522	30.445215	-1.005084	2.5933747	1.2149494	5.9043527	0.90966886	21.174603	21999	68000.0	4090.8520905971527
18	2.7820673	0.14814815	0.18469673	0.20160358	3.9305508	3.9303389	0.527891	-3.1391373	-6.3827214	2.186188	2.2172203	0.0557951	0.22921327	19.806284	6.752252	30.458864	1.8149496	2.5308516	1.103937	5.749519	0.91168886	21.222221	22998	72000.0	4317.30929851532
19	2.882438	0.15135135	0.16781141	0.17905787	4.0185704	4.0188594	0.5268085	-2.9750688	-6.172206	2.0556011	2.0890353	0.053889092	0.2406739	19.922678	6.807789	29.689226	2.169712	2.622919	1.1368995	5.4011784	0.9099717	21.52973	23998	76000.0	4545.1693460941315
20	2.9830515	0.19895288	0.15219744	0.15979706	4.3042655	4.3044705	0.538355	-3.2497568	-6.799953	2.055021	2.0953095	0.05265143	0.2527077	19.69483	7.5767975	29.948566	1.5483949	2.604368	1.255586	5.8106074	0.6636442	21.146597	25000	80000.0	4774.266729354858
21	3.083935	0.19473684	0.13775738	0.14657208	4.4626026	4.4628367	0.5447609	-3.263589	-7.1245136	1.9845028	2.0277824	0.05209398	0.26534307	19.406792	7.637552	29.221792	2.0021021	2.4808898	1.2052393	5.5925026	0.9069939	20.905264	25998	84000.0	4995.735145807266
22	3.1841798	0.171123	0.12513807	0.13479498	4.687109	4.6862884	0.5516841	-3.39541	-7.399438	1.963322	2.0119412	0.05088646	0.27861014	20.019014	7.2879877	30.942522	2.2599914	2.5047624	1.2128651	6.352121	0.66561395	21.385027	26998	88000.0	5220.052308797836
23	3.2845795	0.10326087	0.11358197	0.12355754	4.855626	4.85534	0.55812335	-3.420659	-7.554044	1.9054221	1.9544424	0.0497441	0.29254067	21.111414	6.4341187	30.524696	1.8877692	2.349958	0.9943687	5.8349104	0.9077481	21.782608	27998	92000.0	5442.003434419632
24	3.3846686	0.15	0.10299907	0.112385556	5.0884714	5.088962	0.56143236	-3.6408653	-8.154162	1.8894286	1.9428037	0.04941487	0.3071677	20.529676	6.964686	31.676928	2.2273498	2.4573765	1.1590127	6.6650453	0.9083919	22.094444	28998	96000.0	5665.132802248001
25	3.4848065	0.13513513	0.09332103	0.10426761	5.328151	5.3287396	0.5686674	-3.8109248	-8.429056	1.8948035	1.9498099	0.049318694	0.32252607	21.026083	6.973375	30.890255	2.1926181	2.412817	1.0803534	5.387611	0.91450083	21.621622	29998	100000.0	5889.578607559204
26	3.584838	0.14594595	0.08461609	0.10071465	5.485487	5.4856586	0.5720135	-3.8135293	-8.769165	1.8473108	1.901314	0.04776494	0.3386524	21.509266	7.0237465	31.825645	2.3740628	2.531385	1.1615051	6.61064	0.9094859	21.81081	31000	104000.0	6116.224541902542
27	3.6848495	0.13114753	0.07680174	0.0927452	5.65002	5.6492686	0.5776697	-3.8395562	-8.90038	1.8104523	1.8621032	0.04776235	0.35558507	20.781311	7.020873	30.283743	0.4203753	2.4742153	1.0719129	6.0215178	0.90963626	21.704918	31998	108000.0	6348.124423265457
28	3.7850218	0.12222222	0.06969223	0.08906936	5.8253818	5.8249397	0.58397263	-3.9131794	-9.363535	1.769758	1.8229624	0.047150392	0.3733644	21.067562	6.8809	31.848955	0.012739172	2.405688	1.1181211	5.5307355	0.93043697	22.288889	32998	112000.0	6571.868170976639
29	3.884839	0.16129032	0.06296504	0.090307586	6.1244054	6.1250176	0.58547443	-4.2998896	-10.13013	1.8272536	1.8789696	0.047335647	0.39203253	20.884129	7.4780664	32.106983	2.8855948	2.4491274	1.1422725	5.513296	0.90870976	21.548388	33998	116000.0	6796.170977115631
30	3.9848042	0.13736264	0.057213593	0.08472326	6.1884794	6.189026	0.59174144	-4.068922	-9.900258	1.7591649	1.8084953	0.04681211	0.4116341	20.745914	6.98704	33.400887	2.1393137	2.4250135	1.004306	5.5105844	0.90826684	21.807692	34998	120000.0	7019.930868864059
31	4.0846624	0.10497238	0.052011754	0.08223894	6.2984757	6.299174	0.59384364	-3.9819925	-9.704711	1.6950257	1.7436644	0.04550007	0.43221584	21.672228	6.3246565	32.126347	-0.091362685	2.379622	1.0615216	5.884996	0.9024583	22.099447	35998	124000.0	7250.038040876389
32	4.1842504	0.12568305	0.04707322	0.08447279	6.672967	6.6722946	0.5948539	-4.5447674	-11.10515	1.8538455	1.9017874	0.04629598	0.45382667	21.54876	6.890936	30.53215	2.2918694	2.380464	1.0890719	5.5509686	0.66458803	21.93989	36998	128000.0	7482.286821126938
33	4.2838693	0.093406595	0.04274212	0.07929026	6.7360773	6.73607	0.59699357	-4.3650136	-10.579767	1.7516663	1.7942976	0.045397706	0.47651803	21.423508	6.26683	29.921356	1.3820552	2.2614625	1.0385954	5.4565463	0.66445196	21.906593	37998	132000.0	7710.333122968674
34	4.3832383	0.044692736	0.038788263	0.07790231	6.8958144	6.896613	0.5984296	-4.400674	-11.065983	1.7221398	1.7643265	0.045462783	0.5003439	22.316938	5.2318754	31.054369	1.2806708	2.172563	0.97129446	6.1371217	0.66500866	22.418995	38998	136000.0	7938.467003107071
35	4.482476	0.05586592	0.03510206	0.07803251	7.1657324	7.1663585	0.59685546	-4.7206483	-11.648899	1.8571328	1.8993115	0.04616981	0.525361	22.194279	5.680313	32.0925	2.1550128	2.1315904	0.9806267	5.471421	0.6655004	22.357542	39998	140000.0	8166.926398277283
36	4.581458	0.056497175	0.03178299	0.080278456	7.3906565	7.3897324	0.5952577	-4.945002	-12.346502	1.7986028	1.8404942	0.04532118	0.551629	22.35917	5.461639	31.817057	1.9617144	2.1285903	0.88973135	5.00484	0.9092402	22.497175	40998	144000.0	8392.012755393982
37	4.680494	0.050847456	0.028830322	0.07930642	7.437079	7.436889	0.59711057	-4.7204666	-12.160463	1.7749227	1.8139992	0.044373427	0.5792106	22.446674	5.0815	31.020023	4.102441	2.0729928	0.8392356	4.7853785	0.9093008	22.632769	41999	148000.0	8618.044310569763
38	4.779842	0.0989011	0.026200878	0.0795036	7.5287247	7.5290947	0.59659106	-4.6565523	-12.034261	1.6839558	1.7186465	0.04405751	0.6081713	21.296665	6.4486966	31.603277	0.28451824	2.2012122	0.9823843	4.8582	0.90946686	21.857143	42998	152000.0	8850.517485380173
39	4.878669	0.061797753	0.023745155	0.07989488	7.776451	7.7771754	0.59288085	-4.958494	-13.011463	1.8064207	1.8473163	0.04490743	0.6385797	21.731739	5.4980364	31.285913	1.3357117	2.2016394	0.92545515	5.206084	0.6655741	22.617977	43998	156000.0	9085.86044883728
40	4.977435	0.04494382	0.021529123	0.082132444	8.060951	8.061815	0.5876217	-5.341749	-13.659625	1.9613093	1.9982003	0.044703834	0.67050856	21.492327	5.161195	30.446413	3.3093684	2.1676664	0.85443443	5.021172	0.66439575	22.561798	44998	160000.0	9320.80324268341
41	5.075994	0.051136363	0.019465035	0.083439104	8.1848135	8.185225	0.5868269	-5.3538175	-13.923983	1.9658357	2.0041895	0.04478904	0.70403403	21.92034	5.264852	30.205376	-1.0173202	2.125497	0.84805775	5.44687	0.87984973	22.602272	45998	164000.0	9549.175100803375
42	5.174841	0.050561797	0.017678117	0.08328706	8.243194	8.243454	0.5855959	-5.189339	-13.660877	1.8045874	1.8352324	0.043862417	0.7392357	21.769934	5.4451222	29.18467	2.7343013	2.0744717	0.769036	4.812048	0.9098461	22.60674	46998	168000.0	9778.700325489044
43	5.273337	0.034285713	0.016029824	0.08145706	8.434278	8.434531	0.57921165	-5.3978634	-14.080276	1.9254477	1.9604824	0.044589665	0.7761974	22.219936	4.956115	31.177813	-0.09827598	2.0179381	0.8425608	6.761497	0.6650326	22.702858	47998	172000.0	10005.672431468964
44	5.3716483	0.028735632	0.0145303495	0.08485338	8.617355	8.617795	0.5754914	-5.5758624	-14.850049	1.9398749	1.9718297	0.044305548	0.8150073	22.59352	4.832789	30.8467	3.3192968	2.0036716	0.78146476	4.837223	0.6955577	22.97701	48998	176000.0	10237.231087207794
45	5.4699883	0.045454547	0.01317301	0.08708927	8.781807	8.78124	0.5694521	-5.690609	-15.4235935	2.0038424	2.0344567	0.044054423	0.85575765	21.732332	5.367909	31.57618	1.5786824	2.1029603	0.77748895	4.557779	0.66535926	22.829546	49998	180000.0	10468.784519195557
46	5.56835	0.028248588	0.011929773	0.08804659	8.927556	8.92768	0.56739527	-5.78217	-15.779019	2.0278652	2.0576587	0.044289935	0.8985457	21.975735	4.8177342	29.729546	1.4809535	1.9311589	0.8117537	5.4158196	0.8982315	22.61582	50998	184000.0	10697.744698047638
47	5.6669354	0.039772727	0.010843632	0.08252529	9.009826	9.00941	0.5644532	-5.7389765	-15.190681	1.9169841	1.9490523	0.043625467	0.94347316	22.193377	4.643666	31.616018	4.094675	1.9761536	0.77626413	5.9818587	0.9080584	22.75	51998	188000.0	10926.78003692627
48	5.7649703	0.017142856	0.009838384	0.083298475	9.241095	9.242627	0.5549054	-6.0412974	-15.984051	1.9750706	2.0041692	0.044109534	0.99064654	22.124952	4.4818406	30.823837	3.0521913	1.9192585	0.6255548	3.9302137	0.66510355	22.828571	52998	192000.0	11152.529620885849
49	5.8628297	0.022857143	0.008928794	0.08072147	9.397953	9.397092	0.5482814	-6.133582	-15.837051	2.0811853	2.113232	0.044313755	1.040179	21.25833	4.7333465	30.134779	0.8244638	1.9631174	0.7327031	5.3629823	0.909193	22.714285	53998	196000.0	11378.969076871872
50	5.960876	0.011299435	0.008076713	0.08362654	9.582149	9.582268	0.54609114	-6.3736024	-17.39	2.1894376	2.2165694	0.04434136	1.092188	21.524282	4.4258065	30.521152	1.5406909	1.9156529	0.69523704	4.185954	0.6657154	22.61017	54998	200000.0	11606.800488471985
51	6.058622	0.0057142857	0.007306794	0.08278465	9.821973	9.821726	0.53249943	-6.6964464	-17.993929	2.307327	2.3347576	0.043797567	1.1467974	21.958666	4.360345	32.53742	0.5669956	1.8017077	0.5722784	4.185138	0.6653073	23.022858	55998	204000.0	11844.897124052048
52	6.1561294	0.017441861	0.006623875	0.0809852	9.939358	9.93881	0.5278391	-6.7312393	-17.965921	2.3055902	2.3329952	0.043615837	1.2041372	21.887733	4.4758654	31.388565	1.4484978	1.9438794	0.7054302	5.177717	0.9046526	23.052326	56998	208000.0	12082.714393377304
53	6.2542734	0.022727273	0.006023367	0.08009397	9.867612	9.867739	0.527704	-6.368921	-17.151777	2.0397258	2.0718892	0.042729836	1.2643437	21.35681	4.503052	31.267595	3.7996933	1.8995986	0.6211165	5.00639	0.90905863	22.892046	57998	212000.0	12313.805732488632
54	6.3523498	0.0	0.005472309	0.08497166	10.060903	10.061657	0.5157761	-6.6716824	-18.285446	2.1214907	2.15265	0.042278618	1.3275613	21.577988	4.0178275	31.834295	10.362588	1.7955314	0.59869385	4.5003037	0.9077118	22.965517	58998	216000.0	12540.435677289963
55	6.449359	0.017045455	0.004940953	0.08134311	10.4572525	10.456679	0.50713456	-7.335043	-19.811602	2.4845161	2.5135148	0.043326534	1.3939393	21.441204	4.4318776	30.941153	3.064023	1.8205256	0.67070323	4.471765	0.89341587	22.698864	59998	220000.0	12766.852425575256
56	6.5468845	0.0	0.004481383	0.07927977	10.596366	10.596689	0.49642998	-7.4674044	-20.042843	2.4442484	2.4756632	0.04282933	1.4636365	21.682705	3.9638565	29.463018	10.701723	1.8175666	0.6332209	4.835659	0.66441005	22.734463	60998	224000.0	12996.406621217728
57	6.643754	0.0057142857	0.0040579285	0.07903571	10.683217	10.684145	0.49057662	-7.491999	-19.851398	2.4398677	2.4744523	0.04216292	1.5368181	21.701931	4.1139364	30.739073	4.63601	1.832854	0.6197498	5.269195	0.9088795	22.92	61999	228000.0	13223.756073951721
58	6.7416825	0.011363637	0.0036891995	0.07691182	10.635748	10.63676	0.48693696	-7.1783457	-19.20406	2.2556083	2.280356	0.04168713	1.6136594	21.253408	4.1784225	29.957586	0.48457462	1.8402995	0.6208021	4.4605937	0.8936288	22.664772	62998	232000.0	13463.758533716202
59	6.839507	0.022988506	0.0033553122	0.07377533	10.643002	10.642636	0.4835529	-7.038975	-18.939842	2.0648339	2.0959556	0.040618394	1.6943423	21.349564	4.4551	29.363577	1.7727072	1.8728648	0.69797885	4.611006	0.89288855	23.04023	63998	236000.0	13703.904205322266
60	6.937074	0.01734104	0.0030412765	0.07315548	11.015244	11.015755	0.47121644	-7.7306595	-20.564863	2.3509526	2.3785908	0.040688127	1.7790593	21.55224	4.390905	30.536167	1.9361763	1.8342507	0.72245437	4.6287775	0.665243	22.913296	64998	240000.0	13938.587090969086
61	7.0338116	0.017142856	0.0027525814	0.07179361	11.151604	11.1511755	0.46124884	-7.8733535	-21.204117	2.50227	2.531487	0.040836416	1.8680118	21.235003	4.4743943	29.695372	3.0552278	1.8433175	0.6586026	4.294893	0.66506594	22.931429	65998	244000.0	14171.391763687134
62	7.1310697	0.011428571	0.0024957976	0.07044227	11.246374	11.24612	0.4568655	-7.912332	-21.555496	2.5084965	2.5373447	0.040306073	1.9614128	21.151564	4.6553245	30.670734	0.8272175	1.8197862	0.70129156	4.9030223	0.6474624	22.788572	66998	248000.0	14403.64206647873
63	7.2289267	0.023121387	0.0022666797	0.069595374	11.0693245	11.06927	0.4559724	-7.359096	-19.912048	2.031335	2.06046	0.03922191	2.0594828	21.241669	4.8315034	31.457956	0.50715667	1.8666272	0.69027615	4.468652	0.9083802	23.109827	67998	252000.0	14641.288798570633
64	7.326377	0.028409092	0.002059543	0.06816305	11.40153	11.403553	0.44311923	-7.9685555	-21.611242	2.3710816	2.4008384	0.039423827	2.1624575	20.5615	4.836161	29.064093	-3.8596842	1.934038	0.8626146	5.643205	0.6616866	22.738636	68998	256000.0	14883.183797121048
65	7.4233904	0.017142856	0.001862132	0.067456424	11.56783	11.56692	0.43755788	-8.198154	-22.741802	2.5635903	2.5896904	0.0396735	2.27058	21.221024	4.8529253	30.572762	-2.2702532	1.8877867	0.7279431	4.0266814	0.8936703	22.874287	69998	260000.0	15132.849254369736
66	7.5209794	0.01724138	0.0016888788	0.066617996	11.542086	11.54152	0.43324766	-7.9831057	-21.971657	2.3666916	2.3955357	0.0390038	2.384109	21.062454	5.083103	30.379894	-8.905775	1.8789799	0.7205258	4.5080166	0.92304176	23.01724	70998	264000.0	15370.075311660767
67	7.618289	0.0057142857	0.0015328443	0.06391265	11.733352	11.734331	0.4258633	-8.247833	-21.959349	2.413618	2.446099	0.03859678	2.5033145	21.61856	4.3306017	32.00852	1.4083893	1.839306	0.6575604	4.3191943	0.90926254	22.805714	71998	268000.0	15604.553090572357
68	7.7161756	0.011494253	0.001393133	0.06437581	11.836113	11.836899	0.4238531	-8.297295	-22.29058	2.455631	2.4854715	0.038606796	2.6284804	22.088615	4.4387445	31.10054	-2.3833961	1.8754388	0.7973563	5.8138266	0.9084202	22.948277	72998	272000.0	15843.236236810684
69	7.813517	0.0056179776	0.0012597415	0.06511911	12.027074	12.02678	0.4161315	-8.61503	-23.968071	2.5670788	2.5945406	0.037682593	2.7599041	21.820005	4.10757	31.207857	3.4167473	1.6808528	0.5755472	4.5774503	0.6474821	22.41573	73998	276000.0	16068.678003787994
70	7.9108505	0.0056497175	0.0011409892	0.06447977	12.280987	12.281569	0.40667185	-9.026056	-25.176264	2.709694	2.7425797	0.037670415	2.8978996	21.66823	4.102712	31.094875	1.720586	1.7968708	0.6906563	5.069398	0.90842474	22.836159	74998	280000.0	16300.012620449066
71	8.00803	0.022988506	0.001031919	0.06279691	12.332371	12.334038	0.40592375	-8.90842	-24.501478	2.6445248	2.6683536	0.03758102	3.0427945	21.359924	4.7642765	29.6976	-3.8983212	1.8452733	0.74205357	5.1172514	0.9091411	22.844828	75998	284000.0	16545.361229896545
72	8.105562	0.016949153	0.0009363904	0.06308398	12.483752	12.484548	0.39834082	-9.154077	-25.720274	2.6945798	2.7182949	0.036799755	3.1949344	21.08225	4.5563135	31.639832	1.89377	1.8505484	0.7384398	6.2478223	0.8931119	22.683617	76998	288000.0	16791.09176850319
73	8.203404	0.017142856	0.0008524909	0.060578544	12.229461	12.229216	0.3980615	-8.453892	-23.226637	2.2751493	2.2961442	0.03575609	3.3546817	21.672787	4.3021417	30.16828	6.0644693	1.7825799	0.7026544	5.598051	0.90919006	22.742857	77998	292000.0	17028.398335933685
74	8.300793	0.011363637	0.0007735318	0.060989898	12.667465	12.667478	0.38864437	-9.25138	-26.0565	2.7362428	2.7679992	0.036071967	3.5224156	21.48973	4.037671	28.5707	-2.3554413	1.872131	0.715042	4.2136793	0.6636547	22.852272	78998	296000.0	17264.5369784832
75	8.398304	0.011560693	0.00070155645	0.060107775	12.488289	12.487878	0.38724217	-8.742284	-24.404537	2.2901475	2.316054	0.035098586	3.6985369	21.566664	4.462139	29.297207	-2.3987787	1.9226406	0.79605675	6.3986793	0.90896124	23.121387	79998	300000.0	17499.400322914124
76	8.495825	0.0	0.00063603243	0.060678624	12.722012	12.721272	0.38211945	-9.10858	-26.025053	2.524819	2.55298	0.035048414	3.8834634	21.578398	4.227165	30.125448	10.090088	1.7793593	0.6426689	5.0638514	0.6433609	22.666666	80998	304000.0	17730.3304002285
77	8.593498	0.0057142857	0.00057715294	0.060043823	12.752238	12.752111	0.37955835	-8.999944	-25.615797	2.4422882	2.4696264	0.0346738	4.0776353	21.568607	4.045995	29.474787	-0.19832994	1.7343237	0.57784736	3.9634736	0.9090384	22.765715	82000	308000.0	17958.363027334213
78	8.691358	0.0	0.0005240673	0.061094366	12.7348	12.734861	0.37567395	-8.860256	-25.199547	2.2706468	2.2928393	0.033296335	4.2815175	22.110353	3.735326	31.591105	14.011807	1.7384187	0.6081722	4.1132174	0.6637203	22.885057	83000	312000.0	18200.752353668213
79	8.789127	0.0	0.00047563683	0.06053575	13.006602	13.006385	0.3723582	-9.33753	-26.862804	2.5730026	2.5929482	0.034375366	4.4955935	21.292591	3.9576342	29.455488	12.377141	2.0057614	0.84326535	5.4084287	0.908717	23.127167	83998	316000.0	18454.633487701416
80	8.886396	0.011235955	0.00042871703	0.062211692	13.343259	13.344002	0.36461228	-10.005028	-30.140715	2.8875113	2.9086416	0.034133337	4.720374	21.414373	4.91766	31.852896	-0.93416846	1.7986224	0.7065215	4.8503747	0.9007872	22.657303	84998	320000.0	18696.45292019844
81	8.984031	0.0057142857	0.0003893703	0.06660891	13.141123	13.138739	0.36355823	-9.404992	-27.420366	2.527976	2.5469117	0.033610985	4.9563932	21.65352	4.1970944	30.659056	0.16937788	1.7842994	0.6071025	4.9196053	0.6645539	22.702858	85998	324000.0	18934.1052172184
82	9.081715	0.016949153	0.0003538788	0.0639663	13.067345	13.067899	0.36032408	-9.081423	-26.339605	2.3112168	2.331541	0.03248099	5.2042117	21.35336	4.616764	30.958385	1.2234967	1.8354512	0.7616109	4.6519723	0.6647214	22.723164	86998	328000.0	19173.100714445114
83	9.179449	0.0057471264	0.00032142253	0.0675684	13.371487	13.370917	0.356478	-9.65506	-28.905617	2.621836	2.6417723	0.033093143	5.4644217	22.268814	4.288185	31.950888	1.5229778	1.834421	0.7163012	4.4582396	0.9077292	22.781609	87998	332000.0	19407.499217748642
84	9.276582	0.0056818184	0.0002899082	0.06799579	13.463124	13.463602	0.35142714	-9.741094	-29.675886	2.632698	2.6518857	0.032002907	5.7376437	20.975275	4.144291	28.427534	8.360684	1.8286271	0.71639127	4.857693	0.9077786	22.704546	88998	336000.0	19640.43484354019
85	9.374599	0.016759777	0.0002636573	0.062775575	13.313121	13.312692	0.35272732	-9.24735	-28.12341	2.3235126	2.3470385	0.031251118	6.024525	21.763474	4.4857893	30.990871	2.4810452	1.7873911	0.6676453	4.4864745	0.6646377	22.536312	89998	340000.0	19874.73534011841
86	9.472748	0.0	0.00023957288	0.06689558	13.497733	13.498141	0.34725225	-9.59986	-29.739552	2.4766026	2.4991753	0.03127893	6.325751	22.284832	3.703203	30.892612	10.69952	1.8143296	0.64599365	4.544009	0.6658659	22.767046	90998	344000.0	20112.016506910324
87	9.570182	0.0057142857	0.00021699497	0.06426629	13.478985	13.477838	0.3446836	-9.40901	-29.010033	2.354439	2.3700848	0.030701565	6.6420403	21.800867	4.1065516	32.16933	5.868791	1.7813927	0.6351325	5.0045166	0.8975872	22.651428	91998	348000.0	20360.99029660225
88	9.667805	0.0	0.00019740939	0.06348315	13.559357	13.558413	0.34080267	-9.488193	-28.693607	2.3676586	2.3791695	0.030937595	6.974141	21.542698	4.8157907	30.820044	-9.127497	1.8414916	0.6860148	4.987792	0.90867066	23.057142	92998	352000.0	20603.869150161743
89	9.765269	0.0056818184	0.00017886529	0.064900026	13.692522	13.69206	0.33776087	-9.676715	-30.762587	2.4573455	2.474603	0.030856356	7.3228474	21.858362	4.2313733	29.846598	1.0696616	1.6795058	0.52678955	3.9621336	0.6638368	22.511364	93998	356000.0	20834.27206802368
90	9.863083	0.0056179776	0.00016208869	0.06471857	13.702162	13.702542	0.3362546	-9.587666	-30.019018	2.433676	2.4488587	0.030696912	7.6889906	21.541855	3.7416148	30.640026	5.078627	1.7636821	0.6044889	4.8315797	0.6658775	22.58427	94998	360000.0	21067.583573818207
91	9.9610815	0.011299435	0.00014703439	0.065412186	13.739488	13.739329	0.33427212	-9.567588	-30.584623	2.380146	2.3921983	0.030377222	8.073441	21.434526	4.0740185	32.46078	2.0189128	1.813704	0.60045165	4.1704125	0.908601	22.468927	95998	364000.0	21304.69179415703
92	10.05856	0.0057471264	0.0001331929	0.06535939	13.862036	13.860523	0.32841963	-9.730927	-31.819048	2.449071	2.461	0.029690301	8.47711	21.648289	4.3468766	28.958763	-0.36212254	1.8421705	0.6736593	4.114639	0.66448575	23.08046	96998	368000.0	21545.83103609085
93	10.155745	0.0	0.00012076266	0.06547319	13.895383	13.895804	0.32451388	-9.732644	-31.496256	2.4491615	2.4649854	0.029410861	8.900968	21.531507	3.6301806	28.895247	11.210811	1.7098777	0.531347	3.5289977	0.9084259	22.539326	97998	372000.0	21780.160212993622
94	10.253459	0.0056818184	0.000109632376	0.064027734	13.926823	13.925955	0.32204607	-9.644792	-31.596254	2.322174	2.3367221	0.02865651	9.346017	22.273354	4.051379	30.384188	7.786006	1.8076985	0.6945516	4.707677	0.6726167	22.71591	98998	376000.0	22020.857492923737
95	10.350955	0.011299435	9.9352066e-05	0.06397012	14.014086	14.01345	0.32285422	-9.706906	-32.392178	2.398193	2.4112418	0.02885553	9.813014	21.450043	4.2945232	30.190516	2.2016964	1.8039206	0.6680532	4.647568	0.894929	22.463276	99998	380000.0	22264.782295942307
96	10.448985	0.0	8.9997266e-05	0.061810087	14.099622	14.097566	0.31804672	-9.87545	-33.649025	2.4306283	2.4373853	0.028930426	10.0	21.71096	3.7605512	29.634607	11.063286	1.8085133	0.64826924	5.4986157	0.9082472	22.892046	100998	384000.0	22508.73627471924
97	10.546821	0.0057471264	8.166646e-05	0.060555376	14.118779	14.120253	0.31665772	-9.772585	-32.57903	2.3294315	2.3398526	0.02843493	10.0	21.576107	4.2927685	30.158924	0.37442318	1.8634745	0.74342966	4.7169533	0.90799487	22.827587	101998	388000.0	22747.761633634567
98	10.644647	0.0	7.410229e-05	0.060410697	14.098841	14.098207	0.31878236	-9.660921	-32.910706	2.2609756	2.2657442	0.028321007	10.0	21.854866	4.0750833	30.009686	10.526654	1.7555648	0.5778134	4.788833	0.9092086	22.623596	102998	392000.0	22980.631076335907
99	10.742781	0.011173184	6.738912e-05	0.060981292	14.165316	14.165011	0.31155866	-9.863203	-33.25004	2.307926	2.3171816	0.027821723	10.0	22.011932	4.548114	31.106617	-1.2922922	1.6991509	0.5815861	4.43541	0.66460216	22.324022	103999	396000.0	23209.81458926201
100	10.840284	0.028248588	6.106157e-05	0.058050577	14.157016	14.155545	0.3138003	-9.679771	-32.34477	2.2527056	2.2589867	0.028217161	10.0	20.610111	4.8720403	30.278435	2.131704	1.8744928	0.6929345	4.5384717	0.89336973	22.542374	104998	400000.0	23445.011694192886
101	10.938431	0.0056497175	5.5468532e-05	0.06024035	14.178795	14.179327	0.31177008	-9.738694	-33.174854	2.192314	2.196492	0.027211847	10.0	21.45253	4.491308	31.159391	2.2544951	1.7943553	0.5758244	4.471425	0.66345084	22.677965	105999	404000.0	23679.824948310852
102	11.036114	0.0	5.0239752e-05	0.062221892	14.317232	14.316628	0.30642092	-10.089698	-35.267525	2.3552904	2.3630302	0.027623752	10.0	22.158594	4.040635	31.868958	10.025977	1.6938874	0.5349241	4.7036147	0.9080758	22.62712	106998	408000.0	23916.67295193672
103	11.133605	0.01734104	4.545676e-05	0.06193135	14.358789	14.359487	0.3051674	-10.103685	-35.616844	2.306406	2.3125682	0.027131908	10.0	21.71118	4.7108283	31.541674	2.402658	1.8203492	0.6483746	4.039779	0.8970012	22.930635	107998	412000.0	24160.3751244545
104	11.231613	0.011173184	4.1277464e-05	0.057507608	14.28385	14.282847	0.30535015	-9.7978945	-33.896664	2.1428497	2.146859	0.026947044	10.0	21.474104	4.0567174	30.969707	0.4936326	1.8019869	0.7494624	5.0625834	0.6642866	22.525139	108998	416000.0	24398.586728572845
105	11.329646	0.0056497175	3.7409605e-05	0.061160356	14.431309	14.431367	0.30155906	-10.164031	-37.327812	2.31138	2.3204248	0.026934868	10.0	21.702045	4.1391053	30.822168	8.3476	1.7819797	0.6765634	4.8085155	0.9093844	22.559322	110000	420000.0	24635.51535964012
106	11.426896	0.005586592	3.3838904e-05	0.061830018	14.5489235	14.550096	0.29619238	-10.380112	-37.70224	2.346433	2.3515823	0.02667901	10.0	22.0575	4.3410163	31.096258	3.0974538	1.8068329	0.63973576	4.4629526	0.90574896	22.407822	110998	424000.0	24871.025235176086
107	11.523896	0.0	3.063544e-05	0.05970428	14.563414	14.565033	0.29533905	-10.383453	-37.513176	2.3315063	2.334416	0.026545132	10.0	22.013733	3.9522762	33.34725	2.4764752	1.8734082	0.71509725	5.5961175	0.9077891	23.028736	111998	428000.0	25110.36045050621
108	11.621738	0.0	2.789404e-05	0.05863398	14.57568	14.575461	0.29251605	-10.389399	-37.32792	2.3061452	2.3046958	0.026145969	10.0	21.930891	3.7532523	29.731607	10.039676	1.8036752	0.6140422	4.448327	0.9060328	22.93678	112998	432000.0	25342.924403190613
109	11.719474	0.02259887	2.5301993e-05	0.05902546	14.619236	14.619519	0.29161832	-10.438059	-37.67605	2.2803912	2.2842302	0.026257621	10.0	21.585308	4.877198	30.946157	-1.7405072	1.8759372	0.76488006	6.0120792	0.8936227	22.508474	113999	436000.0	25578.37898015976
110	11.81744	0.0	2.2947173e-05	0.057346135	14.535315	14.536273	0.29322165	-10.166752	-37.20126	2.1730137	2.1728399	0.025826989	10.0	21.902473	3.7394984	29.925245	12.977473	1.7649575	0.6333072	4.8603344	0.91829413	22.670454	114998	440000.0	25821.205590724945
111	11.915201	0.0	2.079772e-05	0.061767157	14.760988	14.761244	0.28617916	-10.711082	-40.554287	2.3739564	2.3731382	0.026281135	10.0	22.225883	4.029642	30.647411	10.510042	1.7463245	0.6598251	4.5729647	0.66427064	22.561798	115998	444000.0	26064.12974858284
112	12.012701	0.011428571	1.8878818e-05	0.057666384	14.655346	14.655933	0.28652114	-10.342723	-37.341362	2.175108	2.1802526	0.025853999	10.0	21.53685	4.3040013	29.32187	2.618495	1.8941067	0.8005871	6.8388186	0.9099146	22.777143	116998	448000.0	26305.040461063385
113	12.110102	0.011173184	1.715919e-05	0.057696115	14.662369	14.662215	0.28316894	-10.361243	-37.94143	2.0822794	2.0849543	0.02486049	10.0	21.918642	4.906725	30.999907	-9.407999	1.7462959	0.6548058	5.0187626	0.8930892	22.469275	117998	452000.0	26544.539699316025
114	12.207998	0.011173184	1.5563202e-05	0.05821835	14.751812	14.753383	0.28248364	-10.501501	-39.395775	2.15472	2.1544201	0.024810202	10.0	21.461346	4.361795	31.098736	0.015909297	1.7499874	0.5742716	4.3185205	0.66587555	22.391062	118998	456000.0	26781.09181523323
115	12.305759	0.0	1.4111661e-05	0.057993226	14.716977	14.714979	0.28207612	-10.369951	-39.182365	2.0904365	2.0972173	0.024810562	10.0	21.858528	3.5638409	29.48714	12.306012	1.8134987	0.65674144	4.776814	0.9077858	22.738636	119998	460000.0	27014.01528120041
116	12.403671	0.0	1.2806354e-05	0.057466645	14.685037	14.684298	0.28260657	-10.269973	-38.106693	2.0739543	2.0685277	0.02492728	10.0	22.199076	4.314964	32.43399	11.980025	1.7206401	0.6176938	4.565387	0.90836334	22.426966	120998	464000.0	27248.346076488495
117	12.501922	0.011363637	1.1631012e-05	0.05604332	14.689146	14.68877	0.28063866	-10.225883	-38.699173	1.9770426	1.9764732	0.024466127	10.0	21.79032	4.4368544	28.899672	-1.4719224	1.8339264	0.7325592	7.339425	0.89356834	22.738636	121998	468000.0	27486.153811454773
118	12.599521	0.0064935065	1.0549377e-05	0.05727157	14.776771	14.777907	0.2771055	-10.445879	-40.20206	2.100754	2.1020684	0.024550099	10.0	22.362123	3.853893	29.805416	1.0060239	1.776413	0.66875494	4.115579	0.6657857	22.506493	122998	472000.0	27738.46336722374
119	12.696715	0.006329114	9.539083e-06	0.059100196	14.841635	14.843325	0.27306396	-10.647014	-42.015625	2.1121264	2.1116643	0.024194587	10.0	21.720291	4.4762588	31.231453	-11.490772	1.7945638	0.64701855	4.39452	0.9082393	28.683544	123998	476000.0	27991.221561193466
120	12.793744	0.0056818184	8.626398e-06	0.059162345	14.9351425	14.935599	0.27149388	-10.857585	-42.96508	2.1718946	2.1749356	0.02461705	10.0	21.926323	4.0793524	31.082092	-1.3385916	1.7130224	0.60417664	4.5361137	0.6639941	22.698864	124998	480000.0	28235.131069660187
121	12.890982	0.0	7.805703e-06	0.061738722	15.048408	15.046605	0.2676831	-11.136521	-45.424767	2.2501051	2.2510748	0.024524963	10.0	22.05894	4.1225104	31.689495	12.622712	1.8138344	0.6768365	5.671156	0.9182236	22.87324	125998	484000.0	28489.55225753784
122	12.988287	0.017857144	7.0754595e-06	0.056059998	14.958758	14.9587755	0.2682477	-10.765933	-41.871925	2.121873	2.11776	0.023916734	10.0	21.145964	5.134854	28.227592	-13.825049	1.7217883	0.686912	5.0080853	0.37140864	28.261906	126998	488000.0	28735.75043320656
123	13.086266	0.0	6.4340534e-06	0.057839394	15.006976	15.007665	0.2670871	-10.891394	-43.42438	2.1400669	2.1402378	0.024046997	10.0	22.046204	3.9622793	30.996561	10.566551	1.7205223	0.49917853	3.4760306	0.6646417	22.505617	127998	492000.0	28966.087299108505
124	13.184625	0.0	5.856335e-06	0.053984154	14.90526	14.904691	0.2663315	-10.54298	-41.6227	1.9772648	1.98147	0.023372252	10.0	21.79312	3.8947382	29.457905	10.50491	1.8663381	0.69007385	4.2891626	0.6644424	22.5	128998	496000.0	29199.316135406494
125	13.282008	0.0056497175	5.30277e-06	0.055989623	15.045777	15.045577	0.264901	-10.87884	-43.801903	2.1071036	2.1087813	0.023756046	10.0	21.721308	4.0130277	29.500624	1.2869253	1.8617709	0.76264894	4.8059616	0.66411495	22.519773	129998	500000.0	29420.25141096115
