Epoch	AverageCrash_counter	StdCrash_counter	Crash_ratio	AverageEpRet	StdEpRet	MaxEpRet	MinEpRet	AverageEpCost	StdEpCost	MaxEpCost	MinEpCost	EpLen	AverageVVals	StdVVals	MaxVVals	MinVVals	TotalEnvInteracts	LossPi	LossV	DeltaLossPi	DeltaLossV	Entropy	KL	ClipFrac	StopIter	Time
0	137.0	0.0	0.6919192	-6.878031	8.870233	18.619703	-22.504	4.751919	1.3584056	8.78215	0.9408616	16.207071	0.008257242	0.035017524	0.0742535	-0.04546236	4000	-5.2154064e-08	157.23459	-0.014463179	-18.576408	1.607589	0.012280347	0.22825	18.0	285.75558710098267
1	148.0	0.0	0.65486723	-4.7184415	8.966935	21.755163	-24.434082	4.6410775	1.3977865	8.926442	1.1620079	17.650442	-2.4842772	0.48307383	-1.4919556	-3.4864917	8000	7.450581e-09	63.379288	-0.014700105	-2.3445625	1.5992639	0.009261355	0.06275	79.0	559.9386484622955
2	126.0	0.0	0.58064514	-2.9299383	10.314006	20.64642	-31.738106	4.5779657	1.6091217	9.241418	1.1696253	18.387096	-1.8589156	0.69398284	-0.10377081	-3.5172787	12000	-1.8626451e-08	78.11063	-0.0096096955	-4.407589	1.5787451	0.012320698	0.2255	18.0	832.0280599594116
3	123.0	0.0	0.5590909	-2.7027586	10.025187	20.769594	-21.067	4.2734613	1.5476627	8.362429	0.68169487	18.081818	-0.4747056	0.6147013	0.63801783	-2.0718231	16000	-7.450581e-09	68.5881	-0.017590553	-3.5180073	1.5433769	0.007087214	0.14750001	79.0	1104.594279050827
4	29.0	0.0	0.5471698	-2.3015697	10.4864	18.039068	-17.483774	4.1606674	1.2374293	7.433449	1.0376236	17.867924	0.5144137	0.6670035	3.7164493	-2.820423	20000	-1.4901161e-08	530.7009	-0.012355685	-178.10733	1.5340166	0.012399191	0.16925001	38.0	1397.587558746338
5	90.0	0.0	0.44554454	0.57856715	9.199283	20.082613	-17.301388	4.21635	1.4974909	8.804731	1.20269	19.633663	-4.617286	1.4421782	-1.8318787	-8.168661	24000	-7.264316e-08	116.56199	-0.013547996	-46.115616	1.485277	0.009053945	0.1175	79.0	1671.5742909908295
6	82.0	0.0	0.4	2.2764473	9.626768	21.469795	-19.759632	4.061382	1.5636945	8.3263035	0.9144867	19.434147	1.0299567	2.0124726	4.610636	-3.7693124	28000	-8.568168e-08	76.31605	-0.007950727	-8.145802	1.4716763	0.012028614	0.12775001	12.0	1939.393786430359
7	79.0	0.0	0.41578948	0.9793632	9.865505	20.468904	-21.503418	4.114576	1.5693986	8.556093	1.1981448	20.936842	2.6054883	2.4042192	6.5912375	-2.8398407	32000	-9.313226e-09	75.50922	-0.006696731	-4.021225	1.4274547	0.0136975935	0.197	12.0	2217.5072405338287
8	78.0	0.0	0.40206185	3.4437199	10.151722	26.876297	-17.519384	3.7060604	1.4765149	7.7985516	0.9444352	20.427835	2.3096936	2.14576	6.05659	-2.0675688	36000	1.1175871e-08	75.611725	-0.014427081	-4.455509	1.3488457	0.009607317	0.10275	79.0	2491.335322380066
9	67.0	0.0	0.34715027	3.58694	9.807102	25.126513	-15.985771	3.6395018	1.3692579	7.541932	1.1911311	20.637306	3.446059	2.0853364	6.649731	-1.2439824	40000	-2.9802322e-08	63.148785	-0.010897197	-3.4228	1.2809975	0.009716563	0.09325	79.0	2765.983696937561
10	65.0	0.0	0.33854166	5.669927	9.759243	25.35813	-18.351513	3.5288856	1.4009134	8.905283	0.9105576	20.78125	3.930081	2.2963932	7.909646	-0.466008	44000	1.8626451e-08	65.176926	-0.0128274	-4.991087	1.2503638	0.009577383	0.0885	79.0	3038.136908531189
11	52.0	0.0	0.2736842	7.838875	9.200395	25.35927	-14.948185	3.0307148	1.1406475	7.1612005	1.1570481	20.978947	5.397907	2.4572415	9.12494	0.5594614	48000	3.7252903e-09	55.94702	-0.012685366	-6.6146946	1.2185367	0.0074143554	0.072	79.0	3313.0603952407837
12	66.0	0.0	0.33502537	7.95005	9.477347	24.246035	-11.721042	3.0343144	1.2935717	6.985685	0.9087625	20.294416	7.321671	2.5906231	10.715535	1.887369	52000	0.0	57.56231	-0.011867344	-2.1604214	1.1856093	0.01057609	0.1225	79.0	3574.2952270507812
13	65.0	0.0	0.33505154	8.540838	10.119783	29.351126	-14.104708	3.0164533	1.2643359	6.389896	0.9240964	20.458763	7.0695724	2.4137313	10.783981	2.6804924	56000	-3.7252903e-09	59.091927	-0.011856742	-2.1943226	1.1301134	0.0068837036	0.096750006	79.0	3836.0610625743866
14	53.0	0.0	0.2819149	9.872299	9.523448	24.601158	-10.973039	3.0232077	1.218493	6.481304	0.9217603	21.095745	7.914454	2.3433452	11.669884	3.6820304	60000	-1.8626451e-09	51.202816	-0.015822036	-2.3355064	1.0988305	0.00958183	0.19525	79.0	4095.0417346954346
15	44.0	0.0	0.23529412	10.991746	9.411993	26.705061	-10.5043335	2.9849448	1.4235464	6.9928465	0.92224616	21.203209	8.783108	2.0715194	12.185449	4.6232533	64000	1.4901161e-08	47.87539	-0.011643536	-1.1943913	1.0780821	0.0072636986	0.0815	79.0	4351.37703037262
16	35.0	0.0	0.19337016	12.832654	8.409297	25.787674	-8.073327	2.9058723	1.249249	6.6999803	0.6529918	22.01105	9.128088	2.0880804	12.939813	5.4328876	68000	-1.3038516e-08	39.59935	-0.0068115457	-2.6193256	1.0214227	0.012061413	0.1415	12.0	4606.491310596466
17	32.0	0.0	0.17777778	13.516309	9.016783	26.369532	-9.856069	2.6155396	1.1863942	5.948293	0.92754656	22.133333	10.510445	2.0996745	13.791364	6.513183	72000	-7.450581e-09	38.399292	-0.0116888955	-1.1436691	0.92650366	0.0059108525	0.0915	79.0	4863.651327371597
18	32.0	0.0	0.17486338	13.963016	8.563677	27.809046	-7.1412935	2.601536	1.1115515	6.128308	0.9216616	21.770493	11.098291	1.8922229	14.343704	6.90815	76000	1.0244548e-08	35.548977	-0.010203204	-0.52704144	0.8828304	0.0080560455	0.073	79.0	5114.660731077194
19	32.0	0.0	0.17679559	15.179062	9.431132	27.703648	-12.500533	2.4701133	1.0446984	5.2474084	0.9214004	21.977901	11.273412	1.8386356	14.431757	6.5638547	80000	-9.313226e-09	42.634796	-0.009095166	-1.2534409	0.82426417	0.0043601473	0.068	79.0	5363.015818357468
20	34.0	0.0	0.18378378	15.66643	9.472051	29.312025	-11.802429	2.300909	1.0283822	5.89482	0.91062874	21.524324	12.15724	1.8166244	14.799014	6.731276	84000	-9.313226e-09	39.312943	-0.006690819	-0.82707596	0.75731933	0.004525517	0.0585	79.0	5605.782379627228
21	36.0	0.0	0.19565217	14.461967	9.062254	29.03674	-7.7521524	2.4912813	1.1561153	6.157187	0.9084644	21.652174	12.350774	1.8515579	15.378731	7.43899	88000	3.7252903e-09	38.474945	-0.008707931	-1.1838741	0.7672884	0.0029940666	0.0725	79.0	5855.099536657333
22	17.0	0.0	0.1559633	16.302223	8.233476	27.343252	-7.173291	2.2954812	0.99083686	5.6097937	0.9153707	21.816513	10.508068	2.2214217	15.069548	-8.182444	92000	-2.9802322e-08	54.031204	-0.00800693	-18.332638	0.76478857	0.0068893284	0.0825	79.0	6173.254521846771
23	39.0	0.0	0.21195652	15.597638	9.898585	29.259338	-19.458038	2.4534528	1.083169	5.8976636	0.910567	21.554348	10.252205	2.373015	13.401098	-8.3217535	96000	-1.7695129e-08	50.889862	-0.008845719	-5.0407486	0.7086426	0.005902661	0.062	79.0	6430.989644765854
24	36.0	0.0	0.19459459	16.392063	9.068998	27.6109	-8.4050665	2.3711014	1.0297929	5.6970234	0.91139144	21.475676	11.970593	2.393428	15.020335	4.9385905	100000	1.4319085e-08	38.077194	-0.008379834	-1.6067677	0.64858013	0.003932605	0.05625	79.0	6674.621530056
25	36.0	0.0	0.19148937	17.219986	9.021982	28.301739	-6.284039	2.2479556	1.0216027	6.738195	0.65301156	21.18617	12.555376	2.4201348	16.66906	5.581228	104000	-3.7252903e-09	37.96205	-0.0068239793	-1.4700928	0.64961433	0.006012819	0.04925	79.0	6916.431461572647
26	31.0	0.0	0.16847827	16.435396	9.010376	29.055428	-7.288497	2.3863027	0.9696321	5.2982707	0.6714035	21.619566	13.103336	2.2283127	16.565218	2.848672	108000	-5.5879354e-09	35.926014	-0.007410107	-0.69827175	0.60472435	0.007771001	0.05675	79.0	7156.095910310745
27	35.0	0.0	0.18817204	16.411892	9.209739	31.392956	-7.454452	2.3033373	0.99733734	4.9226623	0.8999598	21.446236	12.696254	2.138692	16.347986	2.315192	112000	1.8626451e-09	37.441963	-0.0065393476	-0.82110214	0.61691725	0.0050258297	0.0595	79.0	7395.509793281555
28	49.0	0.0	0.2525773	15.408283	10.114649	28.374834	-7.9206967	2.4954736	1.1595867	5.8786235	0.9150893	20.48969	12.79041	2.160045	17.1545	6.2203927	116000	3.7252903e-09	45.77422	-0.007725944	-2.425768	0.5983499	0.004419605	0.045	79.0	7635.270723581314
29	34.0	0.0	0.1827957	16.857485	8.650338	29.071445	-7.4220395	2.3871315	1.0366057	6.2583346	0.91411203	21.370968	12.201267	2.4103963	17.008858	-2.3658147	120000	1.3969839e-09	35.479874	-0.008359626	-1.8698254	0.57723856	0.0043923054	0.0575	79.0	7877.602098226547
30	36.0	0.0	0.19148937	17.405287	9.208155	28.122652	-5.5022883	2.3513036	0.9728196	5.324643	0.9137553	21.271276	12.866392	2.118177	17.205008	1.9224788	124000	-9.313226e-09	34.51221	-0.0045699216	-0.8316612	0.5690608	0.004006747	0.056	79.0	8115.791120529175
31	32.0	0.0	0.17297298	17.653545	8.672305	29.900644	-5.1373343	2.3110926	1.0450364	7.1282477	0.6842069	21.513514	13.514574	2.3721166	18.168913	0.11769505	128000	5.5879354e-09	32.311897	-0.0063769286	-0.4176731	0.5266421	0.00658252	0.0605	79.0	8353.893486738205
32	43.0	0.0	0.22395833	16.822351	9.651933	29.231075	-6.005457	2.3793516	0.9814343	4.913129	0.9315876	20.729166	13.437633	2.4677927	18.590677	-4.5093737	132000	1.7695129e-08	37.557487	-0.0047131022	-1.1028557	0.5263865	0.003390537	0.0405	79.0	8591.487280130386
33	46.0	0.0	0.23589744	16.351711	9.580562	30.412882	-6.9531403	2.2775247	1.0940372	5.0724254	0.6677115	20.502563	13.18475	2.72173	19.527092	-7.7926183	136000	-7.450581e-09	37.63472	-0.0046725357	-1.0601311	0.52931714	0.0039732545	0.0295	79.0	8828.25252866745
34	41.0	0.0	0.21808511	16.67514	9.520565	28.849304	-6.7068024	2.3595552	1.0320247	4.9715085	0.9121698	21.218084	12.56422	2.9576972	18.906574	-8.730835	140000	-1.3038516e-08	34.00377	-0.004798944	-0.23918343	0.5448097	0.0039750854	0.032250002	79.0	9066.897660970688
35	37.0	0.0	0.19786096	17.683859	9.07764	28.494566	-5.3786125	2.251358	0.9855487	4.7932954	0.66634816	21.326202	12.860374	2.9944491	19.802252	-10.589488	144000	1.4901161e-08	31.603575	-0.0069894735	-0.70651436	0.5181144	0.005772819	0.05275	79.0	9305.77643418312
36	36.0	0.0	0.19354838	17.493992	9.213657	29.052061	-6.381099	2.2122045	1.0074692	6.739858	0.67013264	21.408602	13.582753	3.5370696	20.595854	-12.755145	148000	9.313226e-09	35.137962	-0.0059470003	-0.4293518	0.4789343	0.0020406847	0.03875	79.0	9546.763421058655
37	43.0	0.0	0.22513089	17.23935	9.228469	30.588129	-10.036177	2.259664	1.0354514	5.3981314	0.9092362	20.874346	13.5313425	3.1637094	19.607916	-10.835455	152000	-3.7252903e-09	37.513702	-0.005407486	-0.49751663	0.48059675	0.0063478528	0.035	79.0	9786.154555082321
38	30.0	0.0	0.16304348	18.286667	8.87387	30.001469	-5.6995163	2.282206	0.9609695	5.117312	0.91853315	21.48913	12.950809	2.8669524	19.058664	-7.833081	156000	0.0	31.550442	-0.0057054907	-0.8815241	0.47891307	0.0038545518	0.04375	79.0	10027.85250210762
39	41.0	0.0	0.21465969	17.234493	9.441319	29.30483	-4.9062285	2.2174196	1.0443891	5.7046375	0.6675279	20.900524	13.718575	3.1268687	19.547665	-6.3168716	160000	-9.313226e-09	36.632942	-0.007022362	-0.34692192	0.44062948	0.005405414	0.03875	79.0	10268.932654857635
40	46.0	0.0	0.23958333	16.733656	9.540527	28.442856	-6.1678667	2.3465464	0.95955026	5.2474723	0.91082335	20.776041	13.184721	3.0426183	19.405418	0.8628866	164000	-6.4028427e-10	33.64231	-0.004626618	-0.6855602	0.43982992	0.0017708838	0.028250001	79.0	10508.358785867691
41	43.0	0.0	0.22395833	17.22672	9.745493	29.815714	-11.120068	2.2301326	0.9858549	4.9228907	0.92360145	20.796875	13.057285	3.2315059	19.593277	-10.437067	168000	3.7252903e-09	38.805576	-0.00444597	-0.34458923	0.40933585	0.0028353275	0.0325	79.0	10746.90720486641
42	30.0	0.0	0.16129032	18.740871	8.753474	30.632633	-7.5270367	2.1664557	0.96738076	5.3475695	0.6666269	21.32258	13.287318	3.4493341	19.994143	-9.9389105	172000	0.0	35.77556	-0.008799094	-2.3267164	0.3884825	0.007585132	0.0805	79.0	10985.307815551758
43	42.0	0.0	0.21538462	17.041441	9.305333	31.857126	-5.483997	2.1951177	0.9819299	5.8705993	0.8938196	20.353846	14.134837	2.748869	19.233723	-8.454113	176000	-7.450581e-09	36.513577	-0.004186433	-1.8262806	0.42138237	0.0014546157	0.0295	79.0	11222.874163389206
44	40.0	0.0	0.20725389	18.033747	9.332349	30.522694	-5.766994	2.2103326	0.94885516	5.049418	0.9118173	20.606218	13.174584	2.8521495	19.192806	-7.431825	180000	7.450581e-09	34.766197	-0.005641997	-0.71357536	0.3958214	0.0071230596	0.03175	79.0	11461.155269622803
45	35.0	0.0	0.18518518	18.32442	8.99796	28.395508	-7.0874577	2.1543636	0.88848346	4.640171	0.92217153	21.026455	13.826923	3.3062909	19.96399	-8.465126	184000	7.916242e-09	33.214108	-0.0066149402	-0.8075857	0.3912334	0.003447244	0.044249997	79.0	11699.032159805298
46	31.0	0.0	0.16666667	18.599468	8.508117	29.94804	-3.9280474	2.1621604	0.96528983	5.208979	0.66690475	21.365591	13.761252	2.9962423	20.120518	-3.1392908	188000	-3.7252903e-09	29.195467	-0.0045105442	-0.38460732	0.38749066	0.0028585552	0.02475	79.0	11937.645262479782
47	42.0	0.0	0.22222222	17.054193	9.417546	29.900646	-6.001645	2.3334453	0.9715545	4.869039	0.90911764	20.973545	13.520088	3.1560144	20.81712	-7.340323	192000	0.0	34.5632	-0.0050522266	-0.38975525	0.42000085	0.0048871045	0.07075	79.0	12179.70681142807
48	37.0	0.0	0.19473684	17.870993	9.1390705	30.789783	-7.880555	2.1822655	0.9751896	6.2821007	0.91158664	20.978947	13.407285	3.0081825	19.793346	-5.3366284	196000	1.8626451e-09	34.271362	-0.0048816986	-0.33870792	0.39197803	0.0015407782	0.02775	79.0	12420.240603923798
49	42.0	0.0	0.22340426	17.276236	9.474074	30.464094	-5.2816286	2.2202265	0.9388663	4.6335764	0.92984015	21.132978	13.324762	3.1743257	19.456589	-8.648007	200000	1.4901161e-08	35.477867	-0.004471764	-0.69999695	0.39312428	0.003614751	0.06825	79.0	12661.95763206482
50	27.0	0.0	0.14673913	18.787159	8.446546	30.739449	-2.405946	2.1033556	0.8856251	5.932455	0.8987995	21.673914	13.4914	2.9404528	19.493227	-2.4088993	204000	8.381903e-09	26.762684	-0.0049262596	-0.8493223	0.37920883	0.0027373615	0.033	79.0	12904.305222511292
51	56.0	0.0	0.2871795	15.696702	10.13923	31.119928	-7.512198	2.3824775	1.0633943	5.4143667	0.6667303	20.394873	13.8346405	3.0466175	19.87676	-9.965373	208000	2.910383e-10	42.456264	-0.0052511487	-4.516693	0.3899874	0.005733449	0.07225	79.0	13146.082361459732
52	34.0	0.0	0.18378378	18.118029	9.024139	29.219065	-6.5332627	2.1602795	0.9184754	4.495079	0.6676912	21.421621	12.596031	3.5315511	19.510918	-8.849809	212000	8.381903e-09	33.701912	-0.007523369	-3.0040112	0.37617964	0.004727911	0.07525	79.0	13386.955652475357
53	43.0	0.0	0.22279793	17.30478	9.515783	28.308283	-5.4403796	2.2171223	0.9268209	5.015044	0.92768216	20.616581	13.8064	3.2384024	19.59667	-9.428461	216000	9.313226e-10	33.93318	-0.0053193825	-1.335206	0.34819454	0.0031477779	0.03875	79.0	13626.495240449905
54	39.0	0.0	0.20634921	17.563238	9.368999	29.866081	-5.9023876	2.2323365	0.91785794	4.4119673	0.91091186	21.0582	13.055779	3.187491	19.473526	-6.1920047	220000	-6.0535967e-09	31.44786	-0.006060812	-0.7574167	0.3473963	0.005717052	0.08175	79.0	13866.713193655014
55	39.0	0.0	0.20418848	17.728304	9.290671	28.52774	-8.286017	2.2107196	0.94879663	4.963802	0.9201051	20.937172	13.304291	3.4783542	19.84128	-7.813324	224000	2.7939677e-09	31.811893	-0.006216325	-0.9263611	0.35585445	0.0042139394	0.03275	79.0	14107.166533946991
56	36.0	0.0	0.19148937	18.000921	9.385913	30.742338	-5.181641	2.2402015	0.9469439	4.820769	0.90878916	21.170214	13.483766	3.6144667	20.259628	-7.8283525	228000	1.3038516e-08	33.491383	-0.0045266664	-1.0455542	0.34088248	0.00301498	0.024	79.0	14348.796904325485
57	35.0	0.0	0.18421052	18.112259	9.14125	29.47697	-7.6100726	2.1543949	0.9937795	5.0322776	0.91390526	20.93158	13.870971	3.293221	20.28524	-9.852356	232000	-9.313226e-09	30.006002	-0.00648995	-0.7966709	0.34001362	0.0055026338	0.03475	79.0	14588.571254253387
58	31.0	0.0	0.16666667	18.78752	8.592746	28.696999	-4.695921	2.1285968	0.90021646	4.506385	0.6677172	21.413979	13.474034	3.5235772	20.103523	-1.3220086	236000	1.8626451e-09	29.860443	-0.0056007574	-1.0003004	0.335304	0.0024929491	0.028	79.0	14827.211931228638
59	38.0	0.0	0.2054054	17.429443	8.996382	29.829082	-3.065375	2.3282542	0.9728944	4.578262	0.92358077	21.421621	14.105054	3.3966355	20.54702	-4.3948956	240000	-3.7252903e-09	31.29725	-0.006014975	-1.5499601	0.3481912	0.004660011	0.034	79.0	15069.449303388596
60	28.0	0.0	0.15469614	18.884068	8.094893	28.549782	-3.2532582	2.1603131	0.95152944	5.433506	0.9252616	21.883978	13.27177	3.2451043	19.812658	-5.7344513	244000	-5.5879354e-09	26.519135	-0.0072342185	-1.3822193	0.3368858	0.010489697	0.04	79.0	15310.80364394188
61	38.0	0.0	0.2	18.05341	9.164088	29.997332	-3.829942	2.1453388	0.92499334	5.166725	0.6676105	20.989473	14.0635605	3.297336	20.354332	0.30629432	248000	-3.7252903e-09	31.291725	-0.0048837475	-0.86967564	0.31791165	0.005929494	0.022	79.0	15549.957673072815
62	40.0	0.0	0.20942408	17.514574	9.391602	28.54528	-7.5096807	2.1945117	0.9170959	5.0078382	0.9272297	20.874346	13.289172	3.2587507	19.812328	-2.8755896	252000	0.0	28.450836	-0.0056115333	-1.0488691	0.33279905	0.004465553	0.034500003	79.0	15791.341028928757
63	32.0	0.0	0.17297298	18.834677	9.0415745	31.694483	-6.465491	2.0917222	0.9148194	5.3785753	0.9173773	21.502703	13.272647	3.9299965	20.322922	1.7853175	256000	1.5832484e-08	31.92923	-0.004233176	-2.4603472	0.34086215	0.0039414093	0.0225	79.0	16033.466418027878
64	41.0	0.0	0.21465969	17.722708	9.240593	28.78511	-4.7354994	2.1955059	0.9505752	4.6705866	0.6674491	20.86911	14.405287	3.4207716	20.859966	2.770029	260000	3.7252903e-09	29.444996	-0.006316332	-2.97046	0.3285068	0.008767949	0.039	79.0	16274.141517162323
65	40.0	0.0	0.21276596	17.743084	9.242781	28.931732	-7.0954294	2.3035865	0.9784635	5.2554784	0.92444825	21.218084	13.10618	3.6066093	19.919792	-1.904515	264000	-8.1490725e-09	31.269417	-0.0056447396	-0.9004173	0.33155003	0.0030017784	0.0375	79.0	16515.920511484146
66	41.0	0.0	0.21354167	18.249582	9.1594515	31.797773	-4.723743	2.1881266	0.9412821	4.619271	0.5609653	20.75	13.325355	3.4686508	19.792511	4.182768	268000	3.7252903e-09	26.799486	-0.00465117	-1.7634897	0.30650055	0.005548163	0.02975	79.0	16755.568875074387
67	37.0	0.0	0.19473684	18.228699	9.177714	30.051506	-4.0599713	2.1566746	0.8837982	4.5882444	0.9116952	21.031578	13.884687	4.0053277	20.883396	0.98345566	272000	7.450581e-09	24.874277	-0.006070585	-1.3165674	0.31268933	0.0016042748	0.038	79.0	16995.07766532898
68	36.0	0.0	0.1904762	17.248007	9.140632	29.755346	-6.271352	2.2176778	0.92641574	4.9670367	0.91127396	21.026455	13.898375	4.209156	21.7941	3.171047	276000	-1.8626451e-09	26.03204	-0.0050784033	-1.1162853	0.278829	0.0043019084	0.07175	79.0	17234.148250102997
69	43.0	0.0	0.2263158	17.548649	9.340227	29.65839	-4.6841555	2.2369447	0.99969757	5.368871	0.9235549	20.989473	13.313807	3.8040526	20.517874	-0.7096991	280000	3.7252903e-09	26.731339	-0.0049061757	-1.016118	0.2821321	0.0012962414	0.02125	79.0	17475.940860271454
70	45.0	0.0	0.23195876	17.00906	9.516486	30.010067	-5.5675263	2.2220654	0.908004	4.672073	0.9103863	20.453608	13.385073	3.9645023	20.612347	3.1541033	284000	3.7252903e-09	30.7523	-0.0061014257	-1.5358038	0.28372908	0.008186309	0.038000003	79.0	17715.345466136932
71	33.0	0.0	0.17460318	18.330154	8.474546	30.637403	-2.1872475	2.1291385	0.89944357	4.9674754	0.9115601	21.126984	13.503629	3.7481422	19.926767	3.6582403	288000	7.450581e-09	22.080631	-0.0053084586	-0.9943352	0.27608204	0.003943583	0.0285	79.0	17956.88418841362
72	38.0	0.0	0.21839081	17.640043	9.286928	29.79893	-5.9138803	2.1846516	0.98641413	6.2835236	0.9274236	20.465517	13.29436	3.8555226	20.448303	-16.417488	292000	-3.7252903e-09	34.195328	-0.0039087366	-4.6325893	0.31255674	0.0025104256	0.01575	79.0	18216.59189248085
73	33.0	0.0	0.17837837	18.499258	9.039225	31.370192	-6.89909	2.1762052	0.9134532	5.0941706	0.9153453	21.448648	12.805649	4.4693537	20.259697	3.8549092	296000	1.8626451e-09	24.042797	-0.004057441	-3.9821796	0.27395046	0.0042701783	0.015999999	79.0	18457.559967041016
74	37.0	0.0	0.1957672	18.200287	8.7599125	30.599438	-2.9584906	2.2264116	0.99422705	4.832821	0.91000766	21.0582	13.979656	4.077114	21.282928	3.3468506	300000	-9.313226e-10	24.625717	-0.0061352034	-0.8443556	0.2678942	0.0038202712	0.07925	79.0	18695.802701711655
75	37.0	0.0	0.19680852	18.530119	9.095845	32.45938	-2.1226382	2.1626706	0.9391205	5.6362257	0.92243135	21.117022	13.805911	4.127003	21.3241	3.3686924	304000	7.450581e-09	22.1953	-0.004581377	-0.6641216	0.24781302	0.0064856037	0.02625	79.0	18934.438396453857
76	28.0	0.0	0.14973262	18.9943	8.329271	31.18907	-4.3838973	2.043795	0.8387979	3.995342	0.6677445	21.272728	14.408988	4.1908107	21.258686	3.2214253	308000	9.313226e-10	23.088009	-0.0056528766	-1.0906372	0.23086953	0.004569791	0.030749999	79.0	19171.25097799301
77	26.0	0.0	0.13978495	18.877832	8.362663	29.708258	-6.0967493	2.041877	0.8374063	4.1839776	0.9095464	21.349463	14.008461	3.8998468	21.501877	3.3463655	312000	7.916242e-09	19.598225	-0.004778307	-0.836246	0.21702212	0.002584692	0.02	79.0	19406.91891145706
78	47.0	0.0	0.24226804	16.752762	9.675886	29.276009	-4.469101	2.2479885	0.94843066	4.491908	0.91272306	20.536083	13.851857	4.1309257	21.526674	3.8782299	316000	-2.2351742e-08	25.14119	-0.005040467	-3.0579834	0.23127744	0.0029251156	0.0225	79.0	19644.18418097496
79	34.0	0.0	0.1827957	17.751131	9.243482	29.9437	-10.742363	2.147795	0.9628256	4.560812	0.89892834	21.435484	13.008773	4.474628	20.770716	1.840585	320000	-1.8626451e-09	24.44682	-0.006565313	-0.99256325	0.22279188	0.0033747535	0.051	79.0	19881.509757995605
80	35.0	0.0	0.18817204	18.059547	9.009946	30.365292	-6.9355683	2.2098937	0.9849015	5.078221	0.89935184	21.392473	13.454853	4.216885	21.008602	3.2264457	324000	1.8626451e-09	23.444773	-0.0060808286	-0.6323719	0.22001714	0.0033244654	0.052	79.0	20119.4322412014
81	29.0	0.0	0.15591398	18.865639	8.414913	28.818619	-6.8890066	2.008514	0.8325317	5.1026387	0.91301566	21.317204	13.998629	4.0581026	21.308466	3.4594288	328000	0.0	20.436163	-0.004576508	-0.7141237	0.21698855	0.0040573906	0.05275	79.0	20355.41742539406
82	34.0	0.0	0.18181819	18.670225	9.131687	30.13568	-4.5723214	2.189266	0.9406923	4.6796246	0.9120359	21.283422	13.877495	4.170328	21.557116	4.209965	332000	-1.8626451e-09	22.37754	-0.0054576574	-1.0340528	0.23289412	0.004263919	0.02575	79.0	20591.93897652626
83	41.0	0.0	0.21578947	17.932901	9.3947315	30.39594	-7.6025233	2.2116277	0.9526431	4.690927	0.9262811	20.968422	14.034955	4.325124	21.691002	3.6796014	336000	-4.656613e-09	24.99196	-0.005507378	-1.2086763	0.2299735	0.0057875416	0.030000001	79.0	20829.797718524933
84	46.0	0.0	0.23834197	17.281075	10.139514	30.025764	-6.278057	2.3129041	0.9520243	4.8567095	0.9089736	20.601036	13.243186	4.581941	21.257696	0.22143634	340000	1.1175871e-08	24.711775	-0.0074808113	-1.71099	0.23524016	0.0046441862	0.0365	79.0	21070.506772756577
85	32.0	0.0	0.171123	18.7442	9.1739025	28.863499	-6.808831	2.129693	0.9407049	5.064264	0.8963763	21.235294	13.838845	4.875899	22.121836	1.5702597	344000	-3.7252903e-09	20.840714	-0.004278794	-0.9550457	0.233457	0.004072206	0.0555	79.0	21309.29768180847
86	26.0	0.0	0.14285715	19.244385	8.502186	30.720427	-5.9542055	2.1056423	0.94925207	5.810788	0.91895336	21.84066	14.057291	4.550444	22.022202	1.5564175	348000	-1.8626451e-09	22.562187	-0.0073321834	-1.4050398	0.2299652	0.004594425	0.0305	79.0	21550.265326976776
87	15.0	0.0	0.08522727	20.362421	6.8244715	29.97205	-3.3982728	1.9676406	0.8464579	4.96691	0.9131046	22.556818	14.091562	3.9332886	22.064306	4.6492586	352000	-9.778887e-09	18.648914	-0.0061175227	-2.000111	0.23771237	0.0040010177	0.073249996	79.0	21790.069049596786
88	24.0	0.0	0.13259669	20.127773	7.909834	29.845434	-3.889271	2.0586429	0.9250435	5.032087	0.66775435	21.961327	14.885444	3.528351	22.075413	6.8594246	356000	8.8475645e-09	19.327316	-0.0048014396	-0.925076	0.23770636	0.0037819007	0.0225	79.0	22029.956552028656
89	34.0	0.0	0.18085106	18.573048	9.087982	29.16306	-6.608981	2.1747704	0.9589345	5.0810905	0.9131303	21.180851	14.614915	3.837447	22.22641	5.074811	360000	6.519258e-09	22.653294	-0.006084783	-1.9432201	0.23470181	0.009738388	0.0355	79.0	22268.475091457367
90	37.0	0.0	0.19473684	17.94181	9.448821	30.22886	-4.7205243	2.2154262	0.9731905	5.502798	0.91605496	21.005262	13.660956	4.3443327	21.282288	1.6767966	364000	1.4901161e-08	22.79192	-0.0058533307	-0.96567345	0.23247752	0.0032240942	0.02575	79.0	22509.05259823799
91	26.0	0.0	0.1420765	19.105986	7.962425	28.668577	-5.145414	2.077886	0.94440204	4.9458323	0.8964729	21.688524	14.182815	4.3294907	21.340527	-0.30264777	368000	-1.3969839e-09	19.237646	-0.006503362	-0.6397791	0.23350254	0.005783627	0.08925	79.0	22749.321504354477
92	32.0	0.0	0.171123	18.250824	8.700609	28.812838	-5.6295137	2.1773105	1.0195994	5.057139	0.9086615	21.347593	13.864697	3.9499815	20.965336	1.4870056	372000	-3.7252903e-09	23.341143	-0.0062228367	-1.4231195	0.24096131	0.006780038	0.02775	79.0	22992.346338748932
93	33.0	0.0	0.1764706	18.134157	8.600161	27.494293	-3.9427612	2.172623	0.98709166	5.061367	0.9248487	21.245989	13.9012575	3.9306386	21.495998	3.6705887	376000	3.7252903e-09	22.324152	-0.0068745315	-1.1471262	0.23820856	0.003013374	0.03275	79.0	23232.901344776154
94	30.0	0.0	0.16129032	18.962442	8.648681	29.485958	-6.195284	2.1100368	0.9413733	4.8090653	0.66768205	21.419355	13.50326	4.019258	20.947283	1.1077907	380000	0.0	20.033852	-0.005765587	-1.0861168	0.221026	0.005920921	0.03025	79.0	23472.93635582924
95	23.0	0.0	0.12637363	19.051596	8.158432	29.83509	-6.6307983	2.0175152	0.91135824	5.0060678	0.8965906	21.807692	14.339978	4.1550364	21.955803	2.7437863	384000	5.5879354e-09	14.899167	-0.006737562	-0.79897213	0.20644684	0.0026215347	0.03125	79.0	23710.26149868965
96	39.0	0.0	0.20526315	17.695358	9.410596	29.397785	-9.395113	2.215845	0.9517467	5.255202	0.9272766	20.905264	13.970294	4.5922165	21.689629	1.7012258	388000	-3.7252903e-09	22.223999	-0.006489139	-1.7177944	0.2144835	0.0043258737	0.02925	79.0	23948.98485660553
97	31.0	0.0	0.16489361	18.288795	8.695698	29.129042	-6.6203465	2.139787	0.9893262	5.759802	0.9113354	21.25	13.585414	4.306777	21.652708	2.1355972	392000	3.7252903e-09	19.690916	-0.004336063	-1.0087261	0.2099899	0.012274476	0.15475	25.0	24186.271552324295
98	33.0	0.0	0.17460318	18.23664	8.859681	29.72927	-4.739779	2.0378366	0.91340435	4.697747	0.66755015	20.994709	13.880545	4.1578555	22.025965	1.5859088	396000	-3.7252903e-09	19.542034	-0.006525457	-0.74547005	0.21791276	0.0041116937	0.025249999	79.0	24425.838982582092
99	21.0	0.0	0.1160221	19.091843	8.216801	31.834642	-13.464131	2.037696	0.91043246	6.298567	0.6676222	21.944752	14.26525	4.1357217	21.82433	1.1297728	400000	8.381903e-09	18.275654	-0.006106094	-0.3746853	0.21437046	0.0032866383	0.028250001	79.0	24666.09190440178
100	23.0	0.0	0.125	19.172531	7.9237547	29.181232	-5.655541	2.0887864	0.9250859	6.690224	0.91264564	21.673914	13.945567	4.3987284	21.940773	-2.5310733	404000	-3.259629e-09	15.86492	-0.0040597175	-0.95982647	0.2058635	0.0041524963	0.0195	79.0	24904.231901407242
101	29.0	0.0	0.15675676	18.297468	8.767182	29.991423	-6.1414356	2.1554217	0.99306834	5.3910985	0.90691113	21.52973	14.260626	4.266184	21.906706	0.93144053	408000	-3.7252903e-09	18.554708	-0.0060023665	-0.87965345	0.21047321	0.004619375	0.028	79.0	25143.30900979042
102	23.0	0.0	0.125	19.344715	8.187668	29.342228	-4.6222095	2.0597136	0.9081401	5.225933	0.861556	21.663044	13.969064	4.183211	21.343441	0.12520221	412000	-9.313226e-10	18.640415	-0.005624599	-1.9598045	0.20735046	0.002841671	0.0255	79.0	25380.810391664505
103	21.0	0.0	0.11413044	19.225618	7.809539	30.414598	-5.577727	2.007101	0.8909652	5.2756405	0.91388667	21.706522	14.381863	4.0342703	22.307083	-0.19820777	416000	1.8626451e-09	16.120018	-0.005589707	-0.8931837	0.20864162	0.0049320376	0.024750002	79.0	25618.710841178894
104	13.0	0.0	0.11304348	18.802534	8.026257	28.413574	-4.873071	2.0232718	0.87743646	4.9202642	0.6676157	21.382608	12.5953665	4.0609026	22.116177	-16.888659	420000	1.4901161e-08	52.81952	-0.0060214996	-31.083317	0.37307963	0.006453724	0.026	79.0	25928.359075307846
105	30.0	0.0	0.16483517	18.447937	8.654423	31.306818	-4.277296	2.174945	0.9661872	5.597326	0.66755044	21.912088	12.842215	5.598913	21.170422	-0.03366046	424000	2.6077032e-08	30.526432	-0.004345786	-13.165986	0.22685897	0.0038000776	0.026250001	79.0	26170.135770320892
106	24.0	0.0	0.13043478	18.908657	8.172936	29.008478	-4.05662	2.0709136	0.90980047	4.6919785	0.9004907	21.625	14.041712	4.2993946	21.873905	0.54502314	428000	-9.080395e-09	17.96075	-0.006503408	-1.7350197	0.2134412	0.0056574396	0.026500002	79.0	26407.954073905945
107	22.0	0.0	0.12154696	19.249235	7.8638496	28.015575	-4.913794	2.06076	0.80465084	4.972497	0.9152032	22.022099	14.382583	4.075529	21.360357	-0.9767155	432000	7.450581e-09	14.651314	-0.0056862477	-0.8147402	0.21006241	0.0034474772	0.025	79.0	26647.024500846863
108	17.0	0.0	0.096045196	19.68671	7.1272836	28.802794	-7.512957	2.0099456	0.83298075	4.879137	0.90846586	22.37853	14.533908	4.049161	21.192917	0.350842	436000	1.1175871e-08	13.970599	-0.0051237345	-0.709229	0.18617967	0.002399852	0.0175	79.0	26882.878543376923
109	27.0	0.0	0.14594595	18.46349	8.5852785	28.889225	-4.131002	2.1267838	0.8964412	4.575041	0.9092039	21.502703	14.172907	3.986789	22.342712	-2.6719854	440000	-1.3504177e-08	19.155998	-0.006646725	-1.2360353	0.19294138	0.004430192	0.026500002	79.0	27121.262968301773
110	15.0	0.0	0.08196721	19.688381	6.91657	31.477985	-4.005793	2.080897	0.8730708	5.044514	0.9120812	21.825136	14.446089	3.941336	23.7246	-1.9265531	444000	9.313226e-09	14.295366	-0.0055373902	-0.6642337	0.17042205	0.0017167549	0.02225	79.0	27357.172380447388
111	22.0	0.0	0.11891892	18.867283	7.760524	29.192768	-3.7855911	2.0478628	0.8725372	4.7332387	0.67902285	21.535135	14.795682	3.9760873	23.172468	-0.25814128	448000	-8.229108e-09	14.2778	-0.004266002	-1.1864338	0.17623337	0.0030551185	0.02125	79.0	27593.364755392075
112	21.0	0.0	0.114754096	19.52242	7.549214	30.856699	-4.1753635	2.0439155	0.86707616	5.249136	0.667511	21.748634	14.132604	4.350141	21.996635	-2.0061066	452000	7.450581e-09	16.074287	-0.004626088	-1.3745174	0.16615477	0.0021009245	0.0255	79.0	27829.6128282547
113	16.0	0.0	0.08839779	20.221916	6.863218	29.982285	-2.3214233	1.9979951	0.76510376	4.438003	0.6784059	22.027624	14.625237	3.9074214	22.55064	-0.4159544	456000	-3.7252903e-09	13.008654	-0.005622049	-0.79838943	0.17121409	0.0031943317	0.04925	79.0	28066.90522646904
114	12.0	0.0	0.10810811	19.374441	7.507782	30.218573	-6.555034	2.1442733	0.7983888	5.4178605	0.667738	22.261261	13.131362	4.180871	24.363743	-27.720865	460000	-1.4901161e-08	52.74711	-0.00360851	-31.364681	0.26228637	0.0028204354	0.008	79.0	28371.28831267357
115	14.0	0.0	0.07821229	19.77716	6.9775634	28.230333	-4.7693105	2.0102367	0.8376073	5.5316277	0.9094892	22.251396	13.21243	5.4009795	21.209969	-0.8387782	464000	3.8184226e-08	22.796165	-0.0056626974	-9.499956	0.16361831	0.012078816	0.04375	39.0	28604.254025697708
116	20.0	0.0	0.10989011	19.295303	7.672572	28.41306	-4.137758	2.0152242	0.83067	4.8301926	0.8965054	21.851648	14.464297	4.034331	20.917019	-1.586005	468000	3.7252903e-09	13.599187	-0.0047481265	-1.6058097	0.16393822	0.0031530017	0.022	79.0	28838.506779670715
117	6.0	0.0	0.033707865	20.64849	5.9392715	30.52976	-4.4214067	1.8418313	0.7570173	4.3219285	0.6677663	22.426966	14.626631	3.838045	22.374105	-0.75717735	472000	0.0	12.343379	-0.004279744	-1.5898547	0.16790152	0.0023621372	0.0385	79.0	29074.824570655823
118	17.0	0.0	0.093406595	19.069944	7.05684	27.587805	-4.9898686	2.09607	0.8070339	4.9817486	0.9002796	21.884615	15.0465	3.6079848	21.753317	2.5284874	476000	7.450581e-09	13.064777	-0.0076816007	-1.4603219	0.16962907	0.008360757	0.053999998	79.0	29308.14463376999
119	11.0	0.0	0.074324325	20.057123	6.4883804	28.347687	-2.5595255	1.9987216	0.76076865	5.0345855	0.9122532	21.97973	13.894295	4.251848	21.072712	-27.52887	480000	-1.4901161e-08	29.982676	-0.005833082	-10.494301	0.1868141	0.0032744224	0.023249999	79.0	29576.704938173294
120	10.0	0.0	0.055248618	20.041658	6.576335	29.848509	-4.2633123	1.9487432	0.82388026	5.9834714	0.9156777	21.98895	13.77092	4.9630027	21.306152	-2.283331	484000	1.8626451e-09	16.713856	-0.008163912	-5.0833087	0.15182179	0.012198616	0.039499998	42.0	29810.401497125626
121	22.0	0.0	0.11891892	18.77697	7.42252	28.495564	-3.616349	2.0159585	0.9178052	4.9826694	0.91561896	21.475676	14.8274	3.9195235	21.653316	-2.1618314	488000	1.3038516e-08	17.405375	-0.0068480284	-1.9020157	0.12821843	0.00081388373	0.031999998	79.0	30044.002930641174
122	16.0	0.0	0.08648649	19.556295	6.9654856	30.738813	-6.64125	1.9579858	0.8175523	4.36168	0.66563636	21.54054	14.483683	3.8528156	22.374723	-2.7016995	492000	-1.4901161e-08	12.489294	-0.006120356	-1.2101431	0.11955716	0.004833778	0.020750001	79.0	30278.662192344666
123	11.0	0.0	0.06111111	20.047518	6.6136193	29.84037	-6.980056	1.8973504	0.86285937	5.132326	0.90390444	22.122223	14.525942	3.8749995	21.142279	-7.1117096	496000	3.7252903e-09	12.23823	-0.0070812367	-1.3552694	0.13408709	0.001757989	0.0265	79.0	30512.809373617172
124	14.0	0.0	0.07608695	20.083544	6.957021	30.50719	-7.4859986	1.930056	0.8110558	6.003518	0.56085753	21.565218	14.45202	4.020466	23.038364	-0.36328647	500000	-1.8626451e-09	11.33624	-0.0058476217	-1.159977	0.13341153	0.0040521044	0.025249999	79.0	30745.88929963112
