Epoch	Crash_ratio	alpha	entropy	critic1	critic2	LossPi	alpha_loss	critic1_loss	critic2_loss	AverageEpRet	StdEpRet	MaxEpRet	MinEpRet	AverageEpCost	StdEpCost	MaxEpCost	MinEpCost	EpLen	Buffer_size	TotalEnvInteracts	Time
1	0.74058574	0.95167893	1.6063479	1.1563929	1.1629089	-2.6805904	-0.3298986	0.7342017	0.73211473	-6.6637096	9.128953	19.92248	-31.975233	4.5223403	1.1270367	8.24082	1.4136047	16.58159	6000	4000.0	203.23913383483887
2	0.58928573	0.86115307	1.5980902	1.8528957	1.8520766	-3.2334905	-0.9889701	0.67995167	0.68034136	-5.197982	21.878822	20.190516	-261.25488	4.4983616	1.4150757	8.373354	1.2270389	23.839285	7000	8000.0	385.9233207702637
3	0.63580245	0.7792935	1.581758	2.4659555	2.4656875	-3.718348	-1.643803	0.70028424	0.6988009	-2.222163	9.626631	19.774406	-24.691448	4.435721	1.3919667	8.37083	0.9322802	18.641975	8000	12000.0	569.1883769035339
4	0.6037736	0.70533705	1.5456814	3.0329604	3.0328076	-4.175455	-2.287265	0.73066634	0.72894496	-1.3377653	21.2064	20.012848	-277.87735	4.4941034	1.3775958	8.349798	1.5	23.504717	9000	16000.0	746.4167108535767
5	0.4489796	0.6385785	1.4876511	3.5542338	3.5540376	-4.6086736	-2.911914	0.79243785	0.79136366	4.108624	8.901836	22.245163	-19.482922	4.319254	1.4590766	7.77252	0.9227896	20.316326	10000	20000.0	923.2124423980713
6	0.41624364	0.57832044	1.4095472	4.059339	4.0592628	-5.0384603	-3.5120642	0.86058974	0.85890746	6.391381	8.738197	21.8207	-11.532359	4.070652	1.3327484	8.7261915	0.919507	20.411167	11000	24000.0	1097.0943961143494
7	0.35978836	0.5238734	1.3263838	4.5343027	4.534266	-5.4531293	-4.09202	0.9346647	0.9312314	8.580359	9.029075	23.280575	-11.797464	3.877366	1.3327206	8.203396	1.2025069	21.005291	12000	28000.0	1271.8571274280548
8	0.37823835	0.47457692	1.2578337	4.985537	4.9853115	-5.8428173	-4.666255	0.97850794	0.97090304	8.735376	8.84371	26.632671	-8.0777235	3.8346665	1.4740798	7.5781446	0.94478714	20.756477	13000	32000.0	1445.4780986309052
9	0.30208334	0.42987078	1.1970254	5.4003077	5.40064	-6.199707	-5.233972	1.0406162	1.028994	11.623844	8.679601	24.66421	-9.971011	3.406105	1.366812	7.5275774	0.9211713	20.875	14000	36000.0	1618.9787476062775
10	0.3265306	0.3893449	1.1458033	5.7896967	5.789912	-6.5350537	-5.7994328	1.0902337	1.0748694	11.551464	9.344121	28.396362	-8.957772	3.2662528	1.2817764	6.952661	0.9280452	20.433674	15000	40000.0	1790.4473497867584
11	0.24338624	0.35260528	1.094591	6.117664	6.1178117	-6.8143477	-6.355267	1.1378185	1.1181947	13.434628	8.365559	24.371534	-6.5985336	3.115901	1.1510178	5.86282	0.89652854	21.026455	16000	44000.0	1963.0849294662476
12	0.28282827	0.31930926	1.0511214	6.4426465	6.442616	-7.08362	-6.9102345	1.1889238	1.1648225	12.568658	8.902264	28.536133	-6.2419567	3.1804082	1.3117542	6.490762	0.909856	20.171717	17000	48000.0	2136.1619544029236
13	0.26804122	0.2891365	1.0075631	6.7264285	6.7266316	-7.3243365	-7.456712	1.2306367	1.2031007	13.626587	9.067433	27.762575	-5.690965	3.0011318	1.3185314	6.221923	0.92831737	20.747423	18000	52000.0	2306.6782262325287
14	0.20418848	0.2618107	0.96706057	6.9813614	6.9816895	-7.5323267	-7.9988656	1.2674499	1.2348018	14.829222	8.353861	27.619658	-5.941771	2.7347476	1.2174652	6.4714336	0.9199604	20.937172	19000	56000.0	2477.4436173439026
15	0.18421052	0.23706469	0.92025393	7.2203784	7.2208505	-7.7333817	-8.523707	1.2871008	1.2534876	15.463956	8.255631	28.503	-4.3988605	2.7181025	1.1406275	7.368515	0.65357834	20.984211	20000	60000.0	2647.801219701767
16	0.21354167	0.21467611	0.87551564	7.4383283	7.4382854	-7.916323	-9.042406	1.29627	1.2599881	15.087349	8.330259	28.085112	-4.3940115	2.605851	1.1666492	5.8236346	0.89147085	20.901041	21000	64000.0	2818.4088003635406
17	0.19689119	0.19440417	0.8217983	7.6383934	7.6387467	-8.088793	-9.537193	1.3417529	1.3048595	15.519651	8.724275	28.474041	-5.1299176	2.500275	1.085334	5.3101187	0.91326064	20.735752	22000	68000.0	2989.583895921707
18	0.16489361	0.17604588	0.7784923	7.8518705	7.851839	-8.276432	-10.039353	1.330928	1.2941194	16.582888	8.050803	28.68137	-4.4921665	2.4060652	1.0119311	5.3525395	0.9222797	21.127659	23000	72000.0	3159.6634306907654
19	0.18324608	0.1594231	0.72751606	8.029262	8.029144	-8.4341345	-10.518758	1.3929057	1.3550682	15.55254	7.5961084	28.117098	-3.3570402	2.49291	1.1111261	6.1506877	0.9122757	21.09424	24000	76000.0	3329.4495811462402
20	0.21761657	0.14437103	0.68861794	8.240155	8.239348	-8.621026	-11.01171	1.3699362	1.3329817	15.483503	8.861746	28.611095	-5.8014355	2.487037	1.1674564	6.742573	0.89799225	20.673574	25000	80000.0	3498.9110424518585
21	0.12903225	0.13072449	0.6499216	8.447517	8.449381	-8.802545	-11.497721	1.4240671	1.3873925	16.27918	7.646664	29.70294	-3.8649485	2.2180688	1.025872	5.5975595	0.9095392	21.569893	25000	84000.0	3667.7162432670593
22	0.112299465	0.11837146	0.60376984	8.746216	8.746686	-9.069293	-11.959929	1.3965688	1.3618145	17.829872	7.104846	28.776518	-2.1798582	2.1247227	0.95238495	5.58375	0.92392397	21.320856	25000	88000.0	3835.2116963863373
23	0.14659686	0.1071989	0.55033726	9.007417	9.007876	-9.311149	-12.39619	1.4038981	1.3687642	16.910072	7.776789	32.114223	-3.803873	2.1044586	1.1010132	5.739398	0.89561766	20.989529	25000	92000.0	4002.5468797683716
24	0.123655915	0.09707726	0.5137317	9.270167	9.270625	-9.555679	-12.861373	1.4294426	1.3989426	16.801714	7.2580724	27.402603	-3.6617844	2.131918	1.0264828	5.373604	0.6664641	21.42473	25000	96000.0	4171.0677754879
25	0.14136125	0.087910004	0.46314502	9.529247	9.529686	-9.798886	-13.28532	1.4677078	1.4350674	16.410995	7.655459	27.983849	-4.9949074	2.1421826	0.99755275	5.952284	0.91012293	21.052357	25000	100000.0	4339.942243337631
26	0.10695187	0.07960311	0.43610024	9.837793	9.84045	-10.080535	-13.759226	1.4419658	1.4106762	17.12249	7.282696	29.617296	-5.12677	2.0601628	1.0154909	5.756261	0.91535234	21.379679	25000	104000.0	4509.463375329971
27	0.10869565	0.07206581	0.41255248	10.165481	10.165175	-10.369468	-14.237823	1.3865114	1.3564168	17.41601	7.2238784	32.330547	-2.8613281	2.096411	1.0347545	5.5450397	0.9103558	21.809782	25000	108000.0	4679.672439098358
28	0.082417585	0.06524417	0.3789748	10.4631815	10.462285	-10.638134	-14.684341	1.3310398	1.3038831	17.70315	6.865129	28.82038	-4.9233794	2.0241523	1.0399917	5.8010464	0.89473784	21.928572	25000	112000.0	4851.314950942993
29	0.033707865	0.059072044	0.34850135	10.741495	10.740481	-10.897596	-15.132988	1.267126	1.2395583	18.968342	5.34469	30.428144	-1.5288154	1.8061229	0.78031695	4.891677	0.8965322	22.297752	25000	116000.0	5022.529215097427
30	0.054945055	0.053483307	0.30866823	11.003086	11.00473	-11.135787	-15.547811	1.2048289	1.1796497	18.665054	5.8878155	27.60602	-1.3612465	1.9477907	0.85620785	5.295885	0.91677177	22.142857	25000	120000.0	5192.915401697159
31	0.0718232	0.048424065	0.2807207	11.250029	11.24947	-11.357606	-15.99076	1.1369374	1.1080322	18.136421	6.338237	27.952398	-3.8693812	1.9941298	0.96975434	5.547236	0.9038465	21.972376	25000	124000.0	5364.789834499359
32	0.08064516	0.043836314	0.2684756	11.482683	11.482012	-11.5697155	-16.478176	1.0690938	1.0381614	18.139248	6.6679726	30.963087	-2.943816	2.0172377	0.9797042	5.9202027	0.67469543	21.655914	25000	128000.0	5536.529114723206
33	0.049723756	0.03967689	0.25848496	11.657749	11.658857	-11.731061	-16.971249	1.0066705	0.974814	18.527851	5.8643675	32.115643	-3.8962348	1.8723863	0.9220339	6.0166125	0.8954465	22.03315	25000	132000.0	5708.337947368622
34	0.016574586	0.03590473	0.2581252	11.86109	11.860162	-11.922437	-17.494888	0.93338305	0.9020146	19.287657	4.667314	26.53279	-4.0622973	1.8275696	0.7140907	5.6010203	0.90642786	22.060774	25000	136000.0	5881.300166130066
35	0.03954802	0.032495625	0.24417648	12.046142	12.047018	-12.09651	-17.972038	0.86998266	0.838386	19.560698	5.028752	27.491383	-1.7118074	1.9830145	0.9116937	5.665892	0.6645026	22.757063	25000	140000.0	6056.546043395996
36	0.034285713	0.029408868	0.2330357	12.196783	12.196447	-12.241846	-18.456154	0.8246439	0.7915073	20.070835	4.8841476	29.035614	-3.288686	1.9358329	0.8391457	6.6327653	0.89295626	22.777143	25000	144000.0	6232.091220855713
37	0.01734104	0.026615478	0.2225955	12.357898	12.358471	-12.400236	-18.940502	0.7806377	0.74888134	20.434565	4.5246015	30.296526	-5.2181087	1.7957675	0.6855023	5.06757	0.6711432	23.028902	25000	148000.0	6409.176885604858
38	0.011560693	0.024089187	0.20268558	12.517486	12.517062	-12.554779	-19.387146	0.7021627	0.6723103	20.700264	3.8912866	31.062113	-1.6542287	1.8111036	0.6778421	5.0791683	0.91375256	23.231215	25000	152000.0	6587.031470537186
39	0.017441861	0.021803059	0.19163145	12.671573	12.6700325	-12.702214	-19.863672	0.6544337	0.6244438	20.168404	4.4105535	29.617058	-5.383541	1.8969226	0.7381308	5.580236	0.6677559	23.156977	25000	156000.0	6764.518760442734
40	0.028901733	0.019733159	0.18152684	12.783848	12.783742	-12.809914	-20.342035	0.62346184	0.5956971	20.556301	4.990332	31.564512	-4.187362	1.9919751	0.77390796	5.8416314	0.9095364	23.156069	25000	160000.0	6944.075874328613
41	0.023255814	0.017857624	0.17997678	12.909769	12.910336	-12.93066	-20.853216	0.582549	0.5562914	20.47766	4.566364	29.726282	-4.352914	1.8939383	0.6965533	5.8018517	0.6748787	23.180233	25000	164000.0	7122.439536571503
42	0.0	0.01615995	0.17569253	13.02171	13.020426	-13.035939	-21.353016	0.56064767	0.5331962	20.7496	3.7167182	29.650969	5.1004004	1.8569438	0.6998807	5.4167714	0.92042935	23.33721	25000	168000.0	7301.363802909851
43	0.0	0.014624039	0.16448666	13.130442	13.129447	-13.13777	-21.822515	0.53062546	0.50830764	20.459017	3.7757754	28.640173	7.5082297	1.8499815	0.6938544	4.11164	0.9172549	23.074713	25000	172000.0	7480.580522060394
44	0.0058139535	0.0132331485	0.17037524	13.253376	13.252165	-13.252662	-22.364029	0.49258298	0.4686493	20.914654	3.8788447	29.753296	-2.8987207	1.8282108	0.67936146	5.6189156	0.7271248	23.034883	25000	176000.0	7659.400330781937
45	0.0056818184	0.011975516	0.15208651	13.323896	13.326338	-13.317862	-22.799488	0.46792033	0.44523454	20.827888	3.3574862	28.120602	4.190207	1.8362614	0.66472983	5.396097	0.83687574	22.795454	25000	180000.0	7838.589057922363
46	0.0056497175	0.010837772	0.14854035	13.425629	13.424538	-13.415782	-23.297821	0.46610895	0.44458434	20.72912	3.5959713	28.152508	-4.203033	1.9094801	0.6857414	5.427797	0.92596847	22.706215	25000	184000.0	8013.8312957286835
47	0.017142856	0.0098075755	0.14243634	13.517889	13.518309	-13.506125	-23.7838	0.43741402	0.41788474	20.740314	4.114737	27.161953	-2.599976	1.8641082	0.72690666	4.6668315	0.91070527	22.657143	25000	188000.0	8191.252470970154
48	0.011299435	0.008875051	0.14150742	13.602444	13.6010275	-13.584096	-24.293226	0.43006548	0.41030732	20.991917	3.66908	28.095148	2.514055	1.7995625	0.623232	5.0808735	0.91878027	22.858757	25000	192000.0	8369.796129226685
49	0.0057471264	0.008031008	0.13589664	13.6836405	13.682278	-13.66204	-24.779879	0.42046216	0.40217698	21.008106	3.5270205	29.672483	1.4764094	1.8734245	0.608484	4.909202	0.92820907	22.793104	25000	196000.0	8548.345268249512
50	0.011235955	0.0072675026	0.13120428	13.774889	13.775184	-13.753718	-25.269886	0.40610254	0.38676032	20.734987	3.4959104	29.08083	-0.5828581	1.8133079	0.5796361	4.1661315	0.90996754	22.634832	25000	200000.0	8725.610091924667
51	0.0056818184	0.006576231	0.13122699	13.832446	13.832416	-13.806651	-25.782831	0.3845761	0.3695415	21.318064	3.956822	29.891747	-4.674853	1.8400917	0.7054297	4.90248	0.9004647	22.607954	25000	204000.0	8903.1725127697
52	0.0056497175	0.0059510516	0.12226488	13.926922	13.927215	-13.898108	-26.24955	0.3578407	0.3420107	20.875462	3.604697	29.530174	4.183123	1.910937	0.6267675	4.7299595	0.6800477	22.649717	25000	208000.0	9078.808335065842
53	0.011235955	0.0053850687	0.12408946	14.001893	14.003756	-13.972492	-26.771008	0.35802054	0.34077588	20.713005	3.8229427	28.868916	-4.4771895	1.819912	0.55117893	3.7253077	0.91906345	22.477528	25000	212000.0	9254.602277517319
54	0.0	0.004872905	0.11601426	14.074824	14.073836	-14.039484	-27.240097	0.3304266	0.31495026	21.499025	3.0061133	28.597033	10.901664	1.826837	0.5455741	3.4543965	0.8995245	22.76	25000	216000.0	9429.908828258514
55	0.0056497175	0.004409574	0.1134131	14.118838	14.118234	-14.083486	-27.737125	0.31566626	0.30029473	20.484472	3.9091349	27.693907	-3.8274386	1.8870839	0.6803373	4.3949804	0.9026758	22.525423	25000	220000.0	9606.564118862152
56	0.0	0.0039903102	0.107925475	14.195404	14.196318	-14.158652	-28.217701	0.32094532	0.30394444	21.521486	3.3816807	29.37127	11.340718	1.8322769	0.58199334	3.891614	0.89081043	22.444445	25000	224000.0	9782.30838227272
57	0.0	0.0036108722	0.10458234	14.262006	14.265011	-14.227109	-28.70926	0.31007966	0.29510388	20.97354	3.4207275	28.42639	10.416262	1.8476373	0.56573975	3.3417742	0.67113274	22.463276	25000	228000.0	9957.66205239296
58	0.016666668	0.0032673753	0.10744116	14.337036	14.336241	-14.298258	-29.236	0.29855642	0.28401297	21.126133	4.0791063	27.215227	-4.004697	1.7541388	0.57030815	3.7136583	0.9088124	22.338888	25000	232000.0	10133.672998666763
59	0.011235955	0.0029563992	0.10426829	14.402178	14.403086	-14.363334	-29.728235	0.29421443	0.27931166	20.74361	3.9077702	29.135134	-0.32893345	1.822113	0.5519291	3.8007858	0.9361655	22.24719	25000	236000.0	10307.543173074722
60	0.0055555557	0.0026750704	0.10669987	14.441321	14.440821	-14.400612	-30.253117	0.28320724	0.2703214	20.773836	3.9201226	30.12915	-0.92175996	1.8364329	0.5502838	3.9631805	0.9089356	22.416666	25000	240000.0	10482.074429512024
61	0.0	0.0024204669	0.102697134	14.5045395	14.503877	-14.462861	-30.73965	0.2683068	0.2555009	21.33597	3.0470502	27.352713	9.855737	1.7769586	0.5408359	3.4262516	0.67892516	22.429379	25000	244000.0	10655.435333967209
62	0.02793296	0.0021902884	0.09859638	14.538321	14.537495	-14.496882	-31.224531	0.26600343	0.25172004	20.474415	4.5859666	30.665163	-2.6633346	1.8759301	0.6958454	4.495558	0.908419	22.508379	25000	248000.0	10831.653079509735
63	0.02793296	0.0019819343	0.09565987	14.575842	14.577486	-14.532928	-31.715836	0.26266024	0.24979068	20.70575	4.7896442	27.807816	-6.247951	1.8446683	0.6224937	4.293672	0.8997425	22.351955	25000	252000.0	11007.263725757599
64	0.0055555557	0.0017934033	0.09496628	14.629332	14.630077	-14.586709	-32.220875	0.2638105	0.25272462	20.877466	3.5625792	28.920586	2.8698685	1.7508905	0.5218067	4.2673736	0.88303065	22.25	25000	256000.0	11183.184222459793
65	0.02173913	0.0016227392	0.09289199	14.635238	14.634315	-14.589622	-32.717022	0.27340576	0.25201815	20.522516	4.393459	27.575813	-0.6387037	1.8655541	0.62062925	4.4363213	0.6748855	22.072464	25000	260000.0	11382.044015169144
66	0.02259887	0.0014683201	0.09174707	14.629694	14.630761	-14.584633	-33.21881	0.26775393	0.25281593	20.925653	5.023664	30.192875	-18.16583	1.7754768	0.64115	4.4952607	0.5	28.0113	25000	264000.0	11559.969809055328
67	0.022346368	0.0013285927	0.09002914	14.666098	14.666451	-14.620691	-33.716595	0.26385674	0.25033584	20.53244	4.8618007	29.242208	-3.9021056	1.7477492	0.6074103	4.8323174	0.9040951	22.24581	25000	268000.0	11736.27548789978
68	0.027777778	0.0012021651	0.089155875	14.692968	14.693115	-14.647811	-34.219734	0.25977442	0.24887757	20.89158	4.5659766	28.035358	-3.290238	1.8190119	0.6268908	4.4184203	0.9212248	22.161112	25000	272000.0	11909.966001272202
69	0.02173913	0.0010877321	0.090154104	14.722472	14.723041	-14.676589	-34.735573	0.26080573	0.24893853	21.077429	4.0094247	27.380543	0.31472778	1.8002777	0.6343473	4.2978034	0.9034337	21.961956	25000	276000.0	12084.285333395004
70	0.05586592	0.0009842159	0.08732109	14.743438	14.742613	-14.69716	-35.225037	0.26795587	0.25816172	20.196875	5.650458	27.988789	-6.293325	1.8706696	0.75157905	5.9352584	0.9093702	22.156425	25000	280000.0	12258.80844426155
71	0.021978023	0.00089055166	0.08558404	14.750623	14.751776	-14.704775	-35.721558	0.26557437	0.25721258	20.75306	4.741156	27.84991	-5.535854	1.8686945	0.6133425	3.938204	0.90644896	22.043957	25000	284000.0	12435.408293247223
72	0.05027933	0.00080580794	0.08492653	14.758735	14.758991	-14.712275	-36.22545	0.27683327	0.26946494	20.901493	5.2691545	30.634375	-2.0250673	1.8942424	0.710226	4.6737437	0.9084673	22.29609	25000	288000.0	12611.515228033066
73	0.044444446	0.000729103	0.08444745	14.774066	14.7730665	-14.725133	-36.73058	0.29347742	0.2859564	20.794172	5.3176236	29.636803	-5.6164365	1.8352308	0.7495954	4.7890368	0.86275524	22.194445	25000	292000.0	12786.858633756638
74	0.043956045	0.0006597206	0.082930006	14.776162	14.776127	-14.727879	-37.227936	0.2809093	0.27447027	20.238115	5.474547	29.286	-8.033167	1.889917	0.71385986	4.4803095	0.91064423	22.131868	25000	296000.0	12963.06672501564
75	0.016759777	0.0005969243	0.08387372	14.78582	14.78669	-14.736729	-37.74336	0.2841087	0.2783175	21.480583	3.822513	29.205975	-0.39616957	1.7284493	0.6058243	4.655409	0.9105412	22.273743	25000	300000.0	13138.860188961029
76	0.005586592	0.00054010644	0.08285908	14.785872	14.785201	-14.737142	-38.24428	0.2912787	0.28652227	21.92416	3.2816052	29.885483	0.44894752	1.7752583	0.51358825	4.199642	0.92342645	22.418995	25000	304000.0	13314.920809984207
77	0.033707865	0.00048868824	0.08255682	14.766493	14.767461	-14.715682	-38.750378	0.29016414	0.28572887	21.072233	4.6545167	29.596415	0.43914947	1.8871678	0.70025945	4.6515703	0.6670397	22.376404	25000	308000.0	13490.501107215881
78	0.033519555	0.00044218014	0.08259879	14.736721	14.7366295	-14.687308	-39.25907	0.2959347	0.2926631	21.672491	5.090126	30.039272	-2.7791362	1.8290896	0.6309518	4.2598743	0.9238096	22.318436	25000	312000.0	13667.700019359589
79	0.033519555	0.0004000947	0.08065684	14.73955	14.738838	-14.689725	-39.752186	0.2810932	0.2771916	21.493385	4.6998806	29.333796	-1.8456447	1.838405	0.65721923	4.600941	0.9040833	22.284916	25000	316000.0	13842.837939977646
80	0.044198897	0.0003620159	0.080493376	14.739947	14.739129	-14.68961	-40.259014	0.30174848	0.2985261	21.002277	5.428157	29.679443	-4.689838	1.9266047	0.7428085	4.6249704	0.83000594	22.243093	25000	320000.0	14020.068170309067
81	0.011363637	0.0003275519	0.08042145	14.748798	14.7481985	-14.700052	-40.766766	0.2984998	0.2960857	21.585052	3.6119668	29.957205	0.37761468	1.7537484	0.5696137	4.9931793	0.68350714	22.670454	25000	324000.0	14198.311425685883
82	0.027777778	0.00029634262	0.08203441	14.725901	14.725242	-14.676531	-41.28857	0.30612302	0.30437738	21.631033	4.792295	30.527489	-4.3137126	1.8326253	0.62703085	4.7495747	0.9096939	22.383333	25000	328000.0	14375.138597726822
83	0.02793296	0.00026810696	0.07855359	14.725979	14.7237215	-14.673167	-41.768776	0.29815713	0.29598886	21.161892	4.307826	28.040228	0.4779573	1.770991	0.55651975	3.672509	0.91442376	22.240223	25000	332000.0	14551.784081697464
84	0.02259887	0.00024256123	0.07844009	14.743291	14.743398	-14.690275	-42.276356	0.30869743	0.3067815	21.432869	4.30413	29.376705	-1.274609	1.7990243	0.6212974	3.9448495	0.91103864	22.474577	25000	336000.0	14729.453895568848
85	0.016853932	0.00021944949	0.07749721	14.734168	14.731998	-14.680547	-42.776962	0.31368062	0.31179756	21.727095	4.176694	30.639936	-1.8625442	1.7784818	0.5601995	3.678888	0.9200576	22.60674	25000	340000.0	14907.14058971405
86	0.016759777	0.00019854019	0.07612948	14.728836	14.729147	-14.677504	-43.273613	0.30717817	0.3062103	21.556417	4.159306	29.488714	-0.49951982	1.7441459	0.63061446	4.572232	0.6677891	22.284916	25000	344000.0	15083.12370967865
87	0.017045455	0.00017962327	0.0749831	14.736874	14.737281	-14.685168	-43.772064	0.31553847	0.31432	21.112375	3.9387307	30.455254	-0.013176282	1.8821709	0.6836256	5.116303	0.8975267	22.77841	25000	348000.0	15260.94456243515
88	0.028089888	0.00016250844	0.07271939	14.75366	14.753485	-14.702406	-44.26045	0.32861355	0.32884863	21.096018	4.78554	28.712713	-0.5523316	1.8376042	0.6548066	4.999035	0.9052781	22.376404	25000	352000.0	15436.740384340286
89	0.044692736	0.00014702433	0.07236044	14.7559595	14.756805	-14.7059965	-44.76526	0.31845173	0.3186823	21.057453	5.3961973	29.928185	-4.5601363	1.8573138	0.76610357	5.2068043	0.6677895	22.435755	25000	356000.0	15615.717550754547
90	0.034965035	0.00013301524	0.0729417	14.735809	14.735607	-14.683174	-45.278355	0.32952234	0.3317607	21.67706	4.7592297	29.6447	0.50200707	1.8057826	0.791924	5.0346737	0.9190778	22.244755	25000	360000.0	15814.951396942139
91	0.01734104	0.00012034105	0.07168315	14.737742	14.739239	-14.68537	-45.77496	0.32079113	0.32244942	20.859257	4.713432	28.081148	-18.49396	1.8101898	0.59703857	4.947047	0.0	27.768785	25000	364000.0	15998.190587997437
92	0.011111111	0.00010887447	0.07039366	14.742975	14.741243	-14.689171	-46.271038	0.30652833	0.3069554	21.847773	3.556377	28.8072	2.1351717	1.7455068	0.5701532	4.335376	0.6751176	22.255556	25000	368000.0	16175.315222263336
93	0.011111111	9.8500386e-05	0.07024216	14.7521715	14.752252	-14.700249	-46.77739	0.30168867	0.30342743	21.38035	3.834601	30.08916	-0.94034183	1.824745	0.6134973	4.454541	0.8932029	22.244444	25000	372000.0	16349.993203163147
94	0.011111111	8.9114816e-05	0.06976799	14.771925	14.7708845	-14.717969	-47.280666	0.31629804	0.3167409	21.160084	3.7508283	27.837942	-2.4270124	1.8275007	0.5710148	4.2588816	0.900986	22.227777	25000	376000.0	16524.832315921783
95	0.016666668	8.0623475e-05	0.069085546	14.7677145	14.7664	-14.714708	-47.78186	0.297857	0.29900602	21.105026	4.001836	30.196627	-0.3034835	1.7978177	0.5722894	3.7126212	0.67889357	22.177778	25000	380000.0	16699.466713428497
96	0.033333335	7.294126e-05	0.06818425	14.777513	14.777171	-14.724192	-48.280914	0.30449086	0.30679977	20.721455	4.5382905	28.192108	-0.5144366	1.7838638	0.7221819	4.9334397	0.90854514	22.288889	25000	384000.0	16876.6427090168
97	0.016853932	6.5991146e-05	0.067332335	14.777095	14.778262	-14.72706	-48.78023	0.2977671	0.2997578	21.205612	4.222773	28.536175	-2.9583664	1.8575597	0.6369324	3.9591746	0.89818686	22.432585	25000	388000.0	17052.06848883629
98	0.032967035	5.97032e-05	0.067073174	14.788518	14.789388	-14.736823	-49.285126	0.2892088	0.2896373	20.829927	5.0156946	28.918522	-5.355975	1.8084157	0.6758852	5.5781713	0.8200332	21.994505	25000	392000.0	17228.78490614891
99	0.027624309	5.4014487e-05	0.06443945	14.793867	14.7943325	-14.741937	-49.766613	0.2922681	0.2932955	21.148514	4.4250965	28.072002	-2.868155	1.9169902	0.6100619	4.5061054	0.66779214	22.121548	25000	396000.0	17404.3514482975
100	0.022222223	4.8867736e-05	0.06482536	14.811783	14.814216	-14.763254	-50.277554	0.28982362	0.289148	21.154537	4.1666	28.048605	-4.6280117	1.7990081	0.5942732	4.8639235	0.93129927	22.072222	25000	400000.0	17578.958168506622
101	0.016853932	4.421135e-05	0.06491872	14.802434	14.802069	-14.750639	-50.785686	0.29981783	0.30094984	21.033667	4.563062	27.629347	-10.0451145	1.8184837	0.60490036	4.818897	0.91009206	22.511236	25000	404000.0	17754.591812610626
102	0.022099448	3.999865e-05	0.064779244	14.813424	14.814289	-14.762625	-51.291443	0.28885362	0.28966093	21.041801	4.749213	30.727379	-0.5097736	1.8026062	0.629988	4.1125717	0.6684844	22.21547	25000	408000.0	17930.89692592621
103	0.016574586	3.6187386e-05	0.064910986	14.824976	14.824221	-14.773559	-51.799923	0.2684755	0.26876515	21.326914	3.4008932	27.115217	3.5987647	1.7932453	0.58316106	3.8323748	0.9189699	22.049725	25000	412000.0	18105.180092573166
104	0.016759777	3.273928e-05	0.06439007	14.837924	14.836845	-14.785449	-52.30173	0.27024946	0.2699041	21.217192	3.9839056	27.763805	2.0984223	1.8332758	0.62708515	4.4024506	0.91713023	22.351955	25000	416000.0	18281.092078208923
105	0.011173184	2.961972e-05	0.06274225	14.850039	14.850893	-14.79917	-52.79166	0.27018046	0.26915315	21.444962	3.4852426	28.487469	2.8033216	1.8069649	0.6079517	4.7244854	0.9109147	22.357542	25000	420000.0	18457.235933303833
106	0.02793296	2.6797396e-05	0.06305719	14.868779	14.86842	-14.815999	-53.301945	0.2639873	0.26424354	21.03979	4.2575984	28.741236	1.7769312	1.8368908	0.70575	4.5540066	0.9040902	22.256983	25000	424000.0	18633.317848682404
107	0.027777778	2.424393e-05	0.06823645	14.868918	14.868006	-14.817055	-53.864246	0.26626667	0.26709113	20.903929	4.1889663	29.774355	2.632299	1.8925868	0.63938963	4.351481	0.9131468	22.255556	25000	428000.0	18810.120260477066
108	0.016759777	2.1928114e-05	0.104645185	14.865021	14.864144	-14.815996	-54.763367	0.2697419	0.26997477	21.309155	4.3587127	28.880547	-1.758605	1.8128527	0.6224432	5.2802634	0.8949156	22.340782	25000	432000.0	18987.06210899353
109	0.0055555557	1.9837953e-05	0.10113004	14.880707	14.881573	-14.833668	-55.23672	0.26870313	0.26838472	21.524818	3.2709887	28.590416	4.2567115	1.788386	0.56910235	4.4030776	0.91204983	22.244444	25000	436000.0	19163.90039873123
110	0.011235955	1.7947692e-05	0.09994686	14.875513	14.87485	-14.827451	-55.7346	0.2611508	0.2617548	21.157885	3.9792993	28.069515	-2.995389	1.8619651	0.59950566	4.0379543	0.73136663	22.41573	25000	440000.0	19342.085408210754
111	0.011173184	1.6237598e-05	0.09969323	14.885178	14.885019	-14.83677	-56.24247	0.2656653	0.2664448	21.30534	3.8775218	28.51614	-4.011741	1.8973314	0.6403511	4.3097396	0.9290585	22.553072	25000	444000.0	19519.633231639862
112	0.011363637	1.4690496e-05	0.09762923	14.892662	14.894142	-14.843886	-56.730087	0.2709259	0.271455	21.900177	3.582387	29.490698	2.0614667	1.8235486	0.6405068	4.965158	0.9069228	22.59091	25000	448000.0	19697.16077709198
113	0.0056818184	1.3290878e-05	0.09432858	14.89333	14.892825	-14.845237	-57.203457	0.2626179	0.26426518	22.109379	3.6115372	29.505816	0.1510249	1.8295922	0.5473609	3.9902906	0.906531	22.556818	25000	452000.0	19874.271197080612
114	0.011111111	1.2024555e-05	0.09280389	14.9181	14.915334	-14.867283	-57.69624	0.24815355	0.2478106	21.881298	3.7113314	31.495878	-0.8579945	1.8010877	0.5785466	4.8878274	0.91341954	22.272223	25000	456000.0	20051.331547260284
115	0.011235955	1.087888e-05	0.09485095	14.951513	14.951789	-14.900728	-58.22965	0.2411275	0.24098483	21.953794	4.1856856	30.53581	0.13736089	1.852165	0.5858641	5.109515	0.92287993	22.657303	25000	460000.0	20226.977494478226
116	0.011235955	9.842461e-06	0.09185641	14.983554	14.982137	-14.934375	-58.705093	0.24486487	0.2443438	21.512276	3.7200341	28.788427	-0.8910746	1.772057	0.57765245	3.6320937	0.65922546	22.432585	25000	464000.0	20404.856803655624
117	0.011049724	8.904684e-06	0.088821374	14.983795	14.983426	-14.933797	-59.179657	0.2426813	0.24197225	21.712358	3.8873916	29.21313	-0.071217015	1.7756182	0.5275983	4.185712	0.9137427	22.160221	25000	468000.0	20581.22270178795
118	0.005586592	8.056301e-06	0.08693141	14.973867	14.974358	-14.925306	-59.667038	0.24225628	0.24182957	21.536684	3.5038173	29.030363	-2.5548472	1.7516352	0.52887106	4.1732044	0.6758778	22.307262	25000	472000.0	20757.602784395218
119	0.01754386	7.2887206e-06	0.08230255	14.954287	14.955359	-14.906192	-60.12168	0.24752225	0.249338	22.08594	3.5102572	30.299429	6.1422133	1.7941428	0.59808224	4.4659853	0.6376186	22.473684	25000	476000.0	20960.05543231964
120	0.0	6.5942636e-06	0.08340878	14.87695	14.875318	-14.827216	-60.643673	0.2648206	0.26422387	21.044847	5.586048	29.316786	-21.626461	1.7611777	0.56929976	3.1735902	0.0	34.794872	25000	480000.0	21150.06577539444
121	0.022346368	5.96595e-06	0.08373442	14.868953	14.868805	-14.818964	-61.156696	0.24602231	0.24568345	21.360699	4.126539	27.82507	-1.234159	1.8769944	0.70152336	5.4063087	0.9087194	22.329609	25000	484000.0	21326.82873392105
122	0.033333335	5.397486e-06	0.08363739	14.857819	14.8577795	-14.807783	-61.664436	0.250552	0.25102395	21.233637	4.6024547	28.43017	-0.08184072	1.84634	0.6440257	4.961503	0.91192085	22.133333	25000	488000.0	21520.200665950775
123	0.012048192	4.8831907e-06	0.08547022	14.808094	14.808197	-14.758976	-62.195976	0.2466486	0.24811517	21.264854	4.776028	29.852625	-20.520325	1.7429765	0.5692998	4.0904307	0.0	28.295181	25000	492000.0	21705.442516565323
124	0.033898305	4.417902e-06	0.08372162	14.8135395	14.813215	-14.763542	-62.68361	0.2286318	0.22875923	21.150517	4.791108	30.605331	-2.5303283	1.8673754	0.70673287	4.546729	0.9161063	22.508474	25000	496000.0	21883.02291536331
125	0.016666668	3.996954e-06	0.08221829	14.799968	14.798434	-14.749646	-63.173996	0.25337952	0.253321	21.52106	4.146589	28.423082	-2.5620422	1.8502797	0.5929188	4.2914305	0.92086065	22.26111	25000	500000.0	22059.541091680527
