Epoch	penalty	Crash_ratio	alpha	entropy	critic1	critic2	cost	LossPi	alpha_loss	critic1_loss	critic2_loss	cost_loss	sigma	AverageEpRet	StdEpRet	MaxEpRet	MinEpRet	AverageEpCost	StdEpCost	MaxEpCost	MinEpCost	EpLen	Buffer_size	TotalEnvInteracts	Time
1	1.0583067	0.5294118	0.95171535	1.5893064	0.95521396	0.9596929	0.2377814	-2.224457	-0.3284823	1.8862431	1.8746303	0.14013489	0.100005016	5.0578756	8.556491	21.656218	-7.723495	4.587362	1.6836555	13.552472	1.4219952	17.891403	5998	4000.0	277.72684478759766
2	1.1661965	0.41346154	0.8613547	1.5511724	1.149846	1.1487024	0.28691608	-2.2060103	-0.9802012	2.236061	2.228541	0.124337375	0.105005264	8.242227	8.664249	24.978817	-8.296649	4.466113	1.5505552	10.411718	1.245783	19.274038	6999	8000.0	564.8643941879272
3	1.2734787	0.3554217	0.7796696	1.5163972	1.2245728	1.2239457	0.31013006	-2.095986	-1.6242387	2.5083044	2.4977705	0.119528435	0.110255525	9.421288	8.409632	24.219606	-7.1419287	4.097575	1.4807489	9.219982	0.6962146	19.361446	7999	12000.0	850.1182615756989
4	1.3801535	0.30994153	0.7058476	1.4607022	1.282019	1.2816758	0.33361363	-1.9787786	-2.2526774	2.7089024	2.6950743	0.1123586	0.11576826	10.113502	23.160637	30.16108	-268.39767	3.7337174	1.4098047	6.9490356	0.904542	25.526316	8998	16000.0	1138.6673016548157
5	1.4858141	0.33333334	0.63915896	1.4051402	1.3713841	1.3714042	0.35399246	-1.9024034	-2.8689983	2.8349211	2.8231528	0.10379011	0.12155673	10.880259	20.525541	26.7344	-234.00145	3.7268283	1.4948775	7.2915807	1.0	25.471264	9998	20000.0	1428.0020377635956
6	1.5916189	0.2717949	0.5788705	1.3273729	1.5034467	1.5036193	0.3824355	-1.8696631	-3.4608622	3.0500348	3.0392349	0.09594098	0.12763457	14.27313	8.582356	28.2659	-6.8110456	3.5550666	1.4208527	7.8273644	0.93800414	20.507692	10998	24000.0	1703.0378618240356
7	1.6975673	0.25165564	0.5243934	1.2439629	1.6430166	1.643973	0.40915802	-1.8493553	-4.0324516	3.1480284	3.1368039	0.08783717	0.13401628	16.127125	8.739045	28.172913	-6.7683616	3.3616843	1.3174645	7.4782076	1.2046418	20.880795	11998	28000.0	1975.0254151821136
8	1.8025424	0.1978022	0.47511554	1.1437383	1.7869627	1.7872202	0.431586	-1.8540881	-4.5735555	3.2592893	3.2473516	0.079451114	0.14071707	16.108881	13.8475895	29.87529	-136.85736	3.1008422	1.3146254	6.0303526	0.5	26.494505	12998	32000.0	2240.3198873996735
9	1.9068567	0.24479167	0.43062577	1.023473	1.9663776	1.9669411	0.45233002	-1.9095776	-5.0762763	3.3703566	3.3552084	0.07228132	0.14775296	17.275497	8.388941	32.142025	-4.772868	3.0810747	1.3705318	7.67141	0.9061236	20.979166	13998	36000.0	2507.5289356708527
10	2.0109057	0.23280424	0.39042005	0.8843038	2.1533496	2.1538231	0.47707525	-1.9883327	-5.5357003	3.4245763	3.4055386	0.06835478	0.15514056	17.85465	8.07796	30.128714	-0.20212667	3.02408	1.2469721	6.086553	0.6682589	21.16402	14998	40000.0	2774.494552373886
11	2.1148045	0.14130434	0.3540081	0.75579923	2.3437057	2.345147	0.49527416	-2.079371	-5.977745	3.460564	3.4363966	0.063652016	0.16289762	19.915262	7.1316576	30.08575	-1.4734975	2.6781325	1.1775624	6.0505524	0.8934888	21.733696	15999	44000.0	3034.201598405838
12	2.217332	0.15300547	0.32110325	0.6058217	2.5549746	2.5569859	0.50956315	-2.23269	-6.36933	3.4842055	3.4537525	0.060475364	0.17104249	20.108477	7.298103	31.405016	2.2825885	2.5540235	1.1780323	5.8295455	0.9081489	21.704918	16998	48000.0	3282.8019258975983
13	2.3196487	0.16216215	0.29122025	0.50102687	2.7909966	2.7914145	0.5240087	-2.408811	-6.788178	3.445727	3.4083953	0.058741402	0.17959465	20.052898	7.4447184	29.324528	0.9084356	2.624544	1.1465311	6.088024	0.9071087	21.67027	17998	52000.0	3547.9251112937927
14	2.4216363	0.16216215	0.2639862	0.42947027	3.0397568	3.041708	0.5374328	-2.5967324	-7.233194	3.3774366	3.3333907	0.05683753	0.18857437	20.039007	7.4332786	30.991394	2.1815734	2.5276852	1.3090951	6.372421	0.919503	21.616217	18998	56000.0	3815.3640792369843
15	2.5235727	0.18478261	0.23916876	0.38964704	3.287853	3.288926	0.5505614	-2.7559447	-7.712248	3.2588563	3.2044442	0.05490443	0.19800308	19.61549	7.955382	31.52956	2.4527109	2.7096364	1.2277082	6.3566937	0.92703086	21.711956	19998	60000.0	4080.515874147415
16	2.6247263	0.1904762	0.21659106	0.3631229	3.5336485	3.534376	0.5585342	-2.920292	-8.206	3.1649468	3.103001	0.05398673	0.20790324	20.04919	7.6190343	30.080032	0.73819685	2.6066709	1.2677561	6.5364437	0.8981038	21.349207	21000	64000.0	4344.894730329514
17	2.7258425	0.18378378	0.19612263	0.32817188	3.7841532	3.7844234	0.568975	-3.0793078	-8.681727	3.0394487	2.9689262	0.052729696	0.21829838	19.363045	7.5707116	31.326834	1.8469275	2.6092486	1.1982214	5.881896	0.9087354	21.356756	21998	68000.0	4599.6782920360565
18	2.8265958	0.16129032	0.17755854	0.30824503	4.0306215	4.030488	0.5751763	-3.2344313	-9.177203	2.9516354	2.8673775	0.05068431	0.22921327	20.452873	7.536643	30.980341	1.7450578	2.387869	1.1454962	5.3041415	0.66431236	21.580645	22998	72000.0	4859.706621646881
19	2.9271255	0.16847827	0.16071546	0.29801798	4.262568	4.262923	0.58260685	-3.3509107	-9.687289	2.836974	2.7423272	0.05067299	0.2406739	20.008795	7.371938	30.052237	3.0688503	2.5137908	1.1659187	6.249102	0.6656746	21.690218	24000	76000.0	5118.773580312729
20	3.0275955	0.14594595	0.14548059	0.27293533	4.499386	4.500211	0.5880411	-3.4983394	-10.166748	2.7146327	2.6123836	0.04992871	0.2527077	20.604275	7.428078	31.92031	2.7496686	2.6060848	1.1547253	5.5557528	0.66356015	21.762161	24998	80000.0	5385.073607206345
21	3.1278188	0.18085106	0.13167998	0.26362512	4.745852	4.7455397	0.5945984	-3.6322882	-10.673502	2.6165688	2.5054758	0.04929458	0.26534307	20.190193	7.74661	31.672443	2.4259746	2.5769968	1.2385312	6.2917657	0.6639464	21.218084	25998	84000.0	5652.41307759285
22	3.2280009	0.17297298	0.11918237	0.24587302	4.96297	4.9621825	0.59917665	-3.7617743	-11.160607	2.5164478	2.395543	0.049495354	0.27861014	20.200314	7.3993793	31.803038	2.1350877	2.5803668	1.1993825	6.6371365	0.9191637	21.41081	26998	88000.0	5914.442148447037
23	3.327946	0.12568305	0.1078729	0.23191686	5.187046	5.1866436	0.6011306	-3.8891428	-11.652537	2.4048622	2.2819178	0.04874803	0.29254067	21.227465	6.9259253	35.02194	3.1024876	2.4182582	1.0318465	5.240953	0.66612566	22.07104	27998	92000.0	6181.369258403778
24	3.427608	0.12432432	0.097630225	0.22429433	5.4070015	5.4077563	0.6048763	-4.013401	-12.156744	2.3339107	2.2062392	0.048334368	0.3071677	20.885654	7.045136	32.309162	2.2141702	2.477002	1.0885493	5.3012443	0.9088176	21.621622	28998	96000.0	6455.678714990616
25	3.5272346	0.10326087	0.08835974	0.21085303	5.620707	5.619221	0.6053684	-4.1344023	-12.645431	2.2579744	2.126872	0.048314203	0.32252607	21.225916	6.5490227	31.33375	1.3016917	2.371233	1.068831	6.037878	0.6635212	21.73913	29998	100000.0	6715.851782083511
26	3.6265087	0.15135135	0.07996868	0.20121971	5.8327184	5.8318977	0.6054263	-4.2633896	-13.141051	2.1592274	2.027029	0.04861326	0.3386524	20.186932	7.4296994	31.048738	1.2227477	2.4186745	1.178453	5.670142	0.90785915	21.594595	30998	104000.0	6982.636322975159
27	3.7258167	0.1657754	0.07237384	0.18863592	6.0313187	6.0314035	0.6053885	-4.381623	-13.626985	2.074316	1.9526035	0.04779469	0.35558507	20.050312	7.4857416	30.922674	1.8914154	2.512829	1.0916513	5.758927	0.90817684	21.46524	31998	108000.0	7243.4703624248505
28	3.8249886	0.104395606	0.06550026	0.1807486	6.2422442	6.240542	0.6065189	-4.508126	-14.123269	2.0263927	1.9126016	0.04806758	0.3733644	21.503572	6.303236	30.964893	1.375558	2.3186562	1.0910441	5.453786	0.84279466	22.005495	32998	112000.0	7502.045354127884
29	3.9241421	0.08196721	0.059274703	0.17868008	6.4470587	6.447708	0.6059616	-4.6332817	-14.634829	1.9540695	1.8440812	0.047805622	0.39203253	21.547785	5.9371705	33.13364	1.9801948	2.3745394	0.9831181	5.3228564	0.66581863	21.923498	33998	116000.0	7751.744503974915
30	4.0232115	0.0989011	0.053641707	0.16595669	6.644121	6.6432266	0.6030855	-4.7701945	-15.114666	1.8867751	1.783881	0.047138397	0.4116341	20.669197	6.1831365	32.7432	2.9939077	2.2319806	1.0594827	5.4942575	0.66447955	21.774725	34998	120000.0	8004.910777330399
31	4.122049	0.050561797	0.04854589	0.15819192	6.840833	6.84207	0.6021763	-4.8976245	-15.606831	1.8429772	1.7455465	0.04764121	0.43221584	22.529814	5.7053375	31.823887	2.793977	2.180399	0.8876393	5.7579722	0.9081771	22.58427	35998	124000.0	8264.360513448715
32	4.220463	0.07734807	0.043933533	0.15052408	7.0465736	7.0451245	0.5938442	-5.057193	-16.097872	1.7905341	1.7015306	0.046857238	0.45382667	22.144356	6.0476046	30.10088	1.5204527	2.1954236	1.0258268	6.515023	0.9084485	22.016575	36998	128000.0	8531.969529390335
33	4.318498	0.104395606	0.0397575	0.147328	7.237202	7.238505	0.58437634	-5.2144523	-16.602007	1.7378091	1.6572969	0.046017054	0.47651803	21.177353	6.7771316	33.411507	2.674099	2.26459	1.0840449	5.4167614	0.6644266	21.945055	37998	132000.0	8789.979054927826
34	4.4163404	0.04494382	0.03597631	0.14844583	7.427766	7.426749	0.57926184	-5.348124	-17.120213	1.6980176	1.6224353	0.045306794	0.5003439	22.023596	5.3892055	31.59636	-0.062355224	2.07847	0.7943805	5.5638776	0.9089088	22.561798	38998	136000.0	9055.525369882584
35	4.5141616	0.08888889	0.03255326	0.14525647	7.6106954	7.611045	0.57364523	-5.492382	-17.623915	1.655583	1.5844935	0.045516733	0.525361	21.773727	6.1894937	31.31426	3.4056134	2.2283387	1.0008299	5.2508492	0.6629892	22.277779	39999	140000.0	9320.4681994915
36	4.612133	0.07777778	0.02945861	0.1362437	7.8005605	7.8009152	0.5665365	-5.6456966	-18.106148	1.6440411	1.5785259	0.045974474	0.551629	21.440691	5.9909763	31.10212	2.473471	2.2327092	0.9766581	5.1108394	0.9077918	22.072222	40998	144000.0	9585.751987218857
37	4.710042	0.050561797	0.026657486	0.13550507	7.983512	7.983913	0.5620912	-5.7884464	-18.616629	1.6154788	1.5539998	0.046197228	0.5792106	21.908543	5.4859757	30.806322	2.0912495	2.2553298	0.9114782	5.179649	0.91051143	22.505617	41998	148000.0	9845.90286898613
38	4.8078585	0.027777778	0.024122704	0.13000824	8.157773	8.158609	0.5522368	-5.9278307	-19.109316	1.5829254	1.5282385	0.04570917	0.6081713	21.446964	5.269337	30.043941	1.589937	2.0627418	0.8381831	5.0447974	0.66319096	22.244444	42998	152000.0	10102.125284910202
39	4.9053354	0.044444446	0.021828834	0.12686744	8.328832	8.329739	0.5450502	-6.075238	-19.609896	1.5755007	1.5194983	0.045525834	0.6385797	21.935675	5.310461	31.763731	1.0105982	2.1672335	0.83154684	4.7502775	0.90838003	22.338888	43998	156000.0	10364.7491543293
40	5.002911	0.05	0.019752583	0.12750351	8.491056	8.490935	0.5382861	-6.198544	-20.124899	1.5643069	1.5117922	0.046102498	0.67050856	21.708626	5.4450235	31.78007	2.5186472	2.0336535	0.9155922	5.506166	0.66433406	22.094444	44998	160000.0	10621.425698518753
41	5.100403	0.0056179776	0.017873548	0.122112304	8.664871	8.665145	0.528896	-6.3696127	-20.615707	1.5310183	1.4800388	0.04500882	0.70403403	22.594563	4.2524405	31.942753	4.8499227	2.0097685	0.7728691	4.2533584	0.6658833	22.488764	45998	164000.0	10875.161730766296
42	5.1974483	0.033898305	0.016173385	0.12024252	8.814561	8.815393	0.517387	-6.5194044	-21.119957	1.5514362	1.5021181	0.04522626	0.7392357	22.249166	5.195747	30.606747	2.2049065	2.081658	0.8837664	5.9885793	0.8929826	22.632769	46998	168000.0	11128.0104534626
43	5.2942505	0.016853932	0.0146350805	0.11576387	8.970823	8.971055	0.50766593	-6.6767197	-21.61275	1.5365827	1.4891856	0.04486028	0.7761974	21.596361	4.9351306	31.452303	0.5189535	1.9865972	0.78221065	5.013267	0.90975046	22.455055	47998	172000.0	11380.625724554062
44	5.3910275	0.02247191	0.013243172	0.1158336	9.135166	9.135726	0.4976435	-6.8322864	-22.124422	1.5174822	1.4742912	0.04449867	0.8150073	21.844572	4.8488336	30.24676	1.9351205	1.9549794	0.7216026	4.635485	0.6490253	22.376404	48998	176000.0	11648.610030412674
45	5.4879236	0.011428571	0.011983424	0.1103503	9.28343	9.282434	0.4865013	-6.9989033	-22.611473	1.5258212	1.481819	0.044214617	0.85575765	22.19887	4.3171287	32.29222	3.1819863	1.8873283	0.689156	4.25827	0.90911573	22.885714	49998	180000.0	11900.555006742477
46	5.584087	0.028901733	0.010843689	0.10862404	9.440842	9.441119	0.47210863	-7.19841	-23.114407	1.5018588	1.4619043	0.04376225	0.8985457	22.049374	5.2268257	30.690453	2.120969	2.0029607	0.6938013	4.457681	0.9083233	23.16763	50998	184000.0	12160.325954198837
47	5.6803155	0.022727273	0.009812079	0.10614523	9.578486	9.578639	0.46415213	-7.337013	-23.613623	1.5159004	1.4780186	0.04380535	0.94347316	21.863268	4.940521	30.984865	-0.65576726	1.9960116	0.8115919	5.9602823	0.90765154	22.84091	51998	188000.0	12418.279908418655
48	5.7767835	0.0	0.00887853	0.10452126	9.709796	9.709881	0.45307392	-7.474219	-24.116442	1.533714	1.4972739	0.04364971	0.99064654	21.93336	4.1423826	30.11737	11.75072	1.8346144	0.6146806	4.343568	0.6647053	23.005747	52998	192000.0	12679.581722974777
49	5.8730683	0.011560693	0.008033878	0.10368119	9.831849	9.832154	0.44232646	-7.6243443	-24.622759	1.5302604	1.4958297	0.043087564	1.040179	21.902578	4.6668577	30.609087	3.3346832	1.9341187	0.7637137	5.211576	0.66453993	22.895954	53998	196000.0	12939.048532009125
50	5.9689517	0.011363637	0.007269095	0.107465826	9.962641	9.961948	0.42668828	-7.8125215	-25.151949	1.5148034	1.4794513	0.042746328	1.092188	21.727568	4.7210364	32.17548	0.8285447	1.8101116	0.7222857	4.783561	0.9077632	22.710228	54998	200000.0	13206.268632411957
51	6.064359	0.011235955	0.0065773525	0.101498395	10.107481	10.107487	0.41729438	-7.982199	-25.632656	1.5365752	1.5031508	0.042528942	1.1467974	21.869144	4.45335	29.93331	2.971788	1.8123361	0.6595603	5.834142	0.9090286	22.55618	55998	204000.0	13468.594362258911
52	6.160216	0.011627907	0.0059517543	0.09969978	10.240638	10.242072	0.40577585	-8.161676	-26.133335	1.5381567	1.5053421	0.042299952	1.2041372	21.940668	4.5382423	30.23091	2.9816866	1.9332162	0.8451154	5.337755	0.8968771	23.22093	56998	208000.0	13748.053571462631
53	6.255713	0.0056179776	0.005385691	0.09573105	10.370121	10.371062	0.39255226	-8.31949	-26.622286	1.5625389	1.5305034	0.041832916	1.2643437	21.587868	4.2345395	30.266989	6.224507	1.8129536	0.7381456	4.682266	0.6645289	22.623596	57998	212000.0	14016.542858362198
54	6.3513765	0.022727273	0.0048734364	0.09263063	10.500272	10.499141	0.38478816	-8.4707365	-27.115051	1.5437888	1.5164573	0.04145466	1.3275613	21.726353	5.239924	31.104124	-0.32960516	1.9043732	0.84961826	6.7073016	0.9024718	22.681818	58998	216000.0	14273.4338722229
55	6.447123	0.017045455	0.004409796	0.09278213	10.62418	10.626196	0.3755923	-8.606633	-27.624966	1.5417069	1.5124619	0.040666252	1.3939393	21.252977	4.816272	30.377626	1.4948138	1.8917611	0.7959619	4.5300765	0.90803814	22.72159	59998	220000.0	14552.239129543304
56	6.5424314	0.0	0.003990147	0.093544275	10.763813	10.765119	0.36167565	-8.817069	-28.138512	1.559616	1.5335525	0.040529016	1.4636365	22.351524	4.534825	31.394903	1.1377707	1.9499487	0.6989054	4.3978868	0.90914154	23.464706	60998	224000.0	14828.881281852722
57	6.6374645	0.0057803467	0.0036103325	0.0930895	10.889828	10.890288	0.3512539	-8.968641	-28.64542	1.5482082	1.5204335	0.039792396	1.5368181	22.070688	4.7738075	30.671318	-3.8664398	1.818444	0.6965765	4.936484	0.90062547	23.132948	61998	228000.0	15087.634379386902
58	6.732677	0.0057803467	0.0032668412	0.08930311	11.007097	11.007382	0.34293044	-9.124788	-29.132973	1.5664076	1.5413164	0.039559532	1.6136594	21.360043	4.7021694	30.426823	4.5337915	1.9320763	0.8180777	5.0916348	0.90823793	23.034681	62998	232000.0	15363.340685129166
59	6.8279686	0.011363637	0.0029559059	0.091939375	11.143502	11.143785	0.33197322	-9.287148	-29.657297	1.5611984	1.5349256	0.03882359	1.6943423	22.062328	4.7207165	32.773563	0.19983841	1.7911873	0.66283554	4.731665	0.9082277	22.857954	63998	236000.0	15628.170345544815
60	6.9228554	0.011560693	0.0026745854	0.09044063	11.26467	11.266268	0.32410404	-9.432912	-30.1577	1.5826232	1.5550437	0.038702395	1.7790593	21.696306	4.3370824	29.543556	-4.6724243	1.8613307	0.8010292	6.583628	0.6654422	23.005781	64998	240000.0	15894.878094911575
61	7.0183706	0.0	0.002420026	0.0897774	11.378693	11.380457	0.3161381	-9.5806465	-30.662804	1.5728061	1.548855	0.037993055	1.8680118	22.028322	4.202758	30.222874	10.853857	1.8640409	0.8106856	5.232331	0.6478271	22.977272	65999	244000.0	16162.476448774338
62	7.113623	0.0	0.0021897263	0.08988145	11.494856	11.494721	0.30921564	-9.714277	-31.17248	1.5892034	1.5622596	0.037944544	1.9614128	22.602423	4.21688	30.048693	11.507488	1.8985722	0.7855896	4.5447927	0.6685082	23.426035	66998	248000.0	16412.784895181656
63	7.2088914	0.017142856	0.0019813173	0.08922026	11.611871	11.612014	0.30119067	-9.868725	-31.677433	1.5917193	1.5669856	0.037708484	2.0594828	22.362505	4.524283	29.959303	-1.0606828	1.876365	0.8704546	5.765349	0.665879	22.885714	67998	252000.0	16655.98514676094
64	7.303888	0.0057142857	0.0017927476	0.08870695	11.724213	11.723298	0.29162344	-10.009314	-32.183167	1.600833	1.5758213	0.0366279	2.1624575	21.854942	4.792875	30.480312	-4.19427	1.8984424	0.8826217	5.0570517	0.8878041	22.868572	68998	256000.0	16914.575070619583
65	7.3985605	0.0	0.0016221238	0.0889823	11.826566	11.8265505	0.28402096	-10.141608	-32.693844	1.6026218	1.5828674	0.036304146	2.27058	22.42483	4.0221796	30.81671	10.778707	1.8290595	0.6903038	4.569634	0.8962543	23.232557	69998	260000.0	17156.173131465912
66	7.4937596	0.011494253	0.0014677726	0.08660226	11.94439	11.94472	0.2785566	-10.26844	-33.18716	1.6114341	1.5898356	0.036427766	2.384109	21.501162	4.9880567	31.70968	3.877911	1.8373518	0.81926346	4.725298	0.6651111	22.925287	70998	264000.0	17407.61543250084
67	7.5887847	0.0	0.0013280772	0.08785032	12.040443	12.041747	0.27245212	-10.386875	-33.704155	1.614731	1.5938833	0.035671484	2.5033145	22.164406	3.9359274	31.0215	11.844637	1.7873492	0.63172805	3.740807	0.90774167	22.828402	71998	268000.0	17647.047246694565
68	7.683454	0.007352941	0.0012016401	0.089734085	12.157275	12.156416	0.2639097	-10.534092	-34.22586	1.5965811	1.5774385	0.034732427	2.6284804	22.27412	5.07619	30.728943	-11.491588	1.8410511	0.7881814	4.7904434	0.0	30.514706	72998	272000.0	17934.253685474396
69	7.778278	0.0	0.0010872479	0.08855661	12.238369	12.238648	0.25809368	-10.648622	-34.72695	1.6082295	1.5876472	0.03450753	2.7599041	21.889385	4.1910696	30.01227	1.9105375	1.8479786	0.7513255	4.698481	0.90770406	23.05747	73998	276000.0	18182.644973516464
70	7.873515	0.0	0.0009837819	0.087561876	12.353799	12.354058	0.25503972	-10.724943	-35.228943	1.6288599	1.611161	0.034420572	2.8978996	21.885563	4.1080894	32.489796	10.751564	1.8405703	0.7256827	4.9864397	0.8950395	22.988506	74998	280000.0	18432.375422239304
71	7.9687004	0.011363637	0.0008901267	0.08977848	12.465447	12.464842	0.24748668	-10.863278	-35.753475	1.6189272	1.5937555	0.033972945	3.0427945	22.156145	4.5132694	29.736378	-2.3494968	1.8693699	0.8460095	5.9709883	0.9060515	22.84091	75999	284000.0	18687.754684448242
72	8.063538	0.0057142857	0.0008053905	0.08754127	12.546674	12.546685	0.24259867	-10.968336	-36.246674	1.622542	1.603033	0.03325445	3.1949344	22.268074	4.446318	31.016745	1.4171771	1.9303355	0.78726226	4.6830163	0.66502285	22.817142	76998	288000.0	18950.943355560303
73	8.15823	0.0	0.0007287306	0.088550076	12.648887	12.646963	0.23749253	-11.084289	-36.762836	1.6285207	1.6100694	0.033269245	3.3546817	22.34263	3.5921326	32.5685	12.661388	1.7887883	0.7132781	4.547184	0.66917706	22.497175	77998	292000.0	19203.872393608093
74	8.253152	0.0	0.0006593686	0.08779716	12.74078	12.738643	0.2328106	-11.183022	-37.266296	1.6261489	1.6046907	0.032940283	3.5224156	21.828	4.8534465	31.010742	-13.115137	1.8418679	0.72187656	5.292384	0.89719707	23.488235	78998	296000.0	19473.304753780365
75	8.347904	0.0057142857	0.00059661584	0.088057265	12.840386	12.841661	0.22801985	-11.286498	-37.777103	1.6350076	1.6127306	0.03250947	3.6985369	21.924463	3.9882925	29.52359	4.032704	1.8317856	0.68530047	4.5928855	0.8726114	23.0	79998	300000.0	19725.278515338898
76	8.44265	0.0057471264	0.0005398382	0.0843194	12.928567	12.928987	0.22387274	-11.384891	-38.25775	1.6290696	1.6107523	0.0315898	3.8834634	22.28863	4.4963427	31.408054	-2.502546	1.8414272	0.72532064	6.013814	0.908395	22.994253	80998	304000.0	19969.586789369583
77	8.537619	0.0056497175	0.0004884695	0.08543708	13.006805	13.00665	0.22128741	-11.458416	-38.774723	1.6313877	1.6167449	0.031434312	4.0776353	22.470566	4.126867	29.274166	10.059935	1.7466755	0.73285955	6.3586674	0.90803176	22.542374	81998	308000.0	20215.372241973877
78	8.631966	0.0056179776	0.00044197106	0.084946536	13.112277	13.11212	0.21469676	-11.578675	-39.279594	1.6222528	1.6028948	0.031155767	4.2815175	22.536007	4.0417805	31.673937	2.4764063	1.8082386	0.67029285	4.913471	0.8932063	22.623596	82998	312000.0	20467.70217347145
79	8.726763	0.0	0.0003999081	0.085382044	13.179418	13.179222	0.21173844	-11.637345	-39.791534	1.6176939	1.6022688	0.030520214	4.4955935	22.448925	3.9289525	31.431942	12.48413	1.7889798	0.6848349	4.492978	0.659853	23.069365	84000	316000.0	20731.055740833282
80	8.821564	0.011428571	0.0003618529	0.082976975	13.240608	13.242649	0.2092618	-11.6956835	-40.281025	1.6440672	1.6281303	0.03054164	4.720374	21.64801	4.106699	29.600285	5.3683167	1.8354565	0.73472625	4.9842114	0.9094517	22.8	84998	320000.0	20989.038735628128
81	8.91694	0.0	0.0003274068	0.08245926	13.335879	13.335192	0.20768565	-11.767377	-40.78534	1.6093014	1.5955057	0.0295329	4.9563932	22.293314	3.708843	31.709906	11.6522455	1.7357844	0.63360876	4.7179403	0.65978444	22.8	85998	324000.0	21235.572113752365
82	9.011839	0.0056818184	0.0002962119	0.08282719	13.423041	13.422762	0.20232421	-11.8840475	-41.297207	1.6079135	1.5957208	0.029234383	5.2042117	21.923346	4.186083	30.315125	4.0877757	1.8810962	0.83590454	5.5215054	0.8844342	22.829546	86998	328000.0	21489.28989315033
83	9.106217	0.011494253	0.0002679886	0.08067096	13.488916	13.490251	0.1995017	-11.942533	-41.788406	1.6216296	1.6049905	0.029478127	5.4644217	22.157362	4.6115837	32.928005	3.6840694	1.8169845	0.70449865	4.4785643	0.6639072	22.798851	87998	332000.0	21738.33643603325
84	9.20123	0.011235955	0.0002424534	0.08279751	13.569683	13.571021	0.19690435	-12.008297	-42.314877	1.6005247	1.5872155	0.028682686	5.7376437	22.210855	4.52179	29.566843	-0.7155754	1.8202412	0.685879	4.7706923	0.90897834	22.58427	89000	336000.0	21985.555090904236
85	9.296066	0.016949153	0.00021935119	0.08046843	13.615078	13.615617	0.19579166	-12.0436325	-42.804203	1.6221722	1.6123735	0.028914614	6.024525	21.63073	4.5861783	29.471376	0.908586	1.8787576	0.7725008	4.9052305	0.8847833	22.502825	89998	340000.0	22236.298127651215
86	9.391225	0.011428571	0.00019845099	0.079703934	13.703229	13.703496	0.19368677	-12.117222	-43.306442	1.600271	1.5892653	0.028337982	6.325751	21.883371	4.766713	31.292702	-9.346527	1.8522701	0.7111904	4.9753146	0.9253511	22.874287	90998	344000.0	22480.507026672363
87	9.4863	0.0057471264	0.00017954216	0.07990086	13.754642	13.755105	0.19104284	-12.145044	-43.816807	1.6084388	1.5973066	0.0282351	6.6420403	22.219177	4.286766	31.181139	-2.4714549	1.8474118	0.75166416	6.210305	0.9085764	22.994253	91998	348000.0	22724.63298535347
88	9.581028	0.017045455	0.00016243444	0.081607334	13.827764	13.827582	0.18824798	-12.222625	-44.340343	1.6088951	1.5995954	0.027674142	6.974141	22.040869	4.8221297	31.434103	-8.018274	1.7956296	0.68934464	4.993529	0.8935795	22.676136	92999	352000.0	22971.972897529602
89	9.676121	0.011428571	0.00014695691	0.08079068	13.878547	13.878221	0.18825561	-12.217328	-44.841976	1.598837	1.5871309	0.027531158	7.3228474	22.32044	4.2679996	31.12908	3.0567937	1.7827736	0.6726571	4.5429163	0.6651066	22.954287	93998	356000.0	23216.501029729843
90	9.770892	0.0	0.00013295462	0.07967458	13.946231	13.944889	0.1847798	-12.27501	-45.34081	1.5932645	1.5785087	0.026721608	7.6889906	22.241333	3.8772576	30.377195	13.659469	1.8274508	0.6582067	4.3630314	0.6630422	23.034681	94998	360000.0	23455.14184331894
91	9.865157	0.0057471264	0.00012028636	0.081141226	14.013594	14.015208	0.18129654	-12.353415	-45.862587	1.5714583	1.5566618	0.026429785	8.073441	22.257242	4.251764	30.83776	4.746296	1.8450549	0.63488984	4.4975085	0.9093026	23.02299	95998	364000.0	23695.463694810867
92	9.960024	0.0056818184	0.000108825225	0.080404624	14.079191	14.078714	0.18153602	-12.369158	-46.36472	1.5728574	1.5599151	0.02653884	8.47711	22.573658	3.9015825	31.227272	9.370796	1.7109857	0.58361596	3.9980087	0.66572106	22.806818	96998	368000.0	23943.55341744423
93	10.05485	0.0	9.845604e-05	0.07927118	14.131428	14.132065	0.1786976	-12.431851	-46.862907	1.5747238	1.5619538	0.026536671	8.900968	22.31685	4.013101	31.354485	13.913448	1.8577044	0.7143037	4.9132457	0.8948584	22.971264	97998	372000.0	24196.26373410225
94	10.149383	0.0057471264	8.9075314e-05	0.08054595	14.183821	14.183186	0.17510669	-12.484811	-47.383507	1.5614268	1.5536361	0.025805788	9.346017	22.081158	3.958139	32.110077	4.594561	1.7916899	0.6438413	4.986249	0.907734	22.908047	98998	376000.0	24453.968437194824
95	10.243904	0.0	8.05877e-05	0.07935948	14.240145	14.241443	0.17588128	-12.491461	-47.881023	1.5834514	1.5753032	0.025483416	9.813014	22.713152	3.9256287	30.042303	11.836945	1.7437292	0.5732197	4.484174	0.90539145	23.033333	99998	380000.0	24736.957151174545
96	10.338906	0.006369427	7.2908915e-05	0.078813784	14.282422	14.28417	0.1726451	-12.550004	-48.384476	1.5585117	1.5497465	0.025046363	10.0	21.900864	5.187166	32.133163	-12.400119	1.7582564	0.6655386	4.565699	0.0	29.089172	100998	384000.0	25013.60687851906
97	10.433534	0.011363637	6.5961794e-05	0.07880772	14.314449	14.314269	0.17264909	-12.552365	-48.892887	1.572469	1.5651731	0.025261123	10.0	22.214441	4.8740406	30.166056	-2.5001197	1.8193477	0.6896619	5.9658484	0.8935886	22.65909	101998	388000.0	25250.106184244156
98	10.528441	0.0057803467	5.96768e-05	0.07751117	14.369752	14.369616	0.16979776	-12.646385	-49.38892	1.544872	1.5389663	0.025005855	10.0	22.122128	3.7488172	31.021418	9.314244	1.8512816	0.7282516	4.2207937	0.6652626	23.080925	102998	392000.0	25497.73732471466
99	10.622935	0.0056497175	5.3990698e-05	0.078615375	14.43208	14.431862	0.16957575	-12.691991	-49.908127	1.5453564	1.5356183	0.024687752	10.0	21.945747	4.2530475	30.125322	6.523962	1.7685324	0.6633751	4.566964	0.66553944	22.644068	103998	396000.0	25746.781011104584
100	10.717828	0.017142856	4.8846323e-05	0.07714102	14.47297	14.472917	0.16721067	-12.772884	-50.402	1.5426259	1.5326504	0.024600884	10.0	21.682257	4.514783	29.328417	-0.27512068	1.881828	0.7776493	4.9798255	0.9081431	22.811428	104998	400000.0	25994.37791776657
101	10.812579	0.0	4.4192275e-05	0.074099734	14.533611	14.532661	0.16733581	-12.794601	-50.879932	1.5266205	1.522503	0.024080139	10.0	22.591902	4.133998	31.267824	3.0373924	1.7320981	0.63000447	4.778329	0.89093107	22.677965	105998	404000.0	26228.38197660446
102	10.908106	0.02259887	3.9981558e-05	0.0772791	14.569414	14.569718	0.16748676	-12.803959	-51.42016	1.5343442	1.5299121	0.02404666	10.0	22.923946	4.424245	30.92965	3.7220552	1.8202522	0.71845174	4.5520754	0.6658726	22.59322	106998	408000.0	26470.76827096939
103	11.002467	0.0	3.6172063e-05	0.07569578	14.60895	14.608883	0.16357002	-12.8847065	-51.91239	1.5180562	1.5129713	0.023503488	10.0	22.478712	3.6395204	30.073889	12.955057	1.745725	0.5889951	4.717962	0.6656842	22.91954	107998	412000.0	26713.350470542908
104	11.097149	0.0056818184	3.2725708e-05	0.07519671	14.657049	14.657933	0.16389869	-12.920518	-52.415413	1.5405833	1.5313702	0.023776105	10.0	22.107782	3.816067	29.68874	1.7056146	1.8592262	0.7506075	5.2492013	0.8948745	22.647728	108998	416000.0	26963.86433506012
105	11.192025	0.0057803467	2.9607763e-05	0.07258334	14.700581	14.700793	0.16275296	-12.962004	-52.896362	1.5291729	1.5223659	0.02387418	10.0	22.28345	3.9632642	30.17142	2.5525055	1.8790449	0.76860356	4.713957	0.664102	23.127167	109998	420000.0	27210.191171884537
106	11.286921	0.0056179776	2.6786704e-05	0.0738178	14.729232	14.729312	0.160598	-13.007817	-53.41727	1.4884709	1.479346	0.023231884	10.0	22.242092	4.37825	31.021963	1.6170505	1.7667036	0.6642941	4.653435	0.65802205	22.58427	110998	424000.0	27460.58827853203
107	11.381154	0.0	2.4234376e-05	0.07495992	14.791903	14.791983	0.15899931	-13.086223	-53.937473	1.5094832	1.5075113	0.023364298	10.0	22.24988	3.7896771	30.815638	12.180726	1.7486405	0.5198756	3.775249	0.6726124	22.833334	111998	428000.0	27709.247227191925
108	11.475742	0.0057803467	2.1925249e-05	0.07357283	14.794707	14.797361	0.15968393	-13.061648	-54.430798	1.5065321	1.4990097	0.022981612	10.0	22.696575	4.8244953	31.567524	-12.483018	1.8868946	0.6791988	5.2691245	0.91098505	23.208092	112998	432000.0	27963.955718278885
109	11.570959	0.0	1.9836189e-05	0.073897585	14.840125	14.839201	0.15851368	-13.123219	-54.942265	1.470631	1.4703208	0.022799306	10.0	22.33631	4.089571	30.45385	9.6961155	1.70739	0.5661599	4.1144285	0.907686	22.536312	113998	436000.0	28206.446415662766
110	11.666342	0.011428571	1.7946173e-05	0.072496936	14.875986	14.876713	0.16017899	-13.13085	-55.435062	1.5128174	1.5087597	0.022929417	10.0	22.08364	4.4522886	34.537846	0.88819605	1.867357	0.8648206	5.2479267	0.68449545	22.834286	114998	440000.0	28457.13318347931
111	11.761063	0.0057471264	1.623629e-05	0.07031484	14.935709	14.936588	0.15567645	-13.217351	-55.918858	1.4547902	1.4554832	0.021771397	10.0	22.59391	4.204769	31.196638	-0.98521256	1.8107239	0.6758965	4.90952	0.9089525	22.793104	115998	444000.0	28710.0992975235
112	11.85498	0.0056818184	1.468922e-05	0.07138535	14.955445	14.95447	0.15613982	-13.207159	-56.438507	1.4976462	1.49284	0.022235412	10.0	22.935234	4.2903066	31.459167	-7.6189313	1.7544361	0.5787474	4.040566	0.65820616	22.77841	116998	448000.0	28961.561374664307
113	11.949581	0.011494253	1.3289583e-05	0.06886626	14.99248	14.994205	0.15364566	-13.293285	-56.918007	1.4826777	1.4745975	0.022153366	10.0	22.061691	4.9362216	30.970266	-11.260259	1.8768735	0.7856044	4.6358333	0.8962056	22.87931	117998	452000.0	29210.719347953796
114	12.044042	0.011428571	1.2023332e-05	0.06903168	14.999404	14.999684	0.15428531	-13.295479	-57.427437	1.4940925	1.4879403	0.022085207	10.0	22.482893	3.9546287	31.573107	4.4235854	1.9079491	0.7070055	4.8472595	0.90649897	23.0	118998	456000.0	29466.826038837433
115	12.138703	0.0056497175	1.0877713e-05	0.06892575	15.05579	15.056825	0.15096635	-13.350994	-57.933846	1.4561476	1.4522547	0.021388607	10.0	21.993822	4.071481	30.618132	1.2195839	1.8444303	0.70776117	5.4236574	0.90776956	22.655367	119998	460000.0	29715.758919000626
116	12.232489	0.0	9.841236e-06	0.06870237	15.082375	15.081446	0.14978278	-13.365273	-58.438793	1.4539531	1.4486052	0.021159375	10.0	22.22644	3.6907823	32.276207	12.585525	1.8226292	0.7411966	5.4834657	0.66331	22.908571	120998	464000.0	29965.036468744278
117	12.32701	0.0056497175	8.903524e-06	0.0690032	15.098193	15.097631	0.1500537	-13.391524	-58.94989	1.4375767	1.43301	0.021524062	10.0	22.05709	4.094163	31.888338	8.987315	1.790218	0.5663583	4.0586014	0.6691365	22.59887	121998	468000.0	30212.44751739502
118	12.421893	0.017142856	8.05516e-06	0.06832434	15.137842	15.135658	0.1490429	-13.417276	-59.449486	1.4442168	1.4409149	0.021143077	10.0	22.300308	4.4802547	30.647146	4.0697227	1.8368199	0.7004915	5.2183876	0.9091671	22.645714	122998	472000.0	30465.7764172554
119	12.516547	0.0	7.287669e-06	0.067762524	15.155834	15.156017	0.14825654	-13.460279	-59.950344	1.4553423	1.4520632	0.021137059	10.0	22.186647	3.9345245	29.736418	11.184956	1.886243	0.81639093	4.993513	0.90875316	22.954287	123998	476000.0	30735.606085777283
120	12.610801	0.011494253	6.5932127e-06	0.06925672	15.202948	15.205244	0.14674768	-13.503207	-60.47564	1.4231119	1.4205433	0.020831807	10.0	22.367813	4.2971654	31.36026	1.3781292	1.870275	0.7093411	4.554929	0.9182309	22.683908	124998	480000.0	30980.919872045517
121	12.705559	0.0	5.9649533e-06	0.06821698	15.227	15.226639	0.14612894	-13.510742	-60.970776	1.424709	1.4251802	0.020913944	10.0	21.954836	4.9673533	31.13129	-13.382256	1.7999245	0.72263986	5.0710855	0.0	30.029629	125998	484000.0	31274.451919078827
122	12.800978	0.0058139535	5.3965864e-06	0.06741226	15.231533	15.232176	0.14881244	-13.477985	-61.46853	1.4588531	1.4530104	0.021453045	10.0	22.559977	4.8031173	30.93626	-9.377911	1.755359	0.6194459	4.792839	0.72285545	23.244186	126998	488000.0	31517.941787719727
123	12.895536	0.0	4.882371e-06	0.06678666	15.253911	15.256361	0.14494953	-13.532172	-61.968323	1.4180553	1.4110324	0.020588977	10.0	22.891356	3.7364683	32.137165	14.346092	1.7753597	0.66079557	4.7742543	0.9082705	22.828571	127998	492000.0	31757.761707544327
124	12.990491	0.0	4.417086e-06	0.06813685	15.264771	15.263385	0.14635208	-13.523082	-62.492367	1.4059498	1.4028472	0.02028408	10.0	22.631002	4.5480185	31.08416	0.57657194	1.8532795	0.7074791	4.3930507	0.8949193	22.805714	128998	496000.0	32004.765359401703
125	13.085539	0.0057803467	3.9961656e-06	0.06663033	15.285451	15.284813	0.14590101	-13.550815	-62.981163	1.4275634	1.4214514	0.020686267	10.0	22.186623	3.7654293	29.566114	5.513717	1.8525262	0.75992495	5.709851	0.90866935	23.16185	129998	500000.0	32240.92440676689
