Epoch	Crash_ratio	alpha	entropy	critic1	critic2	LossPi	alpha_loss	critic1_loss	critic2_loss	AverageEpRet	StdEpRet	MaxEpRet	MinEpRet	AverageEpCost	StdEpCost	MaxEpCost	MinEpCost	EpLen	Buffer_size	TotalEnvInteracts	Time
1	0.57575756	0.9517471	1.5753989	0.35949272	0.3530323	-1.89378	-0.3274445	2.2185004	2.2164001	-4.2644286	22.255087	18.752804	-260.36017	4.439851	1.4856981	9.265598	0.94773895	24.042425	5998	4000.0	289.5570185184479
2	0.41975307	0.8614715	1.5143352	0.6896562	0.689249	-2.1143334	-0.97336924	2.3222358	2.3146117	2.1000853	10.322075	23.19762	-17.42179	4.092278	1.3840472	7.759561	0.9021162	19.728395	6998	8000.0	538.7805411815643
3	0.31060606	0.7801107	1.422221	1.1511264	1.1522887	-2.4910758	-1.5965753	2.4907005	2.478401	4.1027093	23.18666	24.704857	-240.60178	4.124028	1.5314162	9.557557	1.4965234	29.083334	7998	12000.0	784.9601814746857
4	0.3626943	0.7067804	1.3049773	1.6856633	1.6866826	-2.9710367	-2.1897504	2.6947715	2.6794102	6.8929677	19.652855	25.808634	-232.06737	3.779828	1.3593436	7.307634	0.5	25.704662	8999	16000.0	1011.711229801178
5	0.2606383	0.640535	1.1982613	2.329711	2.3294268	-3.5550497	-2.7628727	2.9603813	2.9406598	11.292551	8.636898	23.572603	-9.856254	3.3594549	1.3708384	8.313661	1.1614227	21.23936	9998	20000.0	1236.7793357372284
6	0.26842105	0.5804955	1.1060587	3.0290658	3.02929	-4.195031	-3.322936	3.1686914	3.1439216	12.499556	9.067935	26.307894	-6.2727785	3.2037778	1.2290695	7.1379194	0.9414651	21.078947	10998	24000.0	1464.1536033153534
7	0.2923077	0.5260269	1.0237616	3.7946167	3.7944922	-4.896706	-3.8717203	3.3596542	3.3251965	13.245599	9.324164	26.235119	-4.7114654	3.0913074	1.1030952	7.1680017	0.9122207	20.558975	11998	28000.0	1689.9488961696625
8	0.2769231	0.47660562	0.95574045	4.510042	4.510296	-5.5500264	-4.4158154	3.5384762	3.4930372	14.116779	9.820306	27.7854	-8.467923	2.9100804	1.1920851	6.3848987	0.9482314	20.487179	12998	32000.0	1912.9041211605072
9	0.2929293	0.43176433	0.8858415	5.228909	5.2288027	-6.2086453	-4.9453692	3.712113	3.6508203	14.435367	9.754305	29.734972	-5.3992696	2.7909122	1.1691979	5.973136	0.93065685	20.126263	13998	36000.0	2140.0562040805817
10	0.2835821	0.39113215	0.8276693	5.9045844	5.904096	-6.8331017	-5.472732	3.9140913	3.831536	14.614228	9.558115	28.685143	-3.47796	2.7989082	1.2202284	7.157908	0.90903556	20.024876	14998	40000.0	2369.0430619716644
11	0.26903552	0.3542923	0.759692	6.4914293	6.4908967	-7.3741746	-5.9784975	4.05476	3.9434469	15.067379	9.882592	28.922077	-3.2396417	2.7078319	1.2179004	6.207091	0.9092274	20.22335	15998	44000.0	2591.005966901779
12	0.2408377	0.32091916	0.7064936	7.044664	7.0433683	-7.8755684	-6.4878206	4.1688046	4.028838	16.63464	9.268264	29.855227	-2.6867638	2.5812955	1.11879	5.4201035	0.9098601	20.947643	16998	48000.0	2811.307198047638
13	0.21465969	0.29068586	0.6412428	7.572425	7.571624	-8.365331	-6.9717774	4.2527704	4.083296	16.762594	9.00444	30.909693	-2.4568076	2.438933	1.2006565	6.8917265	0.9313332	20.910995	17998	52000.0	3060.179076194763
14	0.22916667	0.2633167	0.58038425	8.037496	8.036954	-8.801197	-7.4485264	4.2813826	4.089945	16.070421	9.493729	29.280653	-6.872842	2.5640392	1.290682	6.6043544	0.90890175	20.78125	18998	56000.0	3404.2058260440826
15	0.253886	0.23848215	0.5357722	8.421174	8.420744	-9.14925	-7.9370522	4.3059297	4.098113	16.092363	9.721086	29.885952	-6.4829936	2.4664598	1.2697297	5.777036	0.66649264	20.839378	19998	60000.0	3623.629966020584
16	0.21808511	0.21601324	0.47266585	8.815844	8.815987	-9.53722	-8.388375	4.322676	4.1191864	16.39657	9.437745	27.917984	-6.9182706	2.5328498	1.3239954	6.578103	0.9098741	21.154255	20998	64000.0	3847.138359308243
17	0.18324608	0.19564039	0.43151617	9.161134	9.162033	-9.856688	-8.863368	4.272544	4.0694284	17.363794	8.956845	29.285912	-3.7427182	2.375779	1.2975992	5.8844624	0.6669208	21.057592	21998	68000.0	4066.947157382965
18	0.114754096	0.17716287	0.3933059	9.470219	9.470013	-10.142106	-9.335989	4.20664	4.0248556	18.630083	7.9906564	29.852543	-4.6855445	2.1483254	1.116077	6.2263093	0.90962726	21.846994	22998	72000.0	4294.292910814285
19	0.12568305	0.16041891	0.3624649	9.736576	9.737033	-10.39567	-9.815141	4.1607327	3.996416	18.388754	8.368081	28.9193	-4.964904	2.2794657	1.1533757	6.020445	0.9100636	21.765028	23998	76000.0	4515.886234998703
20	0.171123	0.1452503	0.31970263	9.99161	9.991895	-10.643215	-10.265103	4.10799	3.9632862	16.738089	8.827859	30.05883	-5.3762956	2.3513837	1.3865819	6.6958833	0.66777813	21.42246	24998	80000.0	4737.081319332123
21	0.10810811	0.13152695	0.28478608	10.278607	10.278773	-10.888051	-10.72249	3.9992442	3.8719583	18.675549	7.7119646	28.999096	-6.0374103	2.1507003	1.0240551	6.3068113	0.9090511	21.578379	25000	84000.0	4962.728270530701
22	0.11764706	0.11908461	0.25326937	10.707627	10.707517	-11.232251	-11.180435	3.8511977	3.7448618	18.180557	8.171175	28.362951	-6.2052345	2.1580527	1.1652913	6.1687856	0.8963799	21.433155	25000	88000.0	5183.782658576965
23	0.08064516	0.10782076	0.22172342	11.119726	11.119565	-11.570579	-11.632268	3.6346965	3.544579	18.885832	7.4087753	28.881386	-4.933651	2.0646648	1.046884	6.8748426	0.8966031	21.489246	25000	92000.0	5405.901732683182
24	0.08648649	0.097611286	0.20195076	11.482503	11.481283	-11.885565	-12.105683	3.5881143	3.5104477	19.05981	7.233922	30.136454	-6.06541	2.144011	1.05136	6.0530014	0.6677185	21.72973	25000	96000.0	5622.853622674942
25	0.071428575	0.08835733	0.1897249	11.8478985	11.847265	-12.202016	-12.59429	3.5405817	3.471132	18.951422	7.2138324	29.766497	-5.3128586	2.124116	1.1711996	7.328512	0.66778535	22.010988	25000	100000.0	5842.318380355835
26	0.043956045	0.07996566	0.18613207	12.203563	12.202382	-12.496532	-13.102996	3.3682258	3.309137	19.098703	6.5030665	29.683966	-3.1572824	1.9421759	0.9232199	6.56612	0.9096125	21.851648	25000	104000.0	6064.105558156967
27	0.06989247	0.07235619	0.20949998	12.572099	12.572336	-12.8077345	-13.683451	3.1211603	3.0746553	18.57644	6.958597	28.117306	-7.0645504	2.038287	1.0307407	6.1320167	0.66797686	21.521505	25000	108000.0	6280.731791973114
28	0.048913043	0.06544474	0.23705763	12.842511	12.842065	-13.037069	-14.281335	2.9797738	2.9390967	19.159801	6.410025	27.72849	-3.8438408	1.9219539	0.8927715	6.210827	0.6669736	21.711956	25000	112000.0	6503.50972867012
29	0.02793296	0.059220865	0.18069883	13.112438	13.113186	-13.294586	-14.644777	2.8224976	2.7896197	20.023787	5.5922	28.755707	-6.4299283	1.8048619	0.68325746	4.569492	0.67132485	22.329609	25000	116000.0	6732.970215320587
30	0.0056497175	0.053617824	0.15532663	13.361914	13.361926	-13.524489	-15.085873	2.6297417	2.6056418	20.260605	4.1599164	28.216557	-3.9086156	1.898869	0.8533157	6.7565584	0.9051339	22.59322	25000	120000.0	6964.4258353710175
31	0.011428571	0.048529953	0.15736721	13.565051	13.564199	-13.70707	-15.606044	2.5112505	2.4840167	20.045918	4.494174	28.407265	-4.2547307	1.8158859	0.61759245	5.1513553	0.92305726	22.868572	25000	124000.0	7184.3295884132385
32	0.0	0.043918185	0.15065742	13.746686	13.746891	-13.87983	-16.100035	2.4098973	2.391468	20.29213	3.651093	30.84758	7.0839434	1.7381086	0.61887825	4.675071	0.90857583	22.92	25000	128000.0	7416.346544742584
33	0.0058139535	0.03974389	0.14761887	13.931872	13.932133	-14.061922	-16.60478	2.2864408	2.2678761	20.38844	3.565664	29.326878	5.074033	1.8366467	0.5942399	3.708434	0.6547114	23.232557	25000	132000.0	7642.247455835342
34	0.0	0.03596209	0.15082763	14.104166	14.104179	-14.227871	-17.130003	2.1622186	2.1478326	20.125235	4.3289447	29.339958	8.228379	1.7637249	0.5508465	3.550767	0.64775425	23.690475	25000	136000.0	7866.737994670868
35	0.0058139535	0.032542363	0.14372498	14.261222	14.260444	-14.371308	-17.620539	2.0293279	2.0148778	20.192818	3.861787	28.476362	1.8268476	1.7643244	0.6223374	3.9410121	0.9114129	23.377907	25000	140000.0	8091.2412922382355
36	0.0	0.029446712	0.14366157	14.400012	14.398991	-14.505307	-18.134418	1.9149556	1.9010869	19.893839	4.050026	29.546682	8.568477	1.7629983	0.5975524	3.6305003	0.6702615	23.232557	25000	144000.0	8315.785744667053
37	0.017441861	0.026645694	0.14355181	14.505673	14.506646	-14.592651	-18.648317	1.7906578	1.7768317	20.629591	4.5424275	27.928577	-3.8014007	1.873338	0.82389426	6.1401324	0.9025967	23.226744	25000	148000.0	8539.43489074707
38	0.0	0.024106557	0.15222652	14.608173	14.608221	-14.689299	-19.195066	1.7315769	1.7177483	20.571297	3.9495342	27.629208	3.3174055	1.8657321	0.7110142	6.1660056	0.9025156	22.954287	25000	152000.0	8761.946161746979
39	0.0	0.021815727	0.13851155	14.719037	14.719902	-14.798717	-19.65764	1.5994673	1.5804259	20.931856	3.8713653	30.028673	0.04150893	1.8512725	0.61657864	4.907503	0.6677865	23.005781	25000	156000.0	8986.177928686142
40	0.0057471264	0.019740414	0.13662149	14.828802	14.829017	-14.890862	-20.163593	1.4847925	1.4659877	20.761456	3.8233006	28.62141	0.9629958	1.874351	0.7198016	5.6243267	0.9040297	23.068966	25000	160000.0	9208.881511688232
41	0.0057803467	0.017865079	0.12347586	14.934947	14.935888	-14.995617	-20.623632	1.398497	1.3838269	21.174417	3.5838554	27.83511	1.9043245	1.9079983	0.6017289	4.120978	0.9127041	23.080925	25000	164000.0	9431.419503450394
42	0.0057471264	0.016166156	0.1309067	15.032834	15.032523	-15.078688	-21.166304	1.328514	1.314289	21.136106	4.1731567	30.61934	0.46650156	1.8728575	0.6481652	4.081101	0.9235429	23.005747	25000	168000.0	9647.98829627037
43	0.0057471264	0.014628142	0.12210446	15.100115	15.100353	-15.142272	-21.641932	1.2344097	1.2200872	21.352375	3.6095986	29.226622	2.7864332	1.8970519	0.6538554	4.5590205	0.92247576	22.91954	25000	172000.0	9870.904596567154
44	0.0057471264	0.013236326	0.12798513	15.1612015	15.161201	-15.198006	-22.17931	1.1626871	1.153407	21.445353	3.9862707	31.448822	-0.6473735	1.883326	0.74477446	6.1976156	0.92231655	22.93678	25000	176000.0	10094.748207569122
45	0.0056818184	0.011978756	0.109204926	15.244662	15.246059	-15.274807	-22.608414	1.0964563	1.0823495	21.109468	3.6578941	28.716719	3.4746788	1.8209866	0.67574114	5.5290184	0.90908986	22.90909	25000	180000.0	10315.43562912941
46	0.0	0.010840918	0.10099591	15.341719	15.342418	-15.362901	-23.081135	1.0367656	1.0246468	21.1503	3.7917817	28.248146	-2.9365718	1.8309228	0.56508553	3.3233538	0.93121654	22.39326	25000	184000.0	10534.611446380615
47	0.011363637	0.009810539	0.10041125	15.394462	15.394295	-15.41154	-23.587791	0.97725135	0.9666537	21.542248	3.9790463	28.961927	1.8478911	2.009759	0.821152	6.3274336	0.9176399	22.738636	25000	188000.0	10755.473011255264
48	0.017045455	0.008877343	0.10541887	15.461653	15.461704	-15.472588	-24.12144	0.9419669	0.9294715	21.301422	4.343691	29.067482	-2.7973838	1.920903	0.71961236	5.180002	0.9115123	22.755682	25000	192000.0	10980.644533872604
49	0.03954802	0.008032572	0.101872146	15.539803	15.538971	-15.54511	-24.614805	0.9234567	0.91075176	20.92116	4.7094254	29.102177	0.21800698	2.05032	0.76301223	4.549175	0.9003606	22.58757	25000	196000.0	11202.443763971329
50	0.016949153	0.0072683915	0.099267624	15.598674	15.597874	-15.597407	-25.111923	0.8687975	0.8569047	21.404305	4.0293193	30.876184	2.1909716	2.0198202	0.76815933	5.0212884	0.91869545	22.58757	25000	200000.0	11424.928777694702
51	0.02247191	0.0065773204	0.09455707	15.639267	15.638913	-15.632216	-25.597858	0.8479876	0.8356482	21.348	4.1084723	29.395174	1.1069921	2.0106895	0.84092665	6.2841086	0.92171115	22.466291	25000	204000.0	11648.689811706543
52	0.022727273	0.005951815	0.08933482	15.704715	15.70483	-15.690793	-26.080122	0.81549805	0.80300343	21.884306	4.1721616	29.594954	0.6120992	2.004796	0.7222497	4.7004766	0.66795003	22.5625	25000	208000.0	11871.206839561462
53	0.011111111	0.0053859074	0.086167574	15.730454	15.7310705	-15.713657	-26.572086	0.78739053	0.77583706	21.464367	3.9487312	28.273071	1.7005701	1.8612895	0.6338254	3.9150703	0.8998681	22.427778	25000	212000.0	12094.219637870789
54	0.011363637	0.004873611	0.08308132	15.802127	15.801236	-15.780451	-27.063917	0.75637484	0.74762136	21.864481	3.690192	30.169996	3.2531335	1.8854123	0.6590113	4.5475936	0.9129155	22.642046	25000	216000.0	12316.675079584122
55	0.033333335	0.004410338	0.0764182	15.842775	15.843012	-15.819463	-27.535597	0.7426769	0.7345548	21.52336	4.766131	27.770609	-2.9785564	1.9746463	0.76316524	6.5988564	0.92484915	22.383333	25000	220000.0	12534.87749671936
56	0.011299435	0.0039909906	0.07109426	15.877104	15.877529	-15.851282	-28.013329	0.7506771	0.7417753	21.226778	3.9251776	28.63214	-0.71869594	1.9667455	0.6918636	4.3776116	0.9130678	22.497175	25000	224000.0	12753.005227088928
57	0.022346368	0.0036114855	0.07096128	15.900927	15.899384	-15.870216	-28.519398	0.73847437	0.7295211	21.22579	4.263994	28.808931	-3.7033658	1.9132543	0.6377175	4.544836	0.91136223	22.407822	25000	228000.0	12972.913817167282
58	0.02259887	0.003267751	0.071661554	15.923724	15.922246	-15.890325	-29.030529	0.7405278	0.7329967	21.535372	4.3746014	30.542906	-3.2248394	1.8670441	0.68241286	5.4081154	0.9100476	22.514124	25000	232000.0	13192.542449474335
59	0.016853932	0.0029567147	0.07195879	15.915793	15.915569	-15.879955	-29.539547	0.75332224	0.74649185	21.178965	3.6206446	29.044199	1.1578902	1.9016384	0.7169904	5.700444	0.6677487	22.550562	25000	236000.0	13411.482282876968
60	0.016853932	0.0026752339	0.07361479	15.965813	15.965977	-15.926816	-30.056778	0.7488821	0.74114627	21.55318	3.799084	29.15014	-0.95225316	1.8578882	0.6180673	4.679342	0.9084697	22.325842	25000	240000.0	13630.924316883087
61	0.0	0.0024204594	0.079293825	15.972461	15.97257	-15.931832	-30.598646	0.74212456	0.73650193	21.070639	3.5966723	30.26388	-1.1287981	1.8768206	0.6017854	3.543528	0.91515285	22.542374	25000	244000.0	13850.330001831055
62	0.033519555	0.0021901906	0.07178755	15.993291	15.992956	-15.947627	-31.060583	0.7481235	0.74106	21.01049	4.4750695	29.04139	2.4505093	2.065901	0.77331924	4.9653025	0.9225282	22.480448	25000	248000.0	14069.65760087967
63	0.0056179776	0.0019818067	0.07343101	16.005632	16.00588	-15.959894	-31.577919	0.7597679	0.7539985	21.010885	3.7496753	28.68345	-0.007148998	1.9089931	0.68709856	4.4037366	0.6619468	22.460674	25000	252000.0	14289.496159791946
64	0.011235955	0.0017931102	0.07597032	16.014381	16.0135	-15.965751	-32.10152	0.7388719	0.7340768	21.715843	4.281035	29.951736	-1.7298901	1.8908226	0.63134307	4.7972803	0.9184858	22.60674	25000	256000.0	14512.15427994728
65	0.0	0.0016224798	0.072168104	16.017647	16.016209	-15.968743	-32.584675	0.7583446	0.7516593	21.700058	3.4536366	30.632309	7.037944	1.8815482	0.6601611	4.377409	0.9149098	22.697144	25000	260000.0	14734.721773147583
66	0.011299435	0.0014681247	0.071268775	16.04467	16.04306	-15.99467	-33.085922	0.7609041	0.7549512	21.46219	3.8865442	29.191477	-1.8563428	1.9216962	0.6656824	5.1021185	0.9115936	22.638418	25000	264000.0	14954.652638435364
67	0.0056818184	0.0013284308	0.06832232	16.05826	16.058123	-16.008682	-33.57336	0.7284646	0.72191685	21.661894	3.823514	28.939625	1.0752505	1.8641784	0.5641262	3.6012692	0.91131985	22.630682	25000	268000.0	15176.273421764374
68	0.011173184	0.0012020364	0.06934074	16.04799	16.047134	-15.995643	-34.087017	0.72572935	0.72110313	21.616222	3.6315444	27.8447	2.333401	1.815444	0.6471269	4.929349	0.9003563	22.480448	25000	272000.0	15398.887724161148
69	0.0	0.0010876127	0.06854399	16.042889	16.042645	-15.989109	-34.588646	0.7514915	0.7483596	21.624512	3.3032506	29.233038	8.165574	1.9002395	0.5988722	3.6837168	0.6383207	22.585228	25000	276000.0	15621.376508235931
70	0.0056179776	0.0009841068	0.067251444	16.033035	16.03242	-15.979826	-35.08665	0.7410939	0.7360089	21.590286	3.6967845	30.57238	3.5283475	1.8214701	0.6599186	5.6159544	0.6675602	22.651686	25000	280000.0	15843.144016742706
71	0.0057803467	0.0008904063	0.0698558	16.043447	16.042414	-15.989559	-35.6119	0.73154294	0.72803015	21.956373	3.4653301	29.962442	1.1063687	1.907567	0.63885593	4.668476	0.9089179	23.080925	25000	284000.0	16065.812578201294
72	0.0	0.00080565474	0.07042572	16.048079	16.04691	-15.992961	-36.123173	0.71924525	0.7141904	21.584276	3.328251	28.997578	11.870859	1.8493683	0.594484	3.3324049	0.923113	22.536724	25000	288000.0	16288.318417072296
73	0.011299435	0.00072895654	0.06821867	16.050123	16.05067	-15.995139	-36.614384	0.7280716	0.72585845	21.660831	3.7318723	29.89494	2.1429348	1.8568609	0.6759123	5.8928123	0.91002774	22.745762	25000	292000.0	16508.779671430588
74	0.0	0.00065959536	0.06595893	16.06478	16.064417	-16.008362	-37.10461	0.71193993	0.70784044	21.719255	3.3410616	28.93893	6.5560117	1.8781351	0.5744207	3.2607446	0.6677853	22.577143	25000	296000.0	16730.004848241806
75	0.022222223	0.0005968163	0.067095935	16.073664	16.074396	-16.017992	-37.61974	0.6936014	0.6891646	21.687462	4.5143194	29.403427	-0.7058767	1.9549198	0.7066032	6.619345	0.91455203	22.55	25000	300000.0	16950.578949213028
76	0.017045455	0.00053999806	0.0667811	16.07153	16.070496	-16.014	-38.1243	0.72508264	0.7223571	21.537937	3.9974213	29.70103	-1.5299898	1.9241825	0.733462	4.9796596	0.68577486	22.47159	25000	304000.0	17172.06616640091
77	0.0	0.0004885945	0.066534854	16.09093	16.09138	-16.033619	-38.629242	0.7078552	0.7060632	22.106262	3.166487	29.158802	14.70475	1.890209	0.5600097	4.0727015	0.91271436	22.80226	25000	308000.0	17392.362662553787
78	0.0057142857	0.00044208908	0.06433841	16.101616	16.100744	-16.042465	-39.11899	0.7158821	0.7105941	21.749548	3.783732	29.328775	-3.3895469	1.8708813	0.6354475	4.5828314	0.6466457	22.777143	25000	312000.0	17617.727246284485
79	0.011299435	0.00040001757	0.063202456	16.089201	16.089716	-16.030441	-39.61656	0.7162207	0.71342975	21.571615	4.235779	28.223713	-6.142244	1.8978547	0.6563106	5.710606	0.90899444	22.62712	25000	316000.0	17839.892424345016
80	0.033707865	0.00036194676	0.06292961	16.100231	16.099491	-16.04109	-40.12082	0.6823474	0.6791095	21.251106	4.537401	28.304272	-3.1321692	1.9389894	0.74669564	5.41808	0.6673776	22.35955	25000	320000.0	18063.0499458313
81	0.011299435	0.0003274794	0.06533683	16.111094	16.111403	-16.052057	-40.646812	0.68848	0.68655306	22.516743	3.5420575	29.996502	-3.8960567	1.8402382	0.58639115	3.9703817	0.8451344	22.661016	25000	324000.0	18283.974051475525
82	0.0057142857	0.00029627627	0.064726576	16.105637	16.103767	-16.044155	-41.149086	0.6997902	0.6978075	22.001957	3.1351464	29.07303	6.478801	1.8482778	0.55578464	4.5347795	0.9313322	22.737143	25000	328000.0	18510.54825115204
83	0.016759777	0.00026804555	0.06241404	16.120424	16.11997	-16.060493	-41.637165	0.6909346	0.6896537	22.247383	4.12969	30.960629	-4.393059	1.8906494	0.6335116	4.837438	0.90835583	22.497208	25000	332000.0	18732.456243515015
84	0.022346368	0.00024250534	0.06098957	16.135456	16.134817	-16.074444	-42.132233	0.6950044	0.69261265	21.483315	4.0042706	29.841923	0.05112766	1.9272486	0.6505778	3.9450698	0.9178827	22.346369	25000	336000.0	18954.36716580391
85	0.028089888	0.00021939861	0.060355783	16.127813	16.128576	-16.068615	-42.63368	0.6890416	0.6869697	21.589045	4.014089	28.64976	-0.23501822	1.8458921	0.6745941	5.2310863	0.6670337	22.297752	25000	340000.0	19173.37619781494
86	0.0056497175	0.00019849319	0.059778944	16.12641	16.126907	-16.066326	-43.135532	0.7165883	0.7157348	21.806847	3.6957457	29.131153	-3.7790241	1.8952752	0.6191812	4.0309186	0.66295004	22.559322	25000	344000.0	19395.050334453583
87	0.027777778	0.00017957977	0.059627235	16.149746	16.149366	-16.088112	-43.64084	0.7001399	0.6994095	21.520592	4.334027	29.49266	-1.5672562	1.8060489	0.7312099	5.355645	0.66776097	22.383333	25000	348000.0	19616.736544132233
88	0.016853932	0.00016246851	0.059391648	16.169176	16.169695	-16.1102	-44.145454	0.69180536	0.6892732	21.531311	3.8545263	29.83403	-1.9344691	1.8401046	0.6564876	4.843327	0.90240103	22.449438	25000	352000.0	19843.730259656906
89	0.022346368	0.00014698764	0.058684666	16.159788	16.159012	-16.099806	-44.645836	0.70769167	0.7051831	21.588465	3.908355	29.04788	1.7938308	1.8343633	0.6737917	4.841533	0.90899	22.329609	25000	356000.0	20068.22792863846
90	0.016949153	0.00013298189	0.06091462	16.18095	16.180075	-16.12095	-45.17226	0.70912534	0.7064556	21.57988	3.99171	28.688667	-1.1204197	1.8851027	0.5786278	4.9245667	0.92711455	22.429379	25000	360000.0	20288.301183223724
91	0.010928961	0.00012030895	0.06618977	16.183971	16.183388	-16.13085	-45.726795	0.72142905	0.7181122	21.451302	3.6992903	27.87235	1.6645257	1.8512828	0.651552	5.2043195	0.93181205	22.180328	25000	364000.0	20505.260222911835
92	0.016574586	0.00010884346	0.06443196	16.213724	16.213007	-16.152802	-46.218124	0.73306346	0.7301039	21.587437	3.9547224	29.08617	4.1718416	1.8270677	0.5796881	4.3106527	0.91563576	21.883978	25000	368000.0	20724.020189523697
93	0.011363637	9.8470206e-05	0.068136185	16.192991	16.190386	-16.131407	-46.75937	0.7450834	0.74414974	22.268488	3.5594287	28.497692	5.9756927	1.787001	0.56829566	4.1201086	0.9102154	22.801136	25000	372000.0	20955.812574386597
94	0.0056818184	8.9087465e-05	0.061733596	16.22096	16.220549	-16.160961	-47.207253	0.7227649	0.7202176	21.879503	3.7000647	30.018482	0.27719972	1.8156234	0.5650306	4.047814	0.9092198	22.65341	25000	376000.0	21179.93813109398
95	0.0056497175	8.059929e-05	0.06402844	16.20442	16.202843	-16.144854	-47.735718	0.71115184	0.70758706	22.03551	3.3836062	28.630463	0.4620712	1.8999517	0.61064255	5.2622194	0.9102407	22.672316	25000	380000.0	21411.782424211502
96	0.0056497175	7.291937e-05	0.06231335	16.207098	16.2076	-16.14797	-48.2265	0.7408917	0.7376804	21.863256	3.0276833	28.22144	6.090501	1.8592857	0.590388	4.5639186	0.93156844	22.632769	25000	384000.0	21647.724760770798
97	0.0056179776	6.597121e-05	0.062885016	16.220049	16.219992	-16.161854	-48.738907	0.72013116	0.71651477	21.899181	3.3449879	27.465225	0.095624305	1.8692408	0.62560004	4.43363	0.8935459	22.52809	25000	388000.0	21880.88643360138
98	0.0056497175	5.9685157e-05	0.060533673	16.235073	16.233923	-16.174694	-49.22303	0.71611	0.714031	22.187511	3.3777351	29.791508	6.819123	1.774819	0.56362915	4.8238235	0.9156453	22.480227	25000	392000.0	22115.86937236786
99	0.011299435	5.3998134e-05	0.06055463	16.220669	16.222263	-16.163563	-49.729942	0.71449065	0.7113425	22.011154	3.6530962	28.329924	-2.5098407	1.8649678	0.5534213	3.826377	0.9273921	22.632769	25000	396000.0	22347.943720817566
100	0.0057142857	4.885296e-05	0.06056862	16.199635	16.20033	-16.141876	-50.236866	0.71507174	0.71244717	22.123005	3.447126	30.132637	6.419967	1.7514313	0.6300181	3.669441	0.9086745	22.925714	25000	400000.0	22576.04581952095
101	0.0056497175	4.4198012e-05	0.058364455	16.22176	16.221634	-16.163809	-50.721428	0.6945773	0.6913704	22.531208	3.4422712	29.105995	2.601506	1.8037766	0.60963154	3.9456332	0.90996504	22.61582	25000	404000.0	22795.488716363907
102	0.0	3.9986626e-05	0.0588932	16.224352	16.224815	-16.166456	-51.23333	0.69581664	0.6923982	21.954453	2.8079681	29.375261	14.381934	1.7968965	0.5420031	3.770723	0.9118542	22.662857	25000	408000.0	23015.085500478745
103	0.0056179776	3.6176494e-05	0.05799564	16.220884	16.220976	-16.163366	-51.730682	0.6943459	0.69162595	22.298845	2.9637325	28.478886	10.001119	1.7706335	0.59049416	4.550121	0.66704565	22.573034	25000	412000.0	23234.76677775383
104	0.0	3.272942e-05	0.05849558	16.22967	16.230333	-16.172308	-52.2424	0.6791882	0.6750658	22.141375	2.847903	28.018301	13.604654	1.8078054	0.5381407	3.7426784	0.9173312	22.762712	25000	416000.0	23455.152048110962
105	0.011363637	2.9610781e-05	0.05782547	16.233303	16.232082	-16.175232	-52.741936	0.6777939	0.6739054	21.792706	3.6968682	29.508844	4.976457	1.851249	0.5773228	4.0016813	0.9102199	22.568182	25000	420000.0	23679.657860517502
106	0.0	2.6789316e-05	0.058432072	16.222178	16.221785	-16.163717	-53.254757	0.6839207	0.6796902	22.31959	3.0723462	30.639896	11.177616	1.8395679	0.5478864	3.8252883	0.6677745	22.891428	25000	424000.0	23912.53263401985
107	0.0056497175	2.4236751e-05	0.05691294	16.220013	16.22076	-16.162493	-53.74522	0.66559374	0.6606207	22.17942	3.3251443	30.38189	5.126863	1.8465989	0.57817733	4.3133216	0.84480214	22.531073	25000	428000.0	24144.166082143784
108	0.0	2.1927346e-05	0.059458617	16.233253	16.233002	-16.17523	-54.27887	0.6795099	0.6770874	22.251709	3.103999	32.468357	13.365435	1.8089751	0.5813852	3.6406093	0.91639405	22.711864	25000	432000.0	24377.962090730667
109	0.011173184	1.9838024e-05	0.05712616	16.2223	16.221752	-16.163788	-54.76018	0.65804225	0.655457	22.034502	4.0624266	28.262882	-2.9292943	1.8180285	0.65386814	4.9527593	0.66436297	22.301676	25000	436000.0	24613.754466056824
110	0.011363637	1.7947785e-05	0.057532836	16.250025	16.24924	-16.190002	-55.271038	0.63459915	0.63055116	22.309906	3.7955892	28.922003	-4.248852	1.8912109	0.62524486	4.518516	0.919441	22.681818	25000	440000.0	24850.05978512764
111	0.0057471264	1.6237624e-05	0.059779324	16.246304	16.246943	-16.18706	-55.802322	0.64676005	0.645115	21.883463	3.6049085	30.273651	1.7739087	1.9181571	0.6341068	4.9182944	0.91307557	23.034483	25000	444000.0	25068.21388578415
112	0.0056179776	1.4690414e-05	0.0574792	16.236364	16.237179	-16.177965	-56.28332	0.6341384	0.6301901	22.208155	3.6270845	30.419819	-3.7346928	1.7939873	0.5790803	3.622695	0.9094328	22.539326	25000	448000.0	25289.57084131241
113	0.0057142857	1.3290648e-05	0.05830609	16.247332	16.248024	-16.188244	-56.79908	0.6327923	0.6317667	22.081036	3.214054	28.865526	8.24086	1.8947196	0.585858	3.8047817	0.9249062	22.737143	25000	452000.0	25513.47308564186
114	0.011299435	1.2024251e-05	0.059983376	16.261269	16.259274	-16.201181	-57.32459	0.61477107	0.6132956	22.325783	3.5394287	30.472149	3.6493113	1.939851	0.671365	5.735148	0.9203562	22.62712	25000	456000.0	25740.131408452988
115	0.011235955	1.0878518e-05	0.05669299	16.266476	16.266466	-16.207941	-57.793663	0.6087051	0.6071844	21.813362	3.2832448	29.601812	5.184997	1.8492991	0.5676115	4.6406093	0.92816925	22.550562	25000	460000.0	25957.34773159027
116	0.016853932	9.841955e-06	0.05686369	16.279167	16.278364	-16.21996	-58.301937	0.6022532	0.60174465	21.955416	3.8348918	29.72886	-1.465491	1.9349592	0.7082849	5.77286	0.91084754	22.516853	25000	464000.0	26178.55569267273
117	0.0056818184	8.90416e-06	0.05665245	16.29224	16.294088	-16.232714	-58.805855	0.601922	0.600531	22.312086	3.542374	29.468407	9.395883	1.8311414	0.65620685	4.330287	0.9164645	22.744318	25000	468000.0	26412.300486564636
118	0.016949153	8.055722e-06	0.057107948	16.29446	16.294064	-16.235693	-59.317585	0.5930976	0.5931017	21.296091	4.3824806	29.071604	-1.3146499	1.9056067	0.6678262	4.90557	0.66690415	22.37853	25000	472000.0	26631.645273685455
119	0.016853932	7.2881307e-06	0.055198684	16.287704	16.286089	-16.22812	-59.801376	0.61205536	0.6107727	22.012873	3.6820865	28.969345	-5.788582	1.8227395	0.5914678	4.0590973	0.9144242	22.516853	25000	476000.0	26850.792786836624
120	0.011235955	6.5936783e-06	0.055218153	16.294165	16.294346	-16.235846	-60.307774	0.6162784	0.6177923	21.658718	4.0984063	29.83016	0.062031474	1.9010249	0.67616934	4.784289	0.90879977	22.578651	25000	480000.0	27069.925945281982
121	0.011428571	5.9653967e-06	0.057575885	16.301626	16.299355	-16.24106	-60.84243	0.6152467	0.6166753	21.59289	3.4090583	29.977085	3.58834	1.9239296	0.61456746	4.497055	0.9295429	22.834286	25000	484000.0	27288.30358815193
122	0.011235955	5.396982e-06	0.05815594	16.296154	16.296041	-16.236126	-61.355873	0.6245476	0.6248546	22.670362	3.4237864	29.54499	-1.5230236	1.8512923	0.5909997	4.081623	0.9085156	22.617977	25000	488000.0	27507.842428684235
123	0.011299435	4.882729e-06	0.056675095	16.292286	16.292007	-16.232698	-61.84427	0.6391371	0.64080584	21.840355	3.2510319	29.576162	5.760366	1.8464727	0.65766126	4.176355	0.90982586	22.423729	25000	492000.0	27725.287014722824
124	0.0	4.417478e-06	0.057987954	16.29179	16.29203	-16.231445	-62.3668	0.61940575	0.620333	21.938648	3.3079014	29.104399	1.3917176	1.8123478	0.57724416	4.0091314	0.6675754	22.738636	25000	496000.0	27943.950638771057
125	0.02247191	3.9965566e-06	0.057755526	16.28237	16.281748	-16.22158	-62.87037	0.6275969	0.6295325	22.257698	4.0498605	28.925838	-2.083609	1.8628377	0.607127	4.9284353	0.91399246	22.47191	25000	500000.0	28134.41286754608
