Epoch	penalty	Crash_ratio	alpha	entropy	critic1	critic2	cost	LossPi	alpha_loss	critic1_loss	critic2_loss	cost_loss	sigma	AverageEpRet	StdEpRet	MaxEpRet	MinEpRet	AverageEpCost	StdEpCost	MaxEpCost	MinEpCost	EpLen	Buffer_size	TotalEnvInteracts	Time
1	1.0577202	0.46396396	0.9527441	1.1750677	0.49173757	0.4977859	0.10936045	-1.4950038	-0.22595951	1.1660613	1.1608144	0.05143515	0.100005016	5.5790477	8.55646	21.008244	-9.215894	3.581598	1.2831457	7.3877225	0.9191979	17.842342	5998	4000.0	254.78095960617065
2	1.1697389	0.34319526	0.8615065	1.2132636	0.72413313	0.7230151	0.14414181	-1.6742976	-0.73297733	1.8111416	1.8070656	0.056023158	0.105005264	8.93426	8.466822	22.095568	-7.168454	3.1949174	1.2432572	5.911522	0.9295024	19.597633	6998	8000.0	503.58340191841125
3	1.2755194	0.2631579	0.7753242	1.3554604	0.8722747	0.87207264	0.15124646	-1.8424636	-1.4522429	1.9443974	1.939208	0.053599767	0.110255525	6.0350447	39.31914	24.415442	-256.90436	3.080318	1.3025211	5.7752876	0.0	40.505264	7998	12000.0	764.0901288986206
4	1.3828467	0.30612245	0.70446485	1.0765163	0.7894723	0.7888312	0.18094851	-1.4831239	-1.581682	2.3010938	2.2930233	0.052966945	0.11576826	9.756544	21.018665	23.09209	-258.3644	3.0265698	1.3257701	5.924605	0.0	24.647959	8998	16000.0	1000.5008015632629
5	1.4954472	0.26666668	0.64611197	0.9265972	0.8955836	0.8950551	0.21148625	-1.5014119	-1.8669366	2.7077448	2.6976035	0.05374645	0.12155673	13.070583	8.456091	26.44495	-6.568544	2.891308	1.2755666	6.2249956	0.8900639	20.466667	9998	20000.0	1229.7321617603302
6	1.6058863	0.19170985	0.58787256	0.79237574	1.0463707	1.0459558	0.2349898	-1.6523726	-2.2433481	3.038263	3.0287766	0.050855882	0.12763457	15.004258	7.8955455	26.485561	-6.2316356	2.5538394	1.1228836	5.0967584	0.9150815	20.787565	10998	24000.0	1457.0483186244965
7	1.7139401	0.1576087	0.53532654	0.6198598	1.1949282	1.1947266	0.25409794	-1.7728772	-2.5073767	3.2551107	3.2468536	0.04821698	0.13401628	17.10525	7.057979	28.734776	-4.3670344	2.5186613	1.2398821	6.4475265	0.90632033	21.440218	11998	28000.0	1682.792069196701
8	1.8202609	0.20952381	0.48592138	0.52087766	1.3636189	1.3634919	0.27251858	-1.9448575	-3.1561632	3.2898777	3.282289	0.044331748	0.14071707	15.584411	10.154475	26.952215	-51.270325	2.6626277	1.29491	6.4446845	0.0	30.142857	12998	32000.0	1946.5228564739227
9	1.9254053	0.2204301	0.439347	0.48346567	1.5381105	1.5385011	0.2897761	-1.9750679	-3.473867	3.2996588	3.2923994	0.04174112	0.14775296	15.967257	8.4591875	27.530127	-31.766863	2.6707656	1.256493	6.133446	0.0	26.231182	13998	36000.0	2176.7050952911377
10	2.029167	0.2303665	0.40042296	0.3984793	1.7366911	1.7365322	0.30334392	-2.0814223	-3.544797	3.3405738	3.3325596	0.040170003	0.15514056	17.13271	8.068427	30.247215	-1.5967181	2.6608832	1.2111589	6.3483186	0.93730503	20.968586	14998	40000.0	2404.3903057575226
11	2.133077	0.2538071	0.36412463	0.36402357	1.9851482	1.9852234	0.32241035	-2.3129666	-4.034768	3.330557	3.32205	0.038231276	0.16289762	16.567757	8.204635	26.990042	-1.0017244	2.6763043	1.1569575	5.76332	0.6749841	20.436548	15998	44000.0	2627.7327024936676
12	2.2368765	0.20833333	0.33086693	0.32623082	2.187266	2.186968	0.33527583	-2.3766813	-4.1260734	3.318711	3.3086684	0.037203826	0.17104249	17.934225	7.801086	29.349348	0.5402584	2.5864978	1.2034441	5.3759747	0.92482466	20.90625	17000	48000.0	2850.34818983078
13	2.3407094	0.23684211	0.30030614	0.29392457	2.42919	2.4290507	0.35583824	-2.5569465	-4.5637283	3.2420259	3.2306855	0.037192892	0.17959465	17.530891	7.9640017	29.065102	-0.2968216	2.7154014	1.3231949	6.272062	0.91946125	20.936842	17998	52000.0	3074.5420546531677
14	2.4441535	0.1957672	0.27332476	0.26530582	2.6217384	2.6215131	0.3682411	-2.6104755	-4.5619087	3.15876	3.1448412	0.03670411	0.18857437	18.581446	7.6536665	28.463263	-0.506516	2.5253174	1.271694	6.4935327	0.6738769	21.068783	18998	56000.0	3298.7950632572174
15	2.5463247	0.18848167	0.24903348	0.23980862	2.828423	2.8288963	0.3799387	-2.7138374	-4.8580523	3.0567436	3.0401213	0.036118004	0.19800308	19.204897	7.757001	30.224333	-0.16570261	2.463594	1.1915586	5.4251766	0.9193755	21.031414	19998	60000.0	3520.4133710861206
16	2.6492946	0.17989418	0.22501484	0.21961367	3.1726904	3.1728423	0.39850435	-3.095784	-5.77491	3.033126	3.0115683	0.03518519	0.20790324	19.640303	7.4968624	29.305435	0.87079805	2.4149377	1.2248385	5.816906	0.8967202	21.248676	20998	64000.0	3742.4010922908783
17	2.7513642	0.15135135	0.20384401	0.2022602	3.3418796	3.3408532	0.40739757	-3.0559056	-5.813214	2.9103692	2.8859239	0.03488436	0.21829838	20.153982	6.8170686	29.277782	2.0633614	2.468334	1.1684535	6.329447	0.6676128	21.427027	21998	68000.0	3961.9090144634247
18	2.8530302	0.17801048	0.18501098	0.18020327	3.5833952	3.5837226	0.418203	-3.2227283	-6.1260324	2.838787	2.8097534	0.034530837	0.22921327	20.10254	7.2887096	31.373095	1.8489224	2.3468392	1.1734338	5.2333684	0.9278206	21.015707	22998	72000.0	4179.514730930328
19	2.954566	0.19148937	0.16794062	0.16140576	3.8641305	3.8646743	0.43292698	-3.4421444	-6.764897	2.7861238	2.751244	0.034435164	0.2406739	19.652946	7.629531	30.70873	1.6238409	2.502911	1.2429858	6.2189293	0.9148342	21.30851	23998	76000.0	4397.224918603897
20	3.056545	0.16931216	0.15185395	0.1532865	4.090692	4.0911546	0.44387868	-3.5581603	-7.126777	2.7103775	2.6701584	0.034575086	0.2527077	19.925985	7.238622	30.940619	1.7480431	2.3746703	1.1694174	5.3522534	0.916182	21.047619	24998	80000.0	4618.424304962158
21	3.1576343	0.14893617	0.13791648	0.1377394	4.2841387	4.2845883	0.45106596	-3.6138287	-7.211547	2.618309	2.5745354	0.034723982	0.26534307	20.673584	6.9406466	31.535154	2.1862733	2.290382	1.1491674	5.5713143	0.6677084	21.329786	25998	84000.0	4842.697571992874
22	3.2585201	0.12432432	0.12536646	0.12217762	4.457173	4.4570146	0.45776588	-3.6236372	-7.1571074	2.4898868	2.4417577	0.0341091	0.27861014	21.24315	6.936693	30.686962	2.0100048	2.3063242	1.1172019	5.779578	0.91236997	21.627028	26998	88000.0	5065.564211845398
23	3.3587475	0.14893617	0.113907695	0.1138985	4.7833056	4.782697	0.46581918	-3.9746952	-7.960127	2.468448	2.4135091	0.034289412	0.29254067	20.572117	7.070761	30.890423	2.194305	2.3649294	1.1574434	6.559084	0.9099868	21.335106	27999	92000.0	5286.80383014679
24	3.4592862	0.16129032	0.10287529	0.10686722	5.010227	5.010041	0.47178766	-4.112324	-8.4789295	2.4176416	2.354761	0.03454135	0.3071677	20.872042	7.782892	32.036922	2.1811118	2.3504252	1.136978	6.1229424	0.9031802	21.333334	28998	96000.0	5508.019765615463
25	3.559604	0.11290322	0.09362521	0.101510435	5.1694837	5.1696515	0.47841823	-4.1199956	-8.655337	2.3118448	2.24385	0.034671754	0.32252607	21.763523	6.564715	32.42026	2.9211714	2.25522	1.1007873	5.714363	0.9094613	21.698925	29998	100000.0	5727.207969903946
26	3.6597388	0.15053764	0.084883854	0.096466124	5.368069	5.367929	0.48335063	-4.157537	-8.562804	2.2705913	2.198231	0.033981238	0.3386524	20.997927	7.4600964	32.442497	2.7498097	2.3161244	1.1644231	5.4739795	0.9122996	21.45699	30998	104000.0	5958.679689884186
27	3.7596102	0.15675676	0.07720426	0.090245396	5.5476832	5.5475807	0.48559913	-4.230222	-8.816786	2.1655357	2.0915082	0.03323336	0.35558507	20.734987	7.6538625	31.981524	3.0455198	2.311741	1.115317	5.2657633	0.90921307	21.572973	31998	108000.0	6185.3493003845215
28	3.8592653	0.10382514	0.06991828	0.08860196	5.7922406	5.7927623	0.48850238	-4.472251	-9.478365	2.174737	2.0947812	0.033609893	0.3733644	21.227587	6.534125	36.142525	1.2249115	2.211163	1.1078035	6.2183924	0.91063255	21.759563	32998	112000.0	6409.158580303192
29	3.9587193	0.112299465	0.06350335	0.08818776	5.9097185	5.909328	0.49109852	-4.399661	-9.48018	2.040704	1.9603664	0.033441406	0.39203253	21.487175	7.0962725	33.2394	0.4051939	2.1279745	1.0436411	5.1279745	0.75511956	21.44385	33999	116000.0	6629.2712523937225
30	4.058099	0.11827957	0.057421632	0.08796405	6.2118626	6.212422	0.49300665	-4.7511964	-10.753053	2.1089694	2.0217693	0.034208488	0.4116341	21.18404	6.9269214	30.474096	0.27456912	2.1276357	1.0611259	5.679316	0.674933	21.64516	34998	120000.0	6850.536702156067
31	4.1573124	0.08839779	0.052043818	0.0848556	6.263243	6.263249	0.49369743	-4.5383024	-10.223834	1.8817534	1.8011225	0.03267294	0.43221584	22.232244	6.602386	31.849705	1.5054218	2.1115034	0.9889253	5.375179	0.91054225	22.060774	35998	124000.0	7071.137951850891
32	4.256214	0.043956045	0.047355082	0.08538699	6.548741	6.547304	0.48915124	-4.880623	-10.713129	1.9583452	1.872802	0.033345573	0.45382667	22.496508	5.3746595	33.763474	1.4547896	1.9201165	0.8756807	4.949316	0.6565868	22.032967	36998	128000.0	7291.743773698807
33	4.3547716	0.08287293	0.042856146	0.08077469	6.835452	6.8342824	0.48879144	-5.237459	-11.441257	2.0286736	1.9389209	0.03431464	0.47651803	22.503653	6.170491	33.22371	2.6428843	2.015737	1.0208434	5.6566644	0.6677931	22.044199	38000	132000.0	7515.157106637955
34	4.453275	0.06111111	0.038802344	0.08003917	6.954694	6.954123	0.4868741	-5.192955	-11.63389	1.9276814	1.8480693	0.03314773	0.5003439	22.287628	5.921543	32.699295	-0.03593327	1.9139233	0.90392196	5.5399423	0.66773784	22.166666	38998	136000.0	7735.01611328125
35	4.551964	0.044198897	0.03523558	0.08103833	7.11633	7.114196	0.4862233	-5.251489	-11.818702	1.8576316	1.7821677	0.033032246	0.525361	22.354527	5.482389	31.804901	2.0260909	1.9081281	0.8151573	4.920997	0.9143739	22.18232	39998	140000.0	7956.539171695709
36	4.6502366	0.028089888	0.03192477	0.08037045	7.3302493	7.3295927	0.4815846	-5.4461164	-12.336521	1.8967801	1.8228103	0.032933194	0.551629	22.77613	4.641479	30.822897	4.3407984	1.7826104	0.7684769	6.054243	0.9093931	22.286516	40998	144000.0	8178.3177399635315
37	4.748796	0.044198897	0.029017951	0.08252745	7.349409	7.3487134	0.4841992	-5.2006564	-11.800197	1.6658211	1.6026127	0.032487623	0.5792106	22.584621	5.432604	30.87197	3.3791115	1.8630412	0.7860294	4.9227023	0.91376144	22.281769	41998	148000.0	8397.009293794632
38	4.847401	0.05	0.02635434	0.08634352	7.5482707	7.5485897	0.47771618	-5.42265	-12.683983	1.7173793	1.6527293	0.032603554	0.6081713	21.929848	5.518833	32.887722	2.757936	1.9514052	0.9024597	5.1859994	0.8897044	22.11111	42998	152000.0	8623.725469112396
39	4.9449453	0.05	0.023798138	0.08372097	7.812328	7.810972	0.470872	-5.7507844	-13.489025	1.7678701	1.7061656	0.033036806	0.6385797	22.338049	5.7241035	32.093716	1.2226557	1.9495745	0.9152348	5.082989	0.6677599	22.277779	43998	156000.0	8848.872587442398
40	5.0425053	0.055555556	0.021601735	0.08581434	8.006592	8.005826	0.4626911	-5.964356	-13.757877	1.7880276	1.7235942	0.03282647	0.67050856	21.557938	5.849011	32.0269	3.2653112	1.8972255	0.8949201	5.532693	0.9147469	22.188889	44998	160000.0	9069.28533744812
41	5.140294	0.028248588	0.019577695	0.086408734	8.06847	8.067111	0.46386737	-5.821368	-13.51595	1.6660426	1.6109585	0.032627594	0.70403403	22.263584	4.834347	31.975716	3.2964914	1.7272699	0.6623838	4.787203	0.6855829	22.542374	45998	164000.0	9288.672129869461
42	5.238193	0.016666668	0.017775454	0.08952739	8.292057	8.292258	0.45449448	-6.132243	-14.469889	1.7408873	1.686649	0.03308123	0.7392357	22.739256	4.5280285	32.89355	2.018009	1.7625628	0.69278884	4.7627416	0.8908654	22.38889	46999	168000.0	9509.321649074554
43	5.3351727	0.038043477	0.016086776	0.08708696	8.552615	8.553562	0.4444738	-6.524382	-15.233145	1.859779	1.8043742	0.033039857	0.7761974	21.572084	5.5059767	30.09328	1.0427231	1.7943623	0.8227073	5.5389066	0.89422554	21.684782	47998	172000.0	9728.265171527863
44	5.4322157	0.016666668	0.014561033	0.09163254	8.634447	8.635556	0.44204262	-6.478285	-15.401681	1.7755667	1.7248472	0.03260285	0.8150073	22.288149	4.830022	31.843702	2.5837708	1.6367798	0.60284466	4.103669	0.6677932	22.294445	48998	176000.0	9951.724833965302
45	5.5294447	0.011363637	0.013208944	0.09053678	8.879637	8.877431	0.4309718	-6.84479	-16.078058	1.8874731	1.836252	0.033296343	0.85575765	22.431273	4.2922535	30.661003	1.7320732	1.6208191	0.62201494	4.7364287	0.9098148	22.664772	49998	180000.0	10178.37093091011
46	5.6261764	0.016949153	0.011977974	0.088539146	8.982506	8.981713	0.42327428	-6.8765965	-16.323364	1.8582639	1.8156033	0.03259755	0.8985457	22.078762	5.0951653	31.026121	-4.8750095	1.6235723	0.5466219	4.0968056	0.9127701	22.548023	50998	184000.0	10400.745314359665
47	5.723272	0.011363637	0.010903066	0.08546098	8.907185	8.906218	0.41901165	-6.485936	-14.963423	1.5210154	1.4864885	0.03150675	0.94347316	22.43777	4.665051	31.961601	3.1170924	1.6549263	0.61859745	4.3740773	0.9098308	22.573864	51998	188000.0	10625.38075208664
48	5.8201094	0.022222223	0.009905962	0.0813478	9.289689	9.290386	0.40688694	-7.1522274	-16.300573	1.8294026	1.7900625	0.032044083	0.99064654	21.660051	4.4256544	29.129879	2.8532424	1.6155798	0.57434905	4.381978	0.8963818	22.327778	52998	192000.0	10845.211801052094
49	5.9169397	0.0058139535	0.008997952	0.080515265	9.172231	9.170926	0.4062029	-6.6997137	-15.102604	1.5042424	1.4760531	0.031096444	1.040179	22.744576	3.9700055	30.833544	3.492232	1.6757888	0.52150327	4.10077	0.6857144	23.273256	53998	196000.0	11067.108145236969
50	6.0141945	0.0	0.008176778	0.076797135	9.3261385	9.325753	0.39895642	-6.8758135	-15.631243	1.5233313	1.4958237	0.031112624	1.092188	22.665356	3.9943082	30.108843	1.6378384	1.5784725	0.5612839	5.177802	0.87973857	22.897728	54998	200000.0	11287.93730354309
51	6.1109257	0.02247191	0.007406837	0.07675255	9.638908	9.6384	0.38534176	-7.455167	-17.058996	1.7967814	1.7665058	0.031022893	1.1467974	21.34109	5.066084	30.842438	1.0606362	1.6543195	0.60927355	4.152344	0.9096493	22.370787	55998	204000.0	11517.000694990158
52	6.206356	0.017142856	0.00668385	0.07396036	9.794623	9.794574	0.37603888	-7.6247206	-17.519611	1.7998378	1.7742637	0.03123333	1.2041372	22.648554	4.406392	31.623507	3.1357584	1.6321335	0.6899729	6.083468	0.6677484	22.737143	56998	208000.0	11745.064752340317
53	6.3028193	0.016853932	0.006052685	0.0744695	10.002684	10.003349	0.3697723	-7.9195333	-18.766542	1.8456233	1.8202683	0.03091885	1.2643437	22.257933	4.1148734	30.901308	5.2439103	1.5553191	0.6012547	6.0907836	0.679625	22.494383	57998	212000.0	11972.523170232773
54	6.3994985	0.0	0.0054822667	0.07103484	10.095347	10.095396	0.3636281	-7.9304614	-18.591702	1.8136683	1.7891564	0.030689053	1.3275613	22.291578	3.9329133	30.856478	11.71501	1.4745111	0.41806537	3.0031147	0.6723308	22.251396	58998	216000.0	12194.696264266968
55	6.4963136	0.016666668	0.004980826	0.07094069	10.181498	10.179104	0.3582674	-7.9188404	-18.40503	1.7654682	1.7468406	0.02982214	1.3939393	22.134718	4.586275	30.48428	0.42241094	1.6065189	0.5565667	4.7230062	0.6862625	22.527779	60000	220000.0	12417.321420907974
56	6.5930037	0.005586592	0.0045270636	0.06835327	10.2787895	10.279101	0.35269657	-7.9561043	-17.912674	1.7323196	1.7121346	0.029778156	1.4636365	22.469044	4.1660914	30.783531	-0.6138987	1.5834516	0.5114273	4.1317697	0.6733901	22.413408	61000	224000.0	12634.543286561966
57	6.6894875	0.011428571	0.0041072355	0.06825002	10.490986	10.490031	0.34324706	-8.285821	-19.33598	1.817329	1.8024005	0.029439934	1.5368181	22.281105	4.3528657	31.349897	3.4610796	1.6222345	0.6015045	4.3915133	0.90353096	22.725714	61998	228000.0	12858.245112657547
58	6.7855554	0.0	0.0037153105	0.06668267	10.730266	10.729842	0.3367701	-8.632215	-20.095896	1.957651	1.9418219	0.030001814	1.6136594	22.75634	3.8126626	31.167004	12.951907	1.531961	0.44447085	3.6674383	0.667461	22.619318	62998	232000.0	13083.22294640541
59	6.8816543	0.016853932	0.0033681593	0.063149616	10.931963	10.933025	0.32808232	-8.938709	-20.428429	2.0394974	2.0230703	0.029596157	1.6943423	21.928074	5.086874	32.63464	0.019978635	1.6157417	0.56885755	4.0090647	0.9089444	22.55618	64000	236000.0	13315.665001392365
60	6.977977	0.0056179776	0.0030616599	0.06407219	10.9085455	10.909694	0.32353187	-8.745822	-19.766209	1.8901279	1.8786354	0.028877083	1.7790593	22.311033	4.6077194	30.334604	3.9810722	1.557396	0.46251473	3.7336109	0.6677185	22.5	65000	240000.0	13543.575498819351
61	7.074569	0.0056497175	0.0027822896	0.064902164	10.873025	10.873103	0.31925356	-8.49505	-19.504164	1.64868	1.6377977	0.027877498	1.8680118	22.685123	3.9676056	32.095528	6.017773	1.5157777	0.44279107	4.1070843	0.91057473	22.514124	65998	244000.0	13766.497191667557
62	7.171194	0.0056818184	0.0025270693	0.06353195	11.0728245	11.071445	0.31353688	-8.769773	-20.116632	1.7714471	1.7596344	0.027679745	1.9614128	22.976942	4.0850205	31.771751	11.798423	1.5229496	0.54575515	6.8338957	0.80125564	22.727272	66998	248000.0	13985.554849624634
63	7.2674685	0.0056818184	0.0022849012	0.06306348	11.402679	11.404279	0.307136	-9.327931	-21.81793	2.0963428	2.080093	0.028489076	2.0594828	22.603807	4.144403	30.972105	-1.8225437	1.5934619	0.5767264	4.9308763	0.9079719	22.6875	67998	252000.0	14205.357136249542
64	7.363756	0.0	0.0020699692	0.06263436	11.483771	11.482207	0.2999029	-9.34191	-22.018454	2.0084581	1.9998686	0.02742322	2.1624575	23.172556	3.7937722	30.64462	12.02166	1.5075798	0.42206427	3.1397002	0.6672643	22.494383	68998	256000.0	14425.135259628296
65	7.4604354	0.0	0.0018793566	0.060932353	11.542903	11.542932	0.29778466	-9.363979	-21.570234	1.9029851	1.8960787	0.027086308	2.27058	22.87136	3.992587	30.581993	13.230775	1.5121205	0.4417883	3.8612366	0.67830205	22.61017	69998	260000.0	14652.118391275406
66	7.5562263	0.011235955	0.0017023528	0.05880733	11.908332	11.905335	0.28613037	-10.037799	-23.174946	2.2294307	2.2227924	0.027082114	2.384109	22.558338	4.3166013	30.092157	-1.0372208	1.5751354	0.5940732	6.2956414	0.667788	22.38764	70998	264000.0	14882.08261179924
67	7.6522703	0.0056179776	0.0015412085	0.059627842	11.800162	11.79895	0.28648552	-9.59134	-22.72389	1.9371907	1.9325727	0.026759716	2.5033145	22.582762	4.290014	31.042885	-1.5751835	1.6116762	0.6381173	5.8481402	0.9077041	22.494383	71998	268000.0	15105.175354719162
68	7.7494297	0.0	0.001399677	0.060196016	11.906043	11.904051	0.28485888	-9.683776	-23.066992	1.9728551	1.9691857	0.026319508	2.6284804	22.617516	4.1136546	31.379436	10.803468	1.577257	0.43890402	3.0586045	0.9090133	22.480448	72998	272000.0	15323.59059548378
69	7.8463326	0.0	0.0012720186	0.058915153	12.007908	12.007257	0.27910197	-9.734105	-22.561176	1.9000874	1.896705	0.025880132	2.7599041	22.956219	3.9089215	31.84265	11.305256	1.4803008	0.43150264	3.5997357	0.66772467	22.357542	73998	276000.0	15543.852551221848
70	7.942841	0.011173184	0.0011555095	0.05752002	12.210447	12.209339	0.27240124	-10.039783	-23.219715	2.0276895	2.0236847	0.025525644	2.8978996	22.840939	4.4355164	30.469957	-0.16142435	1.5194006	0.50996274	4.3085318	0.66761285	22.284916	74998	280000.0	15759.945356845856
71	8.039357	0.005586592	0.0010478277	0.05821112	12.149481	12.151068	0.27209932	-9.754766	-22.698757	1.7729124	1.7709923	0.025088014	3.0427945	22.597525	4.5994115	31.375967	-0.8745994	1.5653822	0.52665764	4.3128104	0.668794	22.184357	75998	284000.0	15983.473697900772
72	8.135456	0.0056497175	0.00094980776	0.05687274	12.517884	12.516986	0.26311845	-10.492703	-24.754675	2.2189722	2.2157137	0.025090454	3.1949344	22.823738	3.9425492	31.524958	6.3439503	1.5659947	0.44703254	3.6865005	0.90223986	22.779661	76998	288000.0	16211.793745279312
73	8.231855	0.0056497175	0.0008595563	0.055926573	12.427998	12.428049	0.26412234	-10.115045	-24.040108	1.8015223	1.7966349	0.023972966	3.3546817	22.915169	4.1431956	30.546717	2.6556814	1.5314307	0.46669322	4.453398	0.680415	22.468927	77998	292000.0	16439.92210507393
74	8.329304	0.0056818184	0.0007814493	0.057361823	12.483892	12.486822	0.26196522	-10.093478	-24.199707	1.7599353	1.7571559	0.023849342	3.5224156	22.155388	4.160139	31.147268	0.4351052	1.5801617	0.42368093	3.7834291	0.9083594	22.732954	78998	296000.0	16667.182837724686
75	8.425569	0.0	0.0007078785	0.056968197	12.664448	12.665746	0.2556442	-10.397287	-24.70866	1.9288386	1.9283872	0.023930332	3.6985369	22.769781	4.261366	33.124157	2.524955	1.4955026	0.5018826	4.0570455	0.68572813	21.86413	79998	300000.0	16886.895442008972
76	8.522298	0.005586592	0.00064239325	0.056589615	12.695137	12.695135	0.25527763	-10.310877	-24.85478	1.853	1.8554735	0.02353786	3.8834634	23.208605	4.1353045	32.21841	4.9652963	1.5775609	0.5230078	4.3788443	0.8963908	22.273743	80998	304000.0	17106.433222293854
77	8.6190195	0.02793296	0.0005825911	0.054674476	12.963986	12.96263	0.24940413	-10.776662	-25.918737	2.1292827	2.1281943	0.023718758	4.0776353	22.52665	4.9791274	32.7599	-1.7311476	1.6266377	0.6291241	5.7025037	0.67457175	22.474861	81998	308000.0	17327.431170225143
78	8.715039	0.0	0.0005266514	0.054669347	13.247168	13.246069	0.24495676	-11.234963	-27.023333	2.3484704	2.3470914	0.02379168	4.2815175	23.299335	3.6581688	31.516153	12.784447	1.5528162	0.4536937	3.095705	0.9002901	22.451977	82998	312000.0	17550.5835313797
79	8.811147	0.0	0.00047645558	0.054964654	13.365193	13.362578	0.2412247	-11.351015	-28.336575	2.3426356	2.3450809	0.023505298	4.4955935	23.592522	3.6004238	31.275808	12.239913	1.5573553	0.44830897	3.666448	0.9088679	22.480448	83998	316000.0	17777.528290510178
80	8.90832	0.0	0.00043358124	0.053766962	13.14356	13.143838	0.24497834	-10.644527	-24.807625	1.9035019	1.9050094	0.022647895	4.720374	22.86084	3.9271731	31.3372	11.607094	1.5551621	0.5081394	4.1695952	0.91031384	22.325842	84998	320000.0	18009.765312194824
81	9.005492	0.0	0.00039426686	0.054299407	13.355399	13.355043	0.23767017	-11.039008	-27.275745	2.1093793	2.1105132	0.022844143	4.9563932	22.631008	3.7596197	30.808603	13.296887	1.4785855	0.48279527	4.369745	0.667787	22.266666	85998	324000.0	18236.992358207703
82	9.101492	0.0	0.00035696742	0.05363709	13.552887	13.552351	0.23357044	-11.396609	-27.615173	2.2449508	2.2487984	0.022033108	5.2042117	22.761925	3.970915	30.445732	12.829928	1.5316948	0.41030386	3.0106032	0.89943874	22.396648	86998	328000.0	18465.259014368057
83	9.1973295	0.0	0.0003232079	0.053515572	13.615047	13.614817	0.23204911	-11.369651	-28.762339	2.2111382	2.214648	0.022044681	5.4644217	23.17247	3.6774576	30.415077	13.502288	1.5057737	0.42734167	3.131166	0.90955603	22.407822	88000	332000.0	18686.561185598373
84	9.295103	0.0056497175	0.0002936961	0.055874757	13.481271	13.481637	0.23446622	-10.922498	-26.88905	1.8757881	1.8815871	0.02162741	5.7376437	23.113363	3.7627614	30.734335	3.6341357	1.509088	0.51295906	4.9380703	0.89017946	22.508474	88998	336000.0	18905.843822717667
85	9.391965	0.0	0.00026644918	0.05370892	13.834467	13.834318	0.22826847	-11.6258135	-29.459719	2.3257325	2.3283956	0.021948237	6.024525	22.947535	3.9437802	31.874975	12.237696	1.5383157	0.41522723	2.8461342	0.90868354	22.344444	89998	340000.0	19130.19655060768
86	9.488285	0.0056179776	0.00024119506	0.05343574	13.847412	13.847861	0.22576177	-11.563789	-28.977488	2.1927555	2.1961374	0.021043843	6.325751	22.999916	4.1534944	30.66144	0.8557483	1.5029298	0.45444673	3.9851892	0.63811	22.235954	90998	344000.0	19356.5740776062
87	9.584628	0.016759777	0.00021854868	0.05330874	14.01521	14.015439	0.22415076	-11.779357	-29.948929	2.2359502	2.2394722	0.021522515	6.6420403	22.44651	4.540077	30.191341	0.34274438	1.626227	0.6238113	5.452262	0.90116173	22.22905	91998	348000.0	19587.285771608353
88	9.682285	0.0	0.00019860375	0.05297981	13.8542185	13.854337	0.22540036	-11.274254	-28.368357	1.8373625	1.8435566	0.020205872	6.974141	22.504955	3.7406774	30.816868	12.662982	1.5897274	0.46490118	4.154707	0.89637876	22.4	92998	352000.0	19814.654339551926
89	9.779343	0.0	0.00018002307	0.052374903	14.196695	14.196392	0.22196975	-11.914412	-31.278732	2.3340027	2.330562	0.021361144	7.3228474	22.225372	3.8142037	31.92238	11.036051	1.5476708	0.45181566	3.250914	0.88883024	22.41573	93998	356000.0	20037.151399850845
90	9.875548	0.011173184	0.00016295827	0.05150661	14.278314	14.277092	0.21823075	-11.966916	-30.978077	2.3391435	2.342034	0.020549044	7.6889906	22.8531	4.404044	31.054625	-1.442619	1.5258847	0.5785171	5.560234	0.88873273	22.486034	94998	360000.0	20258.129331111908
91	9.972062	0.0	0.00014801207	0.052498568	14.313568	14.312728	0.21838778	-11.889844	-30.226902	2.2786832	2.2813807	0.020420283	8.073441	23.110867	3.5814512	32.371246	13.094501	1.4702601	0.34217995	2.6493886	0.66653925	22.576271	95998	364000.0	20476.34289765358
92	10.068549	0.016759777	0.00013401263	0.051670756	14.578224	14.578726	0.21146655	-12.4408245	-33.237663	2.5283532	2.5311286	0.020335307	8.47711	22.35125	4.3038297	29.620361	2.1514764	1.616758	0.6170641	5.8500276	0.8973721	22.318436	96998	368000.0	20697.689110040665
93	10.164844	0.0	0.000121296194	0.052558918	14.685695	14.685781	0.21489483	-12.422874	-32.263683	2.5619702	2.5651424	0.021101631	8.900968	23.018934	3.7001011	29.95221	11.795395	1.5633236	0.41724908	2.8813608	0.892489	22.414967	97998	372000.0	20966.544097423553
94	10.262142	0.005882353	0.000110159715	0.053348575	14.579924	14.578656	0.2117369	-12.080649	-31.702	2.31368	2.3195267	0.019850042	9.346017	22.306997	4.608817	31.649529	-4.230226	1.4789692	0.57707983	6.5018053	0.0	27.805882	98999	376000.0	21216.599148750305
95	10.359394	0.011235955	0.00010004249	0.05413062	14.547405	14.545306	0.21324897	-11.859961	-31.580881	2.1450987	2.148984	0.020130761	9.813014	23.238111	4.4239655	31.40774	1.2312002	1.607749	0.46627298	3.6804652	0.90877444	22.348314	99998	380000.0	21449.127294301987
96	10.456203	0.005524862	9.0787886e-05	0.053675186	14.615198	14.614824	0.20877048	-11.964801	-31.671837	2.15137	2.1560874	0.01945562	10.0	22.776184	3.9897778	32.356636	-0.7046013	1.5256176	0.53331983	4.081142	0.63859975	22.127071	100998	384000.0	21675.095334529877
97	10.553037	0.0	8.2492756e-05	0.05439469	14.676918	14.677409	0.2074556	-12.084833	-32.483902	2.1707687	2.1739485	0.019157486	10.0	22.598236	4.0177774	32.74254	10.518708	1.486698	0.38824558	2.788874	0.91286653	22.1	101998	388000.0	21897.597178936005
98	10.649682	0.0	7.475631e-05	0.053159382	14.71076	14.712292	0.20629302	-12.057099	-32.096115	2.088116	2.0932631	0.01916351	10.0	23.06212	3.663146	31.787954	11.579906	1.5326519	0.454801	3.2403724	0.89639205	22.316668	102998	392000.0	22115.916315317154
99	10.745944	0.0	6.766145e-05	0.054000597	14.901112	14.900347	0.20285425	-12.452559	-34.36044	2.3378334	2.3425422	0.018973859	10.0	22.736042	3.904929	31.504766	12.377466	1.5365461	0.45392942	3.4166381	0.9073096	22.23889	103998	396000.0	22344.91202878952
100	10.843171	0.0	6.138155e-05	0.053867873	14.911114	14.910906	0.20354919	-12.340315	-33.743507	2.2844527	2.2940395	0.019027157	10.0	22.638966	3.5727172	29.999886	11.65948	1.5337188	0.49635974	4.6283717	0.8997145	22.277779	104999	400000.0	22566.783383131027
101	10.939113	0.010989011	5.553422e-05	0.053712845	15.120689	15.119791	0.199885	-12.723084	-35.064713	2.3972692	2.3994436	0.018927813	10.0	22.63396	4.356527	30.13327	-0.3529973	1.5931909	0.5758198	5.7276635	0.90368843	22.032967	105998	404000.0	22791.04584670067
102	11.036323	0.0	5.050662e-05	0.053036407	14.903322	14.90187	0.20064755	-12.165733	-32.92647	2.0170922	2.024961	0.018478636	10.0	22.682585	3.9118705	31.274317	11.990426	1.5267655	0.44305128	3.563185	0.90890074	22.348314	106998	408000.0	23020.874401569366
103	11.132467	0.0054644807	4.5741348e-05	0.05198618	15.211161	15.208792	0.19511913	-12.837831	-36.245647	2.3512957	2.3528733	0.0182552	10.0	22.51044	3.9581532	30.992922	1.4629588	1.5512812	0.55442446	4.8318686	0.899277	21.918034	107998	412000.0	23253.1133954525
104	11.228067	0.0	4.141556e-05	0.051412653	15.370377	15.369567	0.19369024	-13.125185	-35.8395	2.4727352	2.4745395	0.018724281	10.0	22.629713	3.7833793	32.387558	10.67409	1.5290643	0.41883755	2.9645255	0.89638436	22.22905	108998	416000.0	23482.053881168365
105	11.325663	0.010989011	3.7654376e-05	0.052513447	15.150885	15.152455	0.19727084	-12.50186	-33.8991	2.1506186	2.1539285	0.018376157	10.0	22.920944	3.9793403	31.696497	0.2430659	1.5747828	0.5258212	3.9874635	0.667482	22.104395	109998	420000.0	23704.510480880737
106	11.423644	0.0	3.4214707e-05	0.05377751	15.236961	15.236695	0.19589102	-12.640129	-35.265484	2.1929488	2.1963868	0.018244877	10.0	22.304321	3.7709503	28.927753	11.123618	1.5562373	0.52889144	3.691718	0.89638233	22.144444	110998	424000.0	23930.026896238327
107	11.52026	0.0	3.093872e-05	0.051612236	15.331646	15.3306265	0.19405401	-12.78723	-36.101433	2.3169162	2.3252263	0.017816415	10.0	23.056543	3.5084817	30.586075	12.551995	1.569309	0.47123805	4.1665344	0.90958935	22.379889	111998	428000.0	24154.940984725952
108	11.6175	0.0	2.8079428e-05	0.05280634	15.285844	15.286172	0.19447048	-12.599508	-36.45499	2.1112862	2.1169271	0.018048026	10.0	22.175789	3.899214	29.15648	1.5437899	1.6297688	0.47582614	3.4781442	0.66646796	22.021978	112998	432000.0	24381.395443201065
109	11.713127	0.0	2.5386058e-05	0.051248703	15.633539	15.632153	0.18760137	-13.424317	-38.637585	2.4798017	2.490006	0.018223697	10.0	23.278244	3.273297	31.511335	12.067843	1.5549453	0.4086154	3.358566	0.9090958	22.477528	113998	436000.0	24604.961324453354
110	11.810537	0.0	2.3088205e-05	0.050410133	15.356588	15.358851	0.19253962	-12.600988	-35.51362	2.0878851	2.091394	0.017678916	10.0	23.029194	3.5601535	30.094234	12.545027	1.4997106	0.4652322	4.012352	0.8953394	22.177143	114998	440000.0	24841.256481170654
111	11.905444	0.0	2.084196e-05	0.05287942	15.875494	15.874739	0.1814867	-13.907794	-42.071915	2.7410367	2.7406976	0.017755404	10.0	22.642254	4.6375422	31.501507	-10.181028	1.5174751	0.5122056	4.8632298	0.8990436	29.0	115998	444000.0	25127.19260764122
112	12.001455	0.011111111	1.889345e-05	0.051338375	15.608733	15.608838	0.18634894	-13.080301	-37.811016	2.3113787	2.3132658	0.017592406	10.0	22.55702	4.3828464	30.368534	2.6878715	1.578531	0.5208083	5.670808	0.8965468	22.23889	116998	448000.0	25359.153992176056
113	12.099628	0.0	1.720869e-05	0.05102946	15.613924	15.615461	0.18703021	-13.053687	-37.863365	2.2282481	2.236001	0.017486416	10.0	22.88292	3.5383766	31.19697	11.025529	1.5142038	0.4341287	3.2275617	0.6677406	22.41808	117998	452000.0	25584.276273489
114	12.196717	0.0	1.5631484e-05	0.050772402	15.658529	15.65801	0.18559343	-13.058791	-37.360626	2.1551466	2.158215	0.01700145	10.0	22.81404	3.8125265	31.41855	12.839196	1.5499384	0.48267496	4.207896	0.6384224	22.126373	118998	456000.0	25808.67298769951
115	12.292642	0.011049724	1.41397295e-05	0.05172089	15.942348	15.942163	0.18157771	-13.665611	-40.21721	2.5564754	2.5552604	0.017332617	10.0	22.111313	4.1258945	31.665306	-3.5862768	1.6271069	0.6595438	6.5829306	0.8963824	22.049725	120000	460000.0	26037.372766256332
116	12.3898115	0.005524862	1.2847729e-05	0.050710928	15.781426	15.780889	0.18379559	-13.203712	-38.023663	2.2789884	2.287824	0.01730751	10.0	22.394495	4.1012263	30.51694	0.7330164	1.5573951	0.55864406	5.838717	0.68003124	22.149172	120998	464000.0	26262.011763334274
117	12.486329	0.0	1.1640437e-05	0.05254885	15.958061	15.960088	0.180961	-13.583032	-41.220543	2.470875	2.4716132	0.017146284	10.0	22.4881	3.444186	30.32616	13.145114	1.6210126	0.5197487	4.8318048	0.91913384	22.216667	121999	468000.0	26486.089376926422
118	12.582537	0.0	1.0543806e-05	0.051948342	15.939836	15.937759	0.18022881	-13.519731	-40.712734	2.412666	2.4138453	0.017130293	10.0	22.717024	3.419473	31.348871	11.526734	1.5899833	0.4556676	3.1597347	0.89492494	22.268156	122998	472000.0	26716.31784105301
119	12.679924	0.0	9.576339e-06	0.049949214	15.756896	15.755652	0.18451953	-12.882561	-37.84475	2.016471	2.0186775	0.016858356	10.0	22.390575	3.6361983	30.77648	10.926282	1.5450978	0.4590858	3.0818696	0.6675443	22.233334	123998	476000.0	26953.413967847824
120	12.777806	0.005524862	8.714005e-06	0.049853485	15.93605	15.932302	0.17943436	-13.388994	-40.493393	2.2617722	2.2651494	0.016780445	10.0	22.373678	3.9964995	31.781923	2.350314	1.5435786	0.49705574	4.391963	0.6732098	22.093924	124998	480000.0	27188.870002269745
121	12.873641	0.0	7.881912e-06	0.05073493	15.937508	15.935643	0.18066147	-13.280365	-40.553524	2.1841753	2.1858804	0.016726844	10.0	23.107674	3.933453	31.277119	2.108449	1.5769975	0.4838177	4.323746	0.9100988	22.021978	125998	484000.0	27422.02610516548
122	12.970857	0.005586592	7.148695e-06	0.0505083	16.05164	16.051502	0.17836222	-13.49658	-42.37236	2.3504004	2.3500729	0.016549941	10.0	22.695154	3.994727	31.214468	2.32716	1.6224777	0.5494508	5.398502	0.90889055	22.307262	126998	488000.0	27650.2858979702
123	13.066137	0.0	6.459664e-06	0.05224685	16.265718	16.265532	0.17338821	-14.048051	-44.83914	2.5372653	2.5327454	0.016594427	10.0	22.682907	3.3879073	31.802372	12.242919	1.5492922	0.42730454	2.886569	0.6676055	22.27933	127998	492000.0	27875.349721431732
124	13.163412	0.016304348	5.8732767e-06	0.05001955	15.968794	15.968169	0.17898154	-13.191789	-40.3561	2.0440912	2.0517466	0.01615137	10.0	22.619665	4.645137	30.969994	-1.2990936	1.5492538	0.53418064	4.0716786	0.67327344	21.85326	128998	496000.0	28099.036307811737
125	13.259467	0.005586592	5.32425e-06	0.051807236	16.389984	16.393812	0.1699743	-14.3054085	-45.5611	2.4903736	2.4892066	0.016447755	10.0	22.666002	4.2946043	31.356176	0.7839542	1.6157701	0.55026096	3.8898335	0.89638036	22.251396	129998	500000.0	28315.076681375504
