Epoch	AveragePenalty	StdPenalty	AverageCrash_counter	StdCrash_counter	Crash_ratio	AverageEpRet	StdEpRet	MaxEpRet	MinEpRet	AverageEpCost	StdEpCost	MaxEpCost	MinEpCost	EpLen	AverageVVals	StdVVals	MaxVVals	MinVVals	TotalEnvInteracts	LossPi	LossV	LossVC	DeltaLossPi	Entropy	KL	ClipFrac	Time
0	1.3500584	0.0	178.0	0.0	0.72064775	-6.5936437	8.382206	15.913011	-20.37135	4.496136	1.2097181	8.404424	1.1894279	16.17409	0.15508798	0.017632019	0.21264985	0.11579294	4000	-6.715267e-08	39.889717	1.2399116	-0.024582725	1.6086754	0.0046720374	0.0	524.7596836090088
1	1.3873364	0.0	50.0	0.0	0.6944444	-4.8976374	9.689863	18.43535	-19.38278	4.501148	1.2387147	9.227808	1.9100027	16.833334	4.844731	4.8352494	15.67449	-10.361372	8000	3.658882e-08	69.74368	0.39381573	-0.011636322	1.6041077	0.0045897164	0.0	1085.1427912712097
2	1.425021	0.0	71.0	0.0	0.56349206	-4.199375	8.884951	18.070229	-22.738188	4.3226686	1.5897994	10.10643	0.9236834	17.833334	-13.406425	11.540445	8.728439	-25.169052	12000	1.3744821e-08	90.252464	1.0248804	-0.019712614	1.5895486	0.0054884735	0.0	1635.5211572647095
3	1.4630336	0.0	159.0	0.0	0.6334661	-4.0743437	9.33097	24.365856	-18.422136	4.1059475	1.3671817	8.46798	0.6564168	15.900398	-2.909333	6.1582847	12.6249485	-23.611696	16000	-2.346147e-08	76.465996	1.4375105	-0.019798601	1.5513731	0.0051390226	0.0	2144.0497629642487
4	1.5013671	0.0	154.0	0.0	0.6184739	-3.4612622	9.735521	23.767044	-17.942247	4.009515	1.3371222	7.8940887	0.93660086	16.028112	-1.644169	4.715169	7.634661	-12.368785	20000	-2.4807592e-08	65.49259	1.4427127	-0.0253871	1.5172287	0.005198964	0.0	2664.890520334244
5	1.5398597	0.0	53.0	0.0	0.56989247	-2.513127	9.193123	20.51408	-17.45542	3.6869664	1.2447996	7.309162	0.91238236	16.107527	-3.352313	3.0976582	8.759181	-7.29579	24000	-3.488514e-08	65.76096	0.49071422	-0.013863723	1.5183791	0.006339542	0.0	3231.492898464203
6	1.5785773	0.0	131.0	0.0	0.5435685	-1.3575196	11.198018	21.635561	-19.376968	3.6780958	1.3222109	7.1687326	0.66773874	16.547718	-1.8972238	7.1305523	9.101932	-22.370193	28000	-1.5916067e-08	86.36539	1.3353496	-0.018231668	1.4066023	0.004770323	0.0	3751.559241771698
7	1.6174695	0.0	122.0	0.0	0.51914895	-0.91198295	10.591789	23.230871	-19.670448	3.5427268	1.2842611	7.772379	0.8540113	16.931915	0.84153414	4.297979	7.643504	-7.736133	32000	2.8191902e-09	73.73178	1.2063595	-0.021414522	1.3730769	0.00496171	0.0	4272.035269021988
8	1.6564102	0.0	109.0	0.0	0.47391304	-0.15386674	10.535925	23.73036	-18.399794	3.310136	1.3018253	5.966259	0.59677035	17.386957	1.0092065	2.3448713	4.033119	-3.9746547	36000	-2.5606766e-08	64.20691	1.1493639	-0.014594371	1.3262392	0.0047664894	0.0	4795.942006349564
9	1.6954318	0.0	83.0	0.0	0.39150944	1.7119234	10.457533	24.534365	-23.18839	3.2712944	1.3958632	8.397352	0.91742694	18.84434	2.3533666	2.6541195	5.3017464	-4.830915	40000	3.285215e-08	57.57562	1.2788705	-0.027625728	1.298376	0.0066636475	0.0	5340.697637319565
10	1.7345376	0.0	90.0	0.0	0.4225352	1.9385548	11.262496	24.65965	-17.314558	3.2137485	1.2871338	6.8623147	0.9235462	18.769953	3.7520669	2.2738585	6.769706	-4.874054	44000	-1.9217296e-08	53.53854	1.0775691	-0.017418256	1.2258538	0.0054536015	0.0	5869.879029989243
11	1.7735171	0.0	69.0	0.0	0.33495146	3.5431426	10.027053	26.900766	-15.643504	2.9157524	1.2346157	6.511797	0.90084016	19.407766	5.004039	3.5176623	9.014533	-8.005504	48000	1.100711e-08	43.090046	0.92450523	-0.019296603	1.1698432	0.006549565	0.0	6414.796089172363
12	1.8125851	0.0	73.0	0.0	0.36868685	3.0414114	10.363999	24.19075	-16.298683	3.0811894	1.197291	5.6900125	0.89009434	20.116161	6.277026	2.9782004	10.065589	-7.582726	52000	1.0500552e-09	44.94078	0.87319744	-0.012666847	1.116152	0.005244863	0.0	6977.157633304596
13	1.8517337	0.0	75.0	0.0	0.37688443	3.3277502	10.193361	24.189356	-16.758821	3.033189	1.2110772	5.804012	0.5608229	20.075377	5.641318	3.5448382	10.060837	-9.730338	56000	-9.911285e-09	43.831627	0.86850476	-0.013807145	1.0730135	0.00523727	0.0	7526.538448095322
14	1.8909456	0.0	81.0	0.0	0.40298507	3.2790048	10.913876	26.238735	-17.74222	2.978349	1.140435	6.067791	0.9114924	19.840796	5.8357363	3.442862	10.419887	-6.132142	60000	6.866551e-09	48.294876	0.798157	-0.016988466	1.0179754	0.007200884	0.0	8086.374912023544
15	1.9301045	0.0	68.0	0.0	0.34343433	4.841801	11.590466	25.626623	-16.894648	2.8197958	1.1653582	5.7446046	0.5453021	20.075758	6.341038	3.7368305	11.402194	-4.4663596	64000	-1.6711082e-08	49.038498	0.7563058	-0.012493296	0.9407604	0.004250334	0.0	8651.56940484047
16	1.9692849	0.0	73.0	0.0	0.36138615	4.3795996	11.049902	25.584244	-16.1487	2.852087	1.2307835	5.8513494	0.9084881	19.79208	7.3264036	3.6661835	12.2638855	-3.3753178	68000	-1.529003e-08	44.799698	0.84200853	-0.010492186	0.90796465	0.005053366	0.0	9196.777075767517
17	2.0085783	0.0	91.0	0.0	0.42723006	3.24401	12.242728	27.995266	-17.272678	2.913788	1.2922951	5.7833834	0.8964978	18.704226	6.459972	3.8865268	12.122269	-3.985218	72000	-1.4126007e-08	47.289406	0.8985121	-0.01700739	0.8404679	0.004498084	0.0	9727.974385261536
18	2.0478501	0.0	68.0	0.0	0.34517765	4.7335997	11.216893	27.28109	-16.828436	2.757643	1.2112093	5.632133	0.6837684	20.248732	6.671262	4.1153617	12.458541	-5.921409	76000	-7.944282e-09	44.783516	0.79394615	-0.017412715	0.8619565	0.0066738953	0.0	10279.359824895859
19	2.0871115	0.0	66.0	0.0	0.3316583	5.927807	11.515551	26.667292	-15.275944	2.735314	1.2009606	5.6132836	0.6675678	20.025126	6.95706	4.111208	13.27455	-4.7037134	80000	5.3278595e-09	44.03854	0.6826672	-0.0085216295	0.78777415	0.004596883	0.0	10831.96744132042
20	2.126349	0.0	59.0	0.0	0.30890054	6.7175446	10.724562	29.634203	-15.914418	2.6930263	1.1291112	5.155688	0.9093528	20.879581	8.052073	3.75542	14.464655	-4.1797915	84000	-9.955905e-09	40.560123	0.66676503	-0.018383153	0.74415004	0.006426136	0.0	11391.70654964447
21	2.1656556	0.0	56.0	0.0	0.30107528	6.589036	10.469055	25.014517	-16.19483	2.752164	1.1538709	6.232727	0.6669518	21.403225	8.384703	3.2140532	13.700819	-3.9886298	88000	-3.396861e-08	39.606323	0.6292746	-0.010643464	0.70532966	0.002315341	0.0	11978.161195516586
22	2.2048154	0.0	46.0	0.0	0.24731183	8.469913	10.30496	27.4134	-14.691097	2.5341065	1.1058847	5.4202523	0.6662422	21.392473	8.312735	3.3745236	14.358909	-2.9397552	92000	2.6945585e-08	36.19925	0.5459133	-0.010235087	0.7074215	0.006186489	0.0	12559.739432096481
23	2.243994	0.0	65.0	0.0	0.32994923	6.0272875	10.750934	28.295193	-15.041689	2.6463847	1.122768	5.3849015	0.6666791	20.19797	8.759304	3.1660857	14.278797	-2.5356817	96000	3.617662e-08	36.1976	0.5529287	-0.01322824	0.6483811	0.0041631726	0.0	13109.595243692398
24	2.283148	0.0	65.0	0.0	0.33163264	6.5219803	11.322691	27.0909	-15.359518	2.5867195	1.0949241	5.4923043	0.6675471	20.387754	8.049029	3.819604	14.195769	-2.7942963	100000	-1.80625e-08	39.990078	0.59501207	-0.010800725	0.7074468	0.0038827665	0.0	13671.375376701355
25	2.322442	0.0	74.0	0.0	0.36097562	6.4282618	11.017863	27.128258	-15.174361	2.7086425	1.1128188	5.633662	0.91016376	19.37561	8.047471	3.9414914	14.624262	-2.492736	104000	2.7685667e-08	40.53449	0.5397913	-0.014395634	0.6520482	0.0032657085	0.0	14227.27254652977
26	2.3618293	0.0	64.0	0.0	0.3298969	7.54805	10.613783	28.27332	-14.906934	2.6595008	1.1880051	6.0867357	0.9115983	20.572165	8.056513	3.873114	14.6989765	-2.7025664	108000	-1.619635e-08	40.36565	0.578375	-0.013692382	0.6411141	0.0027173143	0.0	14797.635169506073
27	2.401178	0.0	60.0	0.0	0.31088084	7.488448	11.035194	28.926628	-14.438431	2.534904	1.1434195	6.098905	0.66717154	20.658031	8.739539	3.3614645	13.8492	-2.4959671	112000	3.5587284e-08	36.437717	0.44989523	-0.01707065	0.5837993	0.0037019672	0.0	15357.124089241028
28	2.4406552	0.0	70.0	0.0	0.35714287	7.9534235	10.79425	27.140142	-14.121561	2.6542664	1.0978007	5.0436893	0.9085745	20.311224	8.551038	3.6989145	15.023181	-2.955331	116000	-3.0547668e-08	40.93674	0.49282727	-0.010575046	0.6309836	0.0026868517	0.0	15907.049242019653
29	2.480267	0.0	63.0	0.0	0.32307693	8.389088	10.6668215	27.00072	-16.505133	2.6524596	1.1702832	5.8313293	0.6676734	20.502563	8.509603	3.6237779	15.015515	-2.9098895	120000	1.3400079e-08	40.946842	0.4861435	-0.018452274	0.60006136	0.006158573	0.0	16477.231620550156
30	2.5197587	0.0	49.0	0.0	0.25520834	10.618993	10.48883	31.491941	-14.957693	2.4368358	1.146637	5.7675047	0.90872043	20.697916	9.480016	3.77025	16.398766	-3.22737	124000	1.5091032e-08	37.206642	0.45409852	-0.01804902	0.5832969	0.0056020804	0.0	17020.871876478195
31	2.5592487	0.0	71.0	0.0	0.34634146	9.732306	10.886207	26.875223	-13.178785	2.5061104	1.1869962	6.298304	0.5608426	19.404879	9.941178	3.197009	16.491854	-2.1764839	128000	-1.9457644e-09	37.892258	0.45637095	-0.018936282	0.5505047	0.0063623213	0.0	17563.151708841324
32	2.5986633	0.0	44.0	0.0	0.23783784	11.163664	9.961213	27.239227	-14.260536	2.4317663	1.04393	5.0721297	0.89397347	21.605406	10.043084	3.6621754	17.2098	-2.1237683	132000	-2.1648883e-10	35.49135	0.3594927	-0.014984379	0.5236565	0.0073785745	0.0	18116.500995874405
33	2.637995	0.0	57.0	0.0	0.285	11.039901	10.920026	28.159155	-13.941663	2.4046829	1.1076883	5.4958153	0.54349834	19.97	10.417518	3.078654	17.630844	-2.0646303	136000	-1.1115086e-08	35.258606	0.38765177	-0.021467779	0.5057438	0.006083849	0.0	18655.556699037552
34	2.6775486	0.0	60.0	0.0	0.30769232	10.3970995	10.520015	28.136436	-13.660978	2.6214993	1.0570087	5.6272717	0.6675188	20.451283	10.129561	3.6604702	17.838964	-2.1702397	140000	7.3179893e-09	35.5476	0.39911622	-0.021312963	0.5000813	0.005529716	0.0	19199.572994947433
35	2.7170703	0.0	52.0	0.0	0.27807486	11.622225	10.637727	27.468252	-12.178623	2.4275699	1.0323489	5.695504	0.6675817	21.352942	10.426209	3.6969578	17.344421	-4.856597	144000	2.4859187e-08	34.978714	0.3282975	-0.01426486	0.51809716	0.0046478794	0.0	19746.13637638092
36	2.7567308	0.0	60.0	0.0	0.30612245	11.461177	10.375549	28.034336	-11.789799	2.5417747	1.0743655	5.3958473	0.66629076	20.382652	10.219776	4.0034485	17.988958	-5.6256857	148000	9.781581e-09	32.542313	0.3444074	-0.021849873	0.49073598	0.004955702	0.0	20294.91908812523
37	2.7964044	0.0	46.0	0.0	0.24731183	11.655772	10.655456	28.013191	-12.548757	2.443639	1.0559378	5.9064527	0.88928956	21.408602	10.359449	4.015993	18.69004	-6.991262	152000	-3.540221e-09	33.043205	0.27796897	-0.012746823	0.4827068	0.0071186866	0.0	20845.723442316055
38	2.83607	0.0	53.0	0.0	0.27319586	12.342373	10.594564	27.03279	-11.441496	2.4162147	1.0786194	5.3323345	0.6668687	20.525774	10.755574	3.6618025	18.616594	-2.6898904	156000	-1.2272783e-09	34.456123	0.30586255	-0.013122886	0.4455706	0.0051525026	0.0	21389.47771716118
39	2.8755906	0.0	37.0	0.0	0.2044199	13.581756	9.760002	28.49279	-11.174685	2.302272	0.9365971	5.0689797	0.66693896	21.983425	11.170775	3.6988134	18.185013	-6.1698356	160000	-2.2190575e-08	25.41027	0.23735951	-0.015008228	0.42941797	0.0042832596	0.0	21921.70899796486
40	2.9151247	0.0	40.0	0.0	0.21505377	13.93949	9.720171	28.750967	-10.160095	2.3954291	1.0331205	6.7323866	0.7744507	21.462366	11.134347	4.096872	19.143972	-5.54696	164000	2.990259e-08	24.939026	0.23545256	-0.012995934	0.40691048	0.0043434137	0.0	22451.578462839127
41	2.9546034	0.0	41.0	0.0	0.22651933	13.516213	9.976767	29.221195	-10.750402	2.33472	1.0021929	5.6589584	0.6675713	22.0	11.592124	3.8634672	18.226574	-3.6422362	168000	6.3343273e-09	28.013357	0.23814279	-0.013151688	0.3808714	0.00538684	0.0	22985.20591545105
42	2.9940946	0.0	50.0	0.0	0.2631579	12.770046	10.148001	27.346596	-11.632386	2.3673806	1.0051522	4.7816143	0.66700596	20.984211	11.11176	4.045365	18.250887	-5.9970627	172000	8.1334584e-10	29.521503	0.25868157	-0.010181268	0.34629172	0.002713433	0.0	23516.336999177933
43	3.0333135	0.0	41.0	0.0	0.21925133	14.701763	9.665208	27.745651	-10.1179495	2.1586754	0.97746783	5.355315	0.66770977	21.272728	11.383693	3.8001778	19.45589	-3.686955	176000	-1.4225548e-08	21.15076	0.2124786	-0.009349025	0.3128559	0.0064521027	0.0	24055.613174438477
44	3.0722294	0.0	28.0	0.0	0.1618497	14.542547	9.336177	28.297802	-9.485106	2.1085134	0.8089461	4.7472444	0.67200446	23.034681	12.193846	4.069476	19.617111	-3.9794607	180000	-5.7836544e-09	23.641817	0.17624159	-0.019441992	0.2917473	0.0070360326	0.0	24594.273876428604
45	3.1111376	0.0	44.0	0.0	0.23157895	13.757983	9.656457	29.080357	-10.714386	2.2794616	0.9774498	5.4198475	0.9117192	21.021053	11.404025	3.7450984	20.035366	-3.3565643	184000	1.3669408e-08	20.867826	0.22060458	-0.010506522	0.28413346	0.005205909	0.0	25126.686970710754
46	3.1499941	0.0	46.0	0.0	0.2408377	14.605397	9.60175	29.290977	-9.205597	2.238761	0.9927219	4.7231746	0.66764677	20.82199	12.022662	4.1351533	20.843445	-4.229903	188000	-1.2421589e-08	22.26493	0.23060267	-0.009044372	0.28120676	0.0056315805	0.0	25661.124712228775
47	3.188907	0.0	37.0	0.0	0.2044199	14.447848	9.776039	29.581476	-8.55601	2.2977533	0.93700325	4.7392597	0.7296054	22.082872	12.132201	4.296661	20.501595	-6.202048	192000	-1.169449e-08	23.077497	0.20369044	-0.011281644	0.28811893	0.0035558457	0.0	26204.92610526085
48	3.2278812	0.0	36.0	0.0	0.19889502	15.020537	9.855236	29.964872	-13.224354	2.2950366	0.98881984	5.6009393	0.66690737	22.060774	11.966568	4.2596803	19.510942	-5.858775	196000	7.712487e-09	21.231192	0.2197899	-0.012027729	0.29926226	0.0035543547	0.0	26746.840230464935
49	3.2666595	0.0	26.0	0.0	0.1452514	15.566649	9.367389	28.547594	-8.382816	2.11925	0.84378594	4.2760615	0.6675854	22.324022	12.167015	4.2553296	19.551186	-7.640283	200000	5.563012e-10	16.70327	0.1651874	-0.024075832	0.27189067	0.0072285985	0.0	27274.62192082405
50	3.3055103	0.0	25.0	0.0	0.14367816	15.61613	8.6561985	28.29202	-9.585135	2.2731042	0.9636818	4.680584	0.6675552	22.948277	12.747976	4.247068	20.511288	-6.101401	204000	9.609387e-09	17.281443	0.16897967	-0.015305598	0.2786561	0.0031794084	0.0	27810.99107813835
51	3.344291	0.0	24.0	0.0	0.14117648	13.807674	9.5304365	29.773169	-12.094044	2.1759238	0.89746624	4.379445	0.9106815	23.529411	11.9855795	3.5863423	20.786215	-3.9910629	208000	-1.9073487e-09	23.031792	0.2137032	-0.012663716	0.24137668	0.004859857	0.0	28334.94578933716
52	3.3830776	0.0	28.0	0.0	0.1590909	15.186609	9.843005	29.408749	-14.479683	2.2112331	0.82488465	4.356058	0.56092966	22.602272	12.19227	3.4761066	19.714481	-4.8631845	212000	-3.2915979e-09	19.237644	0.1542541	-0.014171812	0.23758852	0.0037409987	0.0	28860.454243421555
53	3.4217143	0.0	26.0	0.0	0.14942528	15.513002	9.426298	29.137432	-10.849518	2.1034794	0.79120356	4.119057	0.66637987	22.856321	12.58313	4.292463	21.02319	-4.3937764	216000	1.0002136e-08	19.158617	0.14740923	-0.009971873	0.23213485	0.0027535586	0.0	29393.908399105072
54	3.4601328	0.0	16.0	0.0	0.09411765	16.659798	8.549595	30.835644	-10.988231	2.042478	0.7641071	4.4456463	0.9087523	23.529411	12.861126	3.9590394	20.074697	-5.2340145	220000	1.6104142e-09	14.06265	0.10593454	-0.013487942	0.21065536	0.0075299134	0.0	29929.363721370697
55	3.4984295	0.0	20.0	0.0	0.11904762	14.058345	9.35449	28.489012	-11.987189	2.0813594	0.9094695	4.6405063	0.6675315	23.755953	12.4697075	4.146341	20.458641	-5.577883	224000	-8.9612895e-10	20.267914	0.18475848	-0.010998515	0.19716354	0.0021494788	0.0	30465.66752266884
56	3.53642	0.0	10.0	0.0	0.06097561	16.134897	8.504631	28.604427	-9.53086	1.9516386	0.70955974	4.3961096	0.6674805	24.304878	12.3528805	3.506676	20.340382	-4.0937495	228000	-4.2362718e-09	19.762032	0.12032599	-0.014536653	0.18081406	0.007604125	0.0	31002.887050151825
57	3.5742106	0.0	14.0	0.0	0.08139535	16.66605	8.729035	29.078644	-11.913448	1.9903096	0.7848001	5.5821	0.66770023	23.13372	13.066641	3.3759997	20.780407	-2.6704583	232000	1.8458664e-08	14.386615	0.146544	-0.016769566	0.17613684	0.006730061	0.0	31536.851974248886
58	3.611742	0.0	9.0	0.0	0.054545455	16.189577	8.448796	28.861395	-13.624921	1.9348211	0.7606439	4.6060333	0.66760635	24.121212	12.884557	3.7150204	22.336874	-6.0876813	236000	3.9917616e-09	15.891991	0.11266436	-0.008054165	0.16531578	0.00510731	0.0	32079.4519033432
59	3.6490314	0.0	15.0	0.0	0.08982036	14.908477	8.912956	31.812872	-9.198383	1.922332	0.71514547	4.0629063	0.66653687	23.916168	12.66099	3.4822998	20.461868	-4.2630553	240000	1.7450082e-08	17.274086	0.1265203	-0.010901604	0.17156066	0.0053592366	0.0	32617.97480583191
60	3.6862385	0.0	11.0	0.0	0.06748466	16.528574	8.407818	32.475285	-8.9193125	1.9960554	0.77854604	4.431925	0.9313888	24.521473	12.546961	3.5746224	22.485062	-4.227163	244000	-1.3471798e-08	11.338123	0.11979063	-0.013780871	0.15365294	0.006834876	0.0	33142.84678173065
61	3.7232337	0.0	14.0	0.0	0.083333336	16.028349	8.638521	28.312658	-9.936141	1.9067369	0.72695696	4.0418	0.6669211	23.714285	13.097803	3.9674253	21.838577	-4.211146	248000	2.055939e-08	16.519665	0.124166116	-0.0153499255	0.16025156	0.007927906	0.0	33680.36932396889
62	3.760263	0.0	13.0	0.0	0.07647059	16.211374	8.623263	29.162867	-8.041169	2.0324893	0.76929677	4.380774	0.66760236	23.52353	12.984363	3.6561227	21.748503	-3.3714366	252000	5.4648357e-09	15.060108	0.12328053	-0.014567068	0.15075032	0.006434415	0.0	34206.7918009758
63	3.7973394	0.0	14.0	0.0	0.08235294	16.618423	8.7614155	30.261017	-6.220479	2.0349233	0.7605888	4.258677	0.9129421	23.494118	12.86909	3.9353418	22.841112	-4.53214	256000	1.23901405e-08	13.096154	0.11486655	-0.015463328	0.15305538	0.009157676	0.0	34738.57505130768
64	3.8343928	0.0	21.0	0.0	0.12352941	14.930753	9.970187	27.804438	-15.174868	1.9890697	0.84293634	4.329058	0.90836215	23.388235	12.932681	4.4489603	22.41575	-5.0395155	260000	1.718891e-08	21.342543	0.16825756	-0.016967822	0.15014194	0.007173978	0.0	35281.504986047745
65	3.8713534	0.0	12.0	0.0	0.07058824	15.858833	8.90999	29.51443	-10.92173	1.9402484	0.7826436	5.477706	0.69779855	23.370588	12.255705	4.0675097	21.918755	-6.1419506	264000	1.3322193e-08	15.949666	0.15163183	-0.013020311	0.1406442	0.0059376266	0.0	35811.976858615875
66	3.9083085	0.0	14.0	0.0	0.083333336	15.179041	8.364637	28.752764	-13.202997	1.9784063	0.7902271	4.4220533	0.6667368	23.779762	12.578316	3.7673213	21.954533	-4.552626	268000	1.510815e-08	12.137379	0.109519936	-0.008338871	0.15647788	0.0036972356	0.0	36342.67252039909
67	3.945254	0.0	11.0	0.0	0.065868266	16.215128	9.367841	32.03667	-14.7885	1.9690288	0.85628855	5.0523686	0.89648247	23.84431	12.78386	3.817312	22.797062	-5.2381253	272000	-7.022033e-10	15.663769	0.14383098	-0.011713659	0.12977162	0.00482672	0.0	36863.74017429352
68	3.9822474	0.0	12.0	0.0	0.07100592	16.112011	8.454101	27.001621	-8.2242155	1.9946917	0.8078012	4.8664355	0.90999216	23.538462	12.913356	4.119146	22.245361	-5.3991995	276000	3.1018395e-08	13.062815	0.12798586	-0.015569391	0.121790804	0.0056942585	0.0	37398.91635847092
69	4.0193496	0.0	17.0	0.0	0.10119048	15.344895	8.820628	30.179626	-13.825282	2.0254526	0.82541776	4.3752966	0.9092214	23.678572	12.878301	3.811867	21.661924	-5.2873836	280000	9.56154e-09	14.919135	0.16661133	-0.007684421	0.1269454	0.005165264	0.0	37944.94081234932
70	4.0564	0.0	11.0	0.0	0.064705886	16.493294	8.308376	28.44694	-9.863846	1.9339824	0.7268799	4.7212	0.6675387	23.388235	12.958338	3.6346068	20.753227	-4.6710815	284000	1.2377596e-08	12.522981	0.10609527	-0.008078772	0.1272795	0.0042292736	0.0	38488.896099328995
71	4.093536	0.0	8.0	0.0	0.048484847	16.809963	8.385133	28.566353	-9.99025	2.0022635	0.8249538	5.752231	0.6676022	24.230303	12.995339	3.5537229	20.53351	-3.4896264	288000	-1.38797684e-08	12.174742	0.10541223	-0.0069552204	0.10966936	0.0026441528	0.0	39026.85528707504
72	4.130769	0.0	15.0	0.0	0.0872093	16.526531	9.047988	28.92233	-10.394457	2.007132	0.800157	4.422279	0.66753155	23.238373	13.204586	4.0682645	22.60977	-5.2648873	292000	-1.0630718e-08	12.323819	0.1065786	-0.005044298	0.09681071	0.0065439735	0.0	39554.21074795723
73	4.1678586	0.0	13.0	0.0	0.078313254	15.294498	8.711326	29.230452	-12.33099	1.872638	0.7145463	4.1605268	0.6662968	23.975904	12.964173	3.784606	22.027308	-6.697878	296000	-2.5293346e-08	16.373003	0.13020514	-0.015466939	0.097482376	0.00758914	0.0	40096.715084314346
74	4.204922	0.0	6.0	0.0	0.035928145	18.731285	7.522866	30.557362	-11.368791	1.923368	0.67504567	4.184518	0.90879583	23.874252	13.410615	3.531402	22.826118	-2.1212814	300000	-1.0539274e-08	7.4124937	0.08608457	-0.015245804	0.095383555	0.009216101	0.0	40616.35531425476
75	4.2417827	0.0	4.0	0.0	0.024691358	16.780376	7.4568477	28.503084	-14.230478	1.8185515	0.5521635	3.7207985	0.89652926	24.635803	13.963224	3.8511982	23.64256	-7.365179	304000	8.661701e-09	10.764514	0.07402777	-0.006293782	0.08629857	0.0047044167	0.0	41150.211488485336
76	4.2786355	0.0	8.0	0.0	0.04819277	17.40663	8.119192	28.91485	-12.797162	1.9092942	0.6733969	4.785328	0.91151685	24.096386	13.326535	3.3984673	23.203764	-2.288405	308000	6.410765e-10	12.754468	0.088383704	-0.0063565657	0.08643266	0.007196767	0.0	41677.83596110344
77	4.315493	0.0	14.0	0.0	0.081871346	17.11351	8.397253	30.943523	-6.097289	1.9097754	0.7305818	4.3735375	0.5609625	23.350878	13.65301	3.9110844	22.250359	-9.063948	312000	1.1431331e-08	12.216072	0.09763503	-0.00712653	0.0889331	0.0013375805	0.0	42202.43153166771
78	4.352701	0.0	15.0	0.0	0.088757396	17.42692	8.454967	28.599447	-9.954402	2.0932245	0.80236936	5.0923114	0.6676405	23.621302	13.227036	4.271166	22.662292	-7.780344	316000	-5.5815708e-09	9.853601	0.11766584	-0.02332823	0.08286328	0.009330138	0.0	42727.35646939278
79	4.390048	0.0	16.0	0.0	0.09467456	16.055761	9.199027	29.069513	-13.553277	1.9915262	0.8105526	4.6057076	0.9091534	23.650888	13.523224	4.261405	22.736986	-6.1661663	320000	1.0711614e-09	15.2947645	0.12608986	-0.013416027	0.09588397	0.007594146	0.0	43262.71194148064
80	4.4271755	0.0	6.0	0.0	0.036363635	17.037079	7.7050376	29.111588	-8.223234	1.7997719	0.7126067	4.695507	0.66706496	24.10909	12.788621	3.946883	22.550457	-6.3723884	324000	-1.0337648e-08	9.554165	0.08109696	-0.009025689	0.079633705	0.0029631313	0.0	43804.96749615669
81	4.4645686	0.0	16.0	0.0	0.09580839	15.825302	8.979713	29.283491	-9.201119	2.0439918	0.8345417	5.0196614	0.9094102	23.898203	13.142329	4.085693	23.01729	-7.125339	328000	-9.586024e-09	15.385826	0.13657692	-0.009010708	0.078593664	0.0021451656	0.0	44344.13240814209
82	4.5019875	0.0	9.0	0.0	0.055214725	16.49036	8.387821	29.06756	-9.384174	1.9243623	0.6851226	4.315864	0.6675212	24.453987	12.872346	3.7698193	22.87924	-5.335931	332000	2.063221e-08	9.770293	0.06610285	-0.0041359738	0.084711954	0.0018165685	0.0	44880.93780493736
83	4.5394454	0.0	10.0	0.0	0.060606062	16.013725	8.418888	29.062223	-13.479679	1.9272512	0.7853728	4.6041045	0.66757697	24.163637	13.228689	3.7840152	22.429941	-4.750084	336000	-1.511683e-08	13.837757	0.112000234	-0.009296787	0.07789886	0.006688945	0.0	45422.90843653679
84	4.5769553	0.0	11.0	0.0	0.06666667	16.203875	9.098946	28.324085	-12.102093	1.9315759	0.7068338	4.3144217	0.88066906	24.10909	13.010089	3.8385868	22.54292	-7.225341	340000	-6.6757204e-09	13.662391	0.09583221	-0.021063205	0.084531136	0.0073904125	0.0	45960.38102579117
85	4.6145	0.0	7.0	0.0	0.042168673	16.613232	8.168092	28.257355	-8.382399	1.9198018	0.7338587	4.280346	0.6666035	24.024096	12.922527	4.166332	22.294146	-5.4006453	344000	1.644814e-08	10.818525	0.10939359	-0.009638252	0.07687342	0.007580508	0.0	46499.7698264122
86	4.6520023	0.0	10.0	0.0	0.05952381	16.739273	8.634348	29.882238	-9.800287	1.8760663	0.71486187	4.2177973	0.9130832	23.797619	13.337548	3.7996223	23.782894	-1.7090188	348000	1.4147783e-09	11.374838	0.095048115	-0.012356779	0.08171366	0.0072842743	0.0	47020.096159935
87	4.689505	0.0	12.0	0.0	0.07272727	15.832307	8.740617	28.792221	-13.289208	1.8913443	0.7196954	3.9197094	0.6663878	24.103031	12.805307	4.12557	22.558872	-8.43432	352000	-9.084409e-09	13.142356	0.096225925	-0.022865912	0.07879497	0.0086900275	0.0	47566.28268122673
88	4.7271466	0.0	8.0	0.0	0.048780486	16.937967	7.9357743	29.137121	-10.722358	1.9598094	0.6944753	5.125393	0.90882736	24.341463	13.282199	3.8909123	22.064484	-7.6497045	356000	1.0533676e-08	9.140668	0.08660019	-0.008811216	0.077216506	0.004220267	0.0	48127.12119293213
89	4.764843	0.0	7.0	0.0	0.042424243	17.88652	7.921458	28.052011	-12.1745405	1.9180964	0.74525326	4.884261	0.9117116	24.115152	13.3685255	3.8715413	24.568174	-5.489132	360000	-1.4726441e-08	10.114621	0.084451	-0.02122679	0.07650841	0.0051161926	0.0	48654.05847334862
90	4.802608	0.0	10.0	0.0	0.05882353	17.368565	8.096962	28.959599	-10.519793	1.9234949	0.7133338	4.0489273	0.667575	23.417646	13.786539	4.0258546	23.816452	-5.669316	364000	-9.448837e-09	10.700816	0.09872404	-0.011099396	0.07557326	0.0058149816	0.0	49179.791360378265
91	4.8404064	0.0	9.0	0.0	0.053892214	16.63791	8.632562	29.771545	-8.129395	1.9043736	0.7332074	4.603112	0.6664255	23.886227	13.262363	4.081871	23.29373	-7.423082	368000	-7.272978e-09	10.025242	0.08463064	-0.020191623	0.076172926	0.0060054855	0.0	49732.03648877144
92	4.878416	0.0	13.0	0.0	0.07878788	15.766371	9.23032	28.498997	-12.491984	1.9937844	0.77210534	5.274094	0.66749793	24.2	12.743304	4.373815	23.675545	-5.411434	372000	7.932305e-09	11.546239	0.10555438	-0.020431627	0.0732379	0.0064894706	0.0	50280.42060947418
93	4.9164886	0.0	9.0	0.0	0.053254437	17.35228	7.995551	29.01945	-10.323147	1.9235623	0.7212525	4.1172357	0.667589	23.514793	13.4109	3.9166152	22.341576	-4.9947877	376000	-1.6490194e-09	10.594762	0.09963749	-0.018051142	0.075866595	0.00524731	0.0	50808.286242723465
94	4.9543347	0.0	7.0	0.0	0.042424243	17.702738	7.7777085	28.510849	-10.630773	1.7743105	0.596721	4.1736526	0.56096023	24.157576	13.571261	3.7953305	22.78432	-6.8590517	380000	-5.312746e-10	10.903226	0.08485809	-0.016591087	0.07615351	0.008334292	0.0	51338.66659069061
95	4.9922976	0.0	6.0	0.0	0.036363635	16.878998	7.8522096	29.382246	-7.0416093	1.9337053	0.69049823	4.2841034	0.6676878	24.175758	13.358386	3.9362965	24.352917	-5.724837	384000	2.9179649e-08	6.835827	0.07518272	-0.0058150343	0.06939795	0.0063032634	0.0	51866.52154755592
96	5.030611	0.0	11.0	0.0	0.064327486	17.512812	8.250611	30.763199	-10.232871	2.0558097	0.84453887	5.5448284	0.66731584	23.245613	13.401463	4.1584907	24.330269	-3.8659835	388000	8.596451e-09	9.583814	0.10985096	-0.027924037	0.07715259	0.00989902	0.0	52398.1027700901
97	5.0688744	0.0	8.0	0.0	0.04819277	16.737635	8.204135	29.72517	-9.004891	1.8646779	0.6820964	4.2792926	0.6677123	23.987951	13.445299	4.21833	24.186705	-5.619404	392000	1.7553173e-08	9.18132	0.08763607	-0.014765603	0.0720786	0.007446746	0.0	52946.73280334473
98	5.1071496	0.0	10.0	0.0	0.059880238	16.124502	8.582454	28.79561	-13.43829	1.8900822	0.72308886	4.8534155	0.90876085	23.838324	13.296357	4.1314044	26.25674	-8.274471	396000	1.4285966e-08	9.5434265	0.088642366	-0.015795277	0.07686566	0.006282922	0.0	53475.39666366577
99	5.1456194	0.0	11.0	0.0	0.065868266	16.733536	8.802676	28.9826	-12.590483	1.9789776	0.7718275	5.1800504	0.667701	23.826347	13.21675	4.2369075	22.572393	-8.005469	400000	-3.2413405e-11	12.247672	0.11105638	-0.014083824	0.07433139	0.0051954314	0.0	54008.24239897728
100	5.1844006	0.0	14.0	0.0	0.081871346	17.119627	8.62737	31.49933	-10.017728	2.0446603	0.8128174	5.8880634	0.66760534	23.385965	13.309589	4.203656	23.855474	-7.9572234	404000	1.0463786e-08	8.7427435	0.110024735	-0.025168626	0.07329221	0.0063181953	0.0	54532.81387376785
101	5.223195	0.0	12.0	0.0	0.07100592	17.097364	9.176242	30.90596	-13.597103	1.9058589	0.85727465	6.2541704	0.6700741	23.556213	13.619715	4.586841	23.96054	-10.051268	408000	-1.1258887e-08	12.111779	0.11057641	-0.008822062	0.067665	0.006938901	0.0	55065.04611492157
102	5.2621536	0.0	7.0	0.0	0.042168673	17.44152	8.025006	29.45188	-10.707598	1.9787546	0.8250047	5.8790326	0.8964433	24.04217	13.44468	4.46138	24.443686	-8.595075	412000	-4.842464e-09	7.3493667	0.10932433	-0.022936502	0.07299696	0.00960598	0.0	55595.28064727783
103	5.301209	0.0	7.0	0.0	0.042424243	16.42552	8.198869	27.719042	-11.484201	1.9495347	0.80690587	5.7227373	0.91043305	24.127274	13.485249	4.428716	22.717495	-8.643067	416000	1.2172312e-09	7.942129	0.08453286	-0.01526805	0.066616	0.0064968043	0.0	56137.11594057083
104	5.340433	0.0	9.0	0.0	0.055214725	16.11082	8.349011	29.361948	-9.498045	1.9870737	0.6900269	5.0497847	0.9109594	24.404907	13.039424	4.2132583	23.559444	-10.843961	420000	2.6276827e-09	10.607631	0.09187184	-0.010589748	0.06567307	0.005614537	0.0	56681.5262594223
105	5.3796988	0.0	5.0	0.0	0.0295858	18.236464	7.6957326	30.399906	-12.400672	1.9281882	0.6649143	4.3096814	0.8964414	23.64497	13.62195	3.7302415	22.351486	-9.857794	424000	2.0734797e-08	7.3534474	0.076005064	-0.024389282	0.06444824	0.009475729	0.0	57204.715244054794
106	5.418997	0.0	6.0	0.0	0.036144577	17.101177	8.131908	27.993933	-8.976847	1.9225054	0.71243435	4.3305936	0.6663188	24.012049	13.600813	4.34256	23.28609	-7.4850817	428000	-7.9444025e-09	7.3449035	0.061265662	-0.008076067	0.07141763	0.0067023695	0.0	57737.68991446495
107	5.45807	0.0	8.0	0.0	0.048780486	16.680872	8.467462	30.647545	-10.050072	1.7920313	0.6259543	4.3420587	0.6662945	24.335365	13.944159	3.873707	23.774534	-6.6536455	432000	2.2912799e-08	10.650626	0.07767257	-0.016769717	0.072393104	0.005528566	0.0	58284.38333773613
108	5.497016	0.0	3.0	0.0	0.018404908	17.09889	7.6374474	28.557606	-9.097608	1.826842	0.6545791	4.066313	0.667653	24.539877	12.85583	4.036054	26.373064	-4.1868987	436000	1.1855278e-08	7.4010725	0.05975438	-0.0065081264	0.06584209	0.004286802	0.0	58813.833818912506
109	5.5359173	0.0	2.0	0.0	0.012658228	17.06334	7.43309	29.30185	-5.2885847	1.8571395	0.5281641	3.8662088	0.9089986	25.196203	13.856032	3.9076087	24.256575	-4.357513	440000	-1.5391859e-09	8.4208765	0.051612522	-0.015739579	0.06465153	0.007942531	0.0	59353.09389615059
110	5.575011	0.0	11.0	0.0	0.06358381	16.944317	8.159092	27.825262	-9.240683	1.9688089	0.6901501	4.019927	0.90990454	23.115606	13.617425	3.8287926	22.98955	-4.1647635	444000	6.259615e-09	6.8725734	0.07960854	-0.011803475	0.06384884	0.0059307534	0.0	59879.361246585846
111	5.6142488	0.0	10.0	0.0	0.059880238	16.89717	8.712082	27.989773	-12.049388	1.9510999	0.74370676	5.1613913	0.66629523	23.892216	13.317387	4.5448637	24.637375	-7.5005665	448000	-1.1369108e-08	10.313951	0.09546678	-0.014589722	0.061768383	0.0066404003	0.0	60422.58352017403
112	5.653404	0.0	4.0	0.0	0.024242423	17.352951	7.6093707	30.405136	-3.8762507	1.8435062	0.6570019	4.33615	0.8714675	24.18788	13.282901	3.9923162	22.753937	-3.863244	452000	1.6343005e-08	6.770306	0.06701665	-0.0060273954	0.065605626	0.0043486767	0.0	60969.21944260597
113	5.692766	0.0	6.0	0.0	0.035928145	17.2067	7.5351987	30.978071	-11.111171	1.978402	0.714823	4.496082	0.91099113	23.892216	13.858823	4.0978956	25.209919	-6.0025344	456000	7.447025e-10	9.206393	0.09728478	-0.019907948	0.06266743	0.007354003	0.0	61501.779977321625
114	5.7319727	0.0	9.0	0.0	0.053254437	17.29152	8.120778	31.21446	-11.667104	1.8081636	0.7250888	4.7859435	0.7686833	23.615385	13.414204	3.9504557	24.887062	-4.8872476	460000	-1.6835289e-10	8.453925	0.08884507	-0.014950902	0.06332776	0.0075808163	0.0	62037.35732841492
115	5.771071	0.0	9.0	0.0	0.053892214	16.958735	8.126161	28.247936	-11.250362	1.8201891	0.7114135	4.719547	0.66765684	23.892216	13.542771	4.2094607	26.065258	-9.240365	464000	-1.6511166e-08	8.84817	0.077706575	-0.0072248583	0.06670641	0.0067219245	0.0	62577.378747463226
116	5.8102565	0.0	5.0	0.0	0.030120483	18.095821	7.256094	31.39178	-8.018851	1.9069464	0.68054575	4.142117	0.66753364	24.060242	13.709584	4.0298805	23.102398	-4.993206	468000	-1.2147121e-09	6.612626	0.07066175	-0.024142446	0.058037955	0.0078016403	0.0	63122.87445306778
117	5.849499	0.0	4.0	0.0	0.024539877	16.283283	7.701294	28.228075	-2.4626477	1.8935573	0.6596392	4.282329	0.6675726	24.503067	13.47067	3.8736868	23.42606	-5.556084	472000	-1.4530777e-08	7.5426364	0.0736029	-0.01432925	0.057712205	0.00296477	0.0	63670.06099510193
118	5.888774	0.0	4.0	0.0	0.024539877	16.112715	7.9125047	29.09709	-12.090671	1.8806688	0.66455317	4.461706	0.9083982	24.392637	12.894345	3.8475773	23.074047	-3.9080224	476000	-2.6788696e-08	7.1389995	0.07006339	-0.01505354	0.053234745	0.006451412	0.0	64211.52183365822
119	5.928113	0.0	9.0	0.0	0.05421687	16.531021	8.31186	29.250431	-8.261164	1.8952905	0.72851324	5.1457233	0.6776607	23.95783	13.2884245	4.2046857	24.46635	-5.758338	480000	-3.4321257e-09	9.029507	0.07356189	-0.024483522	0.056477822	0.00689194	0.0	64741.94030427933
120	5.967454	0.0	9.0	0.0	0.053892214	16.850975	8.46649	28.425934	-11.529842	1.8651316	0.73857695	5.0588403	0.66671	23.904192	12.980089	3.9305577	24.336775	-6.908717	484000	1.1567181e-08	7.8291173	0.066250354	-0.016969975	0.05412911	0.0044517065	0.0	65276.13151836395
121	6.006923	0.0	7.0	0.0	0.04191617	15.940772	8.000838	29.446102	-9.821999	1.9231381	0.73014534	4.175399	0.6676929	23.934132	13.044152	4.336179	24.690063	-6.077881	488000	3.1264197e-08	7.5764103	0.08267157	-0.013722592	0.054496627	0.0036544804	0.0	65819.67148160934
122	6.0463204	0.0	7.0	0.0	0.041666668	17.118618	8.276841	30.778654	-12.436856	1.8304541	0.6709667	4.3837037	0.714216	23.72619	13.843975	3.870571	24.907759	-3.5361345	492000	7.719369e-09	9.045225	0.078858875	-0.0035796373	0.05380501	0.0034897344	0.0	66363.40413403511
123	6.0858173	0.0	9.0	0.0	0.05421687	16.728449	8.25712	29.748846	-8.90937	1.9062518	0.73121095	4.7257447	0.6670397	23.981928	13.34635	4.2702746	24.793287	-7.527556	496000	-1.8811484e-08	9.329197	0.09824057	-0.010438214	0.057914514	0.0043673366	0.0	68065.0022611618
124	6.125413	0.0	10.0	0.0	0.05952381	16.830027	8.210887	29.11312	-11.386843	1.907446	0.67625046	4.5927143	0.9111203	23.797619	13.048685	4.3890815	24.454924	-11.773607	500000	-1.10126965e-08	6.471908	0.07144427	-0.025480267	0.05827782	0.008285884	0.0	71384.68443965912
