Epoch	penalty	Crash_ratio	alpha	entropy	critic1	critic2	cost	LossPi	alpha_loss	critic1_loss	critic2_loss	cost_loss	sigma	AverageEpRet	StdEpRet	MaxEpRet	MinEpRet	AverageEpCost	StdEpCost	MaxEpCost	MinEpCost	EpLen	Buffer_size	TotalEnvInteracts	Time
1	1.0549549	0.44751382	0.9488547	1.209663	0.5844259	0.5790995	0.1778462	-1.5539294	-0.26988775	1.7257744	1.7281874	0.11133223	0.100005016	6.2951174	8.419264	22.380358	-8.458945	4.0558724	1.3384793	8.1941	1.158283	18.950275	5998	4000.0	254.20662212371826
2	1.1590061	0.38405797	0.8547705	1.2806491	0.7497387	0.749421	0.20139416	-1.675863	-0.81015533	1.980946	1.9806229	0.09288051	0.105005264	6.146376	26.523157	23.600534	-287.8789	3.5360222	1.3668983	7.481243	0.0	26.57971	6998	8000.0	502.6346776485443
3	1.2623445	0.27173913	0.7772368	1.1494977	0.7718036	0.77188706	0.2180123	-1.5230199	-1.1748979	2.3662212	2.3653946	0.08820213	0.110255525	9.398085	25.228172	24.04837	-313.40805	3.650228	1.3537583	7.0313377	0.0	26.402174	7998	12000.0	755.9270861148834
4	1.3687468	0.23195876	0.7059835	1.1094472	0.94068223	0.94142556	0.23853412	-1.6367031	-1.6367964	2.7646997	2.7630537	0.083272144	0.11576826	12.627556	7.6757116	23.36447	-7.2782383	3.1932354	1.2870367	6.852656	0.94346243	20.56701	8998	16000.0	1007.9914283752441
5	1.475638	0.26943004	0.64218956	0.96419513	1.0493385	1.0497547	0.25852332	-1.6411211	-1.9633482	3.0614808	3.0591793	0.07676858	0.12155673	13.519794	8.223642	25.830847	-6.198176	3.270592	1.3457514	8.395654	0.91350263	20.803108	9998	20000.0	1259.0247836112976
6	1.582783	0.3010204	0.5841349	0.829198	1.1936796	1.1940092	0.28116134	-1.7568012	-2.362914	3.2691398	3.2668025	0.07112163	0.12763457	13.621699	8.544049	28.366018	-2.9698563	3.2519636	1.371487	7.2017617	0.906437	20.387754	10998	24000.0	1502.517340183258
7	1.6888698	0.27979276	0.5320053	0.6675692	1.3283368	1.3284857	0.30073094	-1.8338076	-2.5986717	3.400432	3.3981822	0.06701929	0.13401628	14.502957	8.664432	30.151722	-2.483642	3.1794705	1.3722901	6.5318	1.1312888	20.756477	11998	28000.0	1743.9482774734497
8	1.7948912	0.27748692	0.4815993	0.58362883	1.530808	1.5305954	0.32395858	-2.0971484	-3.3418026	3.4392052	3.43707	0.061388355	0.14071707	15.038998	8.044165	27.161274	-1.6745732	3.1165893	1.2773583	6.002674	0.9353259	20.921467	12998	32000.0	1988.2333521842957
9	1.8996843	0.29166666	0.43689838	0.4840927	1.71059	1.7106767	0.33635053	-2.1657228	-3.3713763	3.4107099	3.4091537	0.058842313	0.14775296	15.986056	8.545222	29.029747	-0.121456355	3.0907087	1.3070748	6.058292	0.92658865	20.833334	13998	36000.0	2230.1506741046906
10	2.0023625	0.28865978	0.39848217	0.43684283	1.9428318	1.9428755	0.34954205	-2.364847	-3.7377934	3.3532724	3.3511724	0.055446733	0.15514056	16.241413	8.643379	30.829206	-0.9739509	3.0970285	1.2823769	6.2008834	0.9109835	20.659794	14998	40000.0	2469.4947621822357
11	2.10558	0.24064171	0.36133185	0.3964013	2.1794498	2.179277	0.3657315	-2.5425382	-4.113874	3.2670429	3.265457	0.053549286	0.16289762	17.615202	7.877008	29.703884	1.5678165	2.9750702	1.328895	6.732419	0.91239417	21.28877	15998	44000.0	2706.0408668518066
12	2.2076	0.23157895	0.3288192	0.35612994	2.4004989	2.4007466	0.37267718	-2.6212363	-4.291704	3.183708	3.1819012	0.051934578	0.17104249	17.82569	7.6772394	29.833347	1.6222272	2.8686073	1.2158706	6.302858	0.92725646	21.189474	16998	48000.0	2938.440020799637
13	2.3087628	0.18085106	0.29850367	0.3222457	2.6444466	2.64422	0.3775431	-2.7573266	-4.619988	3.0633242	3.0606406	0.050267812	0.17959465	19.09591	7.6255755	31.112196	0.15531789	2.7772763	1.2870308	6.42161	0.91613543	21.175531	17998	52000.0	3172.6310811042786
14	2.4096172	0.20744681	0.2711438	0.2922759	2.9250584	2.9246223	0.39046684	-3.0339816	-5.1516247	2.9761977	2.9706943	0.048118737	0.18857437	19.37903	7.9386477	31.37513	1.0836208	2.681376	1.2504648	5.688048	0.6658863	21.335106	18999	56000.0	3410.144880771637
15	2.510452	0.17391305	0.24612045	0.24474774	3.1698503	3.1698081	0.3974541	-3.1491828	-5.1852236	2.8721051	2.863633	0.04745369	0.19800308	20.103365	7.3995504	30.903578	2.0167663	2.5416915	1.1241117	5.346978	0.66472286	21.744566	20000	60000.0	3649.092793941498
16	2.6119535	0.2204301	0.2231597	0.22684549	3.4211347	3.4204738	0.4061435	-3.3400626	-5.8562098	2.7632532	2.7488496	0.04632571	0.20790324	19.63805	8.022929	31.629803	-0.9533821	2.7695427	1.2884864	5.9616857	0.9082777	21.5	20998	64000.0	3879.4491300582886
17	2.7118022	0.16304348	0.20256582	0.20125578	3.6063638	3.6060262	0.403294	-3.3398874	-5.70761	2.6235213	2.6058342	0.045139316	0.21829838	20.033821	7.0255914	31.65116	2.1124783	2.5552223	1.1987746	6.484682	0.93022203	21.711956	21998	68000.0	4108.4530963897705
18	2.8113902	0.16216215	0.18439582	0.17963794	3.8655767	3.8649607	0.41483575	-3.5202594	-6.0499125	2.534073	2.51019	0.044259112	0.22921327	20.108768	7.184445	31.6379	1.5478673	2.523006	1.2177037	6.2954483	0.66558623	21.556757	22998	72000.0	4339.923498392105
19	2.9117785	0.18181819	0.16725214	0.16201325	4.0739145	4.0732718	0.41563612	-3.6085515	-6.407373	2.4107642	2.381977	0.042703677	0.2406739	20.944212	7.4734797	31.088951	1.5017642	2.461413	1.2401472	5.958499	0.6651804	21.304813	23998	76000.0	4567.161184549332
20	3.0109837	0.171123	0.15222576	0.14471456	4.287153	4.286856	0.4210529	-3.712172	-6.5343432	2.3396225	2.3056777	0.04148987	0.2527077	21.167318	7.6950216	32.197884	0.84114516	2.571644	1.2333567	5.6970744	0.90949464	21.582888	25000	80000.0	4796.309440612793
21	3.1118603	0.1388889	0.13748734	0.13304162	4.637629	4.6373725	0.43275484	-4.117564	-7.4004354	2.3281574	2.2858977	0.042243794	0.26534307	21.658703	7.2333307	31.32961	1.7840985	2.4521084	1.1659842	5.706526	0.90809417	22.1	25998	84000.0	5031.38639497757
22	3.2116416	0.13661203	0.12482033	0.12527663	4.8274198	4.827214	0.43459618	-4.170178	-7.65251	2.2160661	2.167257	0.040941708	0.27861014	21.206806	6.772592	32.54247	-0.7123605	2.444034	1.2173114	5.8046927	0.90915495	21.994535	26998	88000.0	5266.797645330429
23	3.3114986	0.16756757	0.11316449	0.11241384	5.023166	5.022614	0.4379803	-4.20257	-7.7662463	2.149234	2.0981655	0.040359177	0.29254067	21.16893	7.6219683	30.394558	0.20954965	2.492474	1.2202812	5.698981	0.6655238	21.637838	27998	92000.0	5498.9330904483795
24	3.410713	0.101123594	0.102888554	0.1006427	5.1254945	5.1257668	0.43730682	-4.0824795	-7.4489484	1.9961843	1.9453627	0.039539944	0.3071677	21.927368	6.2067647	31.151758	1.8951967	2.3586779	1.0718176	6.4771023	0.9207084	22.38764	28998	96000.0	5735.888270139694
25	3.5099664	0.12707183	0.093471326	0.100364044	5.3911715	5.390828	0.44045404	-4.3432784	-8.17607	2.0027928	1.9479396	0.03875547	0.32252607	21.805307	6.7446337	32.576073	3.5431826	2.3766322	1.1354985	6.302638	0.6654526	22.071823	29998	100000.0	5973.389139652252
26	3.6089945	0.13043478	0.08459268	0.094782725	5.668498	5.667527	0.4417291	-4.6445274	-8.939516	2.013957	1.9522835	0.039620355	0.3386524	21.791414	6.9641614	32.39414	1.9038734	2.4655397	1.1145165	5.5110955	0.908383	21.831522	30998	104000.0	6207.765517234802
27	3.7083542	0.110497236	0.0766313	0.0918923	5.8193045	5.8191104	0.44667885	-4.6209855	-9.032461	1.9224977	1.8625772	0.038856946	0.35558507	22.181507	6.436166	31.848812	2.9461355	2.3911366	1.0833762	5.6199713	0.89950025	22.0	31998	108000.0	6436.52005147934
28	3.8076508	0.12087912	0.06946387	0.091167256	6.094388	6.0944004	0.44881335	-4.8753667	-9.507582	1.949166	1.8811699	0.038872544	0.3733644	21.942295	6.6700706	31.588074	2.3208575	2.42942	1.1827393	6.042943	0.67190856	22.04945	32998	112000.0	6667.728986263275
29	3.906964	0.10055866	0.0631292	0.08864592	6.2194376	6.218507	0.45036837	-4.8708615	-9.569955	1.8406384	1.7768089	0.03871809	0.39203253	22.19304	6.47084	30.57371	1.6534703	2.316158	1.0572059	6.039065	0.6631975	22.374302	33998	116000.0	6902.1260488033295
30	4.0058804	0.09550562	0.05723288	0.086051606	6.4375215	6.437298	0.4491846	-5.031074	-10.262308	1.8514514	1.7877401	0.038502686	0.4116341	21.916803	6.081466	31.045292	2.9191556	2.3779469	1.0448661	5.472232	0.6647479	22.382023	34998	120000.0	7140.872553348541
31	4.104422	0.07777778	0.05181093	0.0870164	6.6670833	6.667561	0.44943848	-5.258167	-10.769025	1.8799797	1.8156219	0.038822632	0.43221584	22.294018	6.051315	31.224049	-1.2625805	2.2320733	0.9925134	6.4535885	0.90767217	22.211111	35998	124000.0	7374.862216711044
32	4.2030935	0.11235955	0.046947233	0.08792934	6.873199	6.872704	0.4478525	-5.4150653	-11.053428	1.8189322	1.7560444	0.038296334	0.45382667	21.171566	6.402892	31.63736	2.7337832	2.420295	1.0273945	6.391198	0.90763116	22.460674	36998	128000.0	7619.7238783836365
33	4.3015018	0.11891892	0.04256343	0.08529347	7.005358	7.0047126	0.44942805	-5.400574	-11.237938	1.8190745	1.7631551	0.038742006	0.47651803	21.385283	6.552602	30.268976	2.2148979	2.2060604	1.0918081	5.5563917	0.6658495	21.643244	37998	132000.0	7857.240342617035
34	4.400528	0.061452515	0.038798142	0.08000739	7.0605597	7.0584474	0.44959414	-5.2263017	-10.663512	1.6596963	1.6125503	0.037018288	0.5003439	22.217762	5.716636	30.266848	1.9863381	2.1284013	0.9028781	5.1588745	0.9076691	22.29609	38998	136000.0	8094.190714836121
35	4.4988837	0.072222225	0.035130925	0.08204282	7.4281793	7.428167	0.44567952	-5.824497	-12.078605	1.8677632	1.8154734	0.038906537	0.525361	22.391512	5.854941	32.18976	0.9708514	2.2531393	0.93590957	5.6072536	0.90901977	22.322222	39998	140000.0	8334.484669446945
36	4.597128	0.0625	0.031812713	0.07991405	7.578428	7.5783496	0.44661304	-5.862413	-12.257805	1.802945	1.7572168	0.038991936	0.551629	22.7817	5.579019	30.71019	3.2455258	2.2648282	0.9013238	5.5267677	0.91141784	22.801136	40998	144000.0	8574.405148267746
37	4.695176	0.083333336	0.028821405	0.0813913	7.786592	7.7858515	0.44138074	-6.0398397	-12.522208	1.8623974	1.8177326	0.038896997	0.5792106	21.829006	6.177696	34.16592	2.350734	2.1734846	1.0334204	5.93821	0.6643425	22.116667	42000	148000.0	8812.71591591835
38	4.793165	0.05027933	0.026146652	0.081953034	7.9401565	7.940973	0.43958813	-6.142832	-13.142306	1.8486291	1.8076241	0.038903546	0.6081713	22.36358	5.324858	32.64799	2.7978854	2.1409566	0.9477297	5.4052534	0.9096289	22.335196	42998	152000.0	9054.627377986908
39	4.8913107	0.033898305	0.02371669	0.08214109	8.134465	8.135296	0.43537372	-6.3440037	-13.787236	1.8255205	1.7870293	0.038892403	0.6385797	22.68276	4.8841615	31.22882	1.9693713	2.054363	0.85720223	5.933334	0.66555107	22.59322	43998	156000.0	9287.793344974518
40	4.989157	0.02793296	0.02146654	0.083917506	8.191161	8.190158	0.43585163	-6.1941295	-13.5765	1.7634116	1.7316816	0.037908744	0.67050856	22.643345	4.5260153	30.05148	3.793673	1.9828702	0.86525977	5.8443713	0.9092088	22.525139	44998	160000.0	9520.139335155487
41	5.0872235	0.06214689	0.01950157	0.083439186	8.366809	8.36767	0.43235186	-6.3232245	-13.91679	1.7834864	1.7532929	0.038288698	0.70403403	21.871086	5.792001	30.691557	2.0338502	2.0617611	0.92209303	6.366025	0.6630838	22.333334	45998	164000.0	9757.360105752945
42	5.1848593	0.02259887	0.017667206	0.084466144	8.617887	8.6174555	0.42681187	-6.67533	-14.670035	1.8447697	1.8167313	0.03841535	0.7392357	22.74262	4.6884747	31.380402	-0.7454575	1.9257782	0.70286304	4.049154	0.6626425	22.683617	46998	168000.0	9990.271756410599
43	5.2822876	0.028089888	0.016042639	0.08304129	8.677635	8.677436	0.42217144	-6.545093	-14.397711	1.7681632	1.7437842	0.037744984	0.7761974	22.91161	4.717039	30.971342	-0.39117336	1.9679224	0.7962405	4.9373126	0.9084557	22.522472	48000	172000.0	10216.695338010788
44	5.379965	0.02259887	0.0145395035	0.08488548	8.883174	8.882906	0.4206615	-6.781663	-15.270818	1.8515896	1.8273613	0.03794246	0.8150073	22.351418	4.663163	31.991018	5.7729034	2.073759	0.87146586	5.739714	0.909026	22.497175	48998	176000.0	10454.30986213684
45	5.477289	0.0057142857	0.013165705	0.08395355	9.203281	9.203643	0.4109305	-7.298927	-16.49528	2.0167193	1.992826	0.03892859	0.85575765	22.734274	3.9069722	31.298233	3.9552608	1.8754998	0.7243264	4.570137	0.6702973	22.897142	49998	180000.0	10688.7447245121
46	5.57416	0.011363637	0.011919813	0.0831314	9.312858	9.312819	0.40565473	-7.3176904	-16.312424	1.9488001	1.9273069	0.038014133	0.8985457	22.57907	4.3666143	30.886623	1.0609715	1.886098	0.73468083	4.709706	0.90872073	22.65909	50998	184000.0	10919.09626340866
47	5.671707	0.022346368	0.010856666	0.079407185	9.315237	9.31572	0.40384814	-7.0792813	-15.628358	1.8140979	1.798126	0.037303865	0.94347316	22.835722	4.6026587	31.170763	0.15820965	1.8979335	0.682833	4.2502656	0.90782773	22.441341	51998	188000.0	11154.980480670929
48	5.7690406	0.011235955	0.009866343	0.078862764	9.429771	9.430188	0.39878535	-7.1442776	-16.072504	1.7601889	1.7442101	0.037072416	0.99064654	22.307259	4.580008	31.33235	0.8673277	1.9085596	0.6380841	3.9013565	0.66332275	22.505617	52998	192000.0	11394.036835432053
49	5.8660703	0.033519555	0.008934401	0.07653541	9.689532	9.689649	0.39439696	-7.5541596	-16.874134	1.9726399	1.954943	0.03751141	1.040179	22.00333	5.063367	31.107424	0.6949761	1.8395675	0.6318793	4.2255945	0.9214261	22.26257	53998	196000.0	11626.208711147308
50	5.9628487	0.0	0.008085459	0.07581517	9.848568	9.848506	0.38562766	-7.721732	-17.704966	1.9546635	1.9388001	0.036878135	1.092188	22.535448	3.794569	30.557714	12.044818	1.8505813	0.6428144	4.4411736	0.90773594	22.698864	54998	200000.0	11864.393798828125
51	6.0594716	0.011299435	0.0073355217	0.07596109	10.08057	10.081051	0.37803015	-8.0597	-18.066904	2.1211622	2.1066837	0.0373382	1.1467974	21.961832	4.229149	30.418926	3.2287931	1.8813808	0.69978195	5.1575985	0.66540337	22.677965	55999	204000.0	12113.762672901154
52	6.1560383	0.01734104	0.0066515966	0.074430756	10.198086	10.197783	0.37411332	-8.05434	-18.171213	2.1314654	2.1175704	0.03676658	1.2041372	21.417433	4.346248	31.218344	0.40524688	1.9399911	0.7012069	6.061641	0.9077883	23.17341	56998	208000.0	12363.21745800972
53	6.2526665	0.0056179776	0.0060354797	0.07281998	10.375092	10.375589	0.3662531	-8.29052	-18.5158	2.204932	2.1933072	0.037105873	1.2643437	21.978952	4.2852564	29.954653	4.268498	1.7997867	0.5707023	3.8200073	0.6630636	22.477528	58000	212000.0	12618.818754911423
54	6.349338	0.016949153	0.0054713325	0.07257753	10.45592	10.456549	0.36305824	-8.279608	-18.60612	2.0334587	2.0232766	0.03593606	1.3275613	22.10626	4.669048	32.053413	4.4134536	1.8114372	0.6833563	5.09246	0.6645419	22.559322	58998	216000.0	12884.214724779129
55	6.445826	0.017142856	0.0049682185	0.06980464	10.597094	10.597649	0.3556175	-8.414776	-18.53705	2.083191	2.073444	0.035981286	1.3939393	22.16592	4.7637653	33.02393	2.3789418	1.8942866	0.79815495	7.176178	0.9096439	22.782858	59998	220000.0	13155.423617362976
56	6.5427804	0.0	0.004505886	0.07036688	10.803599	10.803247	0.3515713	-8.71489	-19.829445	2.2261906	2.218789	0.03569043	1.4636365	21.896244	4.0074353	30.873323	12.789685	1.7973335	0.5753709	4.9789023	0.90903324	22.672316	60998	224000.0	13425.989465475082
57	6.6395664	0.0057142857	0.0040905657	0.07086981	10.77199	10.771923	0.34814504	-8.446176	-18.951817	1.9580768	1.9512856	0.034931757	1.5368181	21.976229	4.5049443	33.256607	-1.1246608	1.7901953	0.6727847	4.822815	0.9092489	22.788572	61998	228000.0	13697.86961722374
58	6.73657	0.011363637	0.0037222947	0.06676587	10.751717	10.752162	0.34771693	-8.211956	-17.993988	1.8391963	1.8326281	0.034580987	1.6136594	21.430075	4.0901237	30.22011	1.0301136	1.8005688	0.66605127	4.9780517	0.6657195	22.698864	62998	232000.0	13970.590695858002
59	6.834348	0.0057803467	0.003385677	0.06661936	10.8895235	10.890166	0.34363806	-8.382291	-19.015491	1.8823798	1.8763235	0.0348762	1.6943423	22.176126	4.0901055	32.020435	9.602129	1.7991073	0.62824184	4.212953	0.90835035	23.248554	63998	236000.0	14253.426814317703
60	6.931019	0.0057471264	0.0030651535	0.066216506	10.971002	10.971248	0.33891687	-8.439146	-19.053785	1.8434935	1.8381032	0.034062423	1.7790593	22.098305	4.104649	30.505177	0.922489	1.7960842	0.55348647	4.11481	0.90841186	22.94253	64998	240000.0	14526.394129753113
61	7.0273867	0.0	0.0027739918	0.06614022	11.288762	11.287611	0.32873675	-9.061923	-21.00246	2.116444	2.1108913	0.034025487	1.8680118	22.077574	4.2444835	30.357817	1.9833702	1.7139367	0.55285853	4.216945	0.9093187	22.698864	65998	244000.0	14790.644020557404
62	7.1232977	0.011235955	0.002507019	0.06477423	11.497959	11.499143	0.32232487	-9.317819	-21.808538	2.235293	2.2330275	0.033829246	1.9614128	21.657812	4.35465	29.693777	-1.3819671	1.8600072	0.7126341	4.5428286	0.90810716	22.634832	66998	248000.0	15057.809216499329
63	7.2194257	0.016759777	0.0022700538	0.06411995	11.466286	11.465721	0.32100025	-9.058297	-20.784437	2.1032994	2.0992684	0.033766504	2.0594828	22.014612	4.402344	29.809378	4.7638273	1.7492869	0.6033615	3.8722644	0.6657762	22.340782	68000	252000.0	15319.03837943077
64	7.3161497	0.0056497175	0.0020650558	0.062379446	11.682328	11.683362	0.3143933	-9.388709	-21.56643	2.2718296	2.2704563	0.03332629	2.1624575	21.524706	4.531298	33.065964	1.2908001	1.8148162	0.665922	4.900356	0.90765506	22.446327	68998	256000.0	15594.924320697784
65	7.4117336	0.0055555557	0.0018666895	0.06351643	11.982983	11.983937	0.3057021	-9.982055	-23.492922	2.4313118	2.430773	0.033342935	2.27058	22.357344	4.6302905	30.58543	-3.1758757	1.7211734	0.6665991	6.3155227	0.66467655	22.194445	69998	260000.0	15868.635611534119
66	7.508569	0.0056497175	0.0016955611	0.0613885	11.79924	11.798133	0.3069592	-9.346575	-21.609055	2.02768	2.0279355	0.032175325	2.384109	21.75005	4.2698097	29.647251	-3.6762054	1.8440014	0.6643858	6.534769	0.9096409	22.672316	70998	264000.0	16161.18265581131
67	7.6048455	0.0	0.0015407975	0.06119613	11.990864	11.993091	0.29946864	-9.638836	-21.929117	2.2040765	2.2065284	0.031836685	2.5033145	21.73744	3.6098406	30.977018	12.816871	1.7998595	0.5726447	3.869077	0.6642042	22.683617	71998	268000.0	16434.33332848549
68	7.7016516	0.0	0.0013987431	0.06186086	12.01809	12.018885	0.3001434	-9.552676	-22.261616	2.127361	2.1276753	0.0310025	2.6284804	21.924534	3.8343606	29.801311	10.9208145	1.7655447	0.59780586	4.4893956	0.889461	22.440678	72998	272000.0	16700.169719219208
69	7.7991123	0.011299435	0.0012705463	0.060057268	12.125457	12.12577	0.298232	-9.611955	-22.248055	2.1361406	2.134479	0.030816268	2.7599041	21.936235	4.456106	30.865923	0.87924033	1.7811658	0.65356857	4.1268883	0.9081151	22.638418	73998	276000.0	16963.01883149147
70	7.8956494	0.0056818184	0.001148855	0.060983315	12.352273	12.353693	0.29312298	-9.997564	-23.42868	2.3104174	2.313845	0.031074423	2.8978996	22.079706	4.5174212	30.55269	0.5357111	1.8224087	0.6396075	4.1850433	0.9084113	22.704546	74998	280000.0	17239.506922483444
71	7.992288	0.011173184	0.001040724	0.06000576	12.52281	12.523039	0.28926367	-10.254107	-24.62821	2.3798459	2.38447	0.030850621	3.0427945	21.820177	4.5352683	30.415588	-2.140525	1.8498757	0.7266937	6.047906	0.92729384	22.446928	75998	284000.0	17518.82220840454
72	8.088788	0.0056179776	0.0009424305	0.059911694	12.49989	12.498339	0.28649667	-10.007242	-24.109596	2.209356	2.2129765	0.030006312	3.1949344	22.095238	4.0798235	30.269938	2.1373463	1.7298626	0.6514782	5.0690145	0.8948796	22.365168	76998	288000.0	17785.65106153488
73	8.186203	0.0055555557	0.00085773924	0.059740197	12.416269	12.416969	0.28775224	-9.698565	-22.846703	1.9409198	1.9465946	0.02934822	3.3546817	22.311531	4.19472	32.09381	1.6019024	1.7639786	0.59879416	4.1059933	0.9076547	22.344444	77998	292000.0	18035.08207845688
74	8.282586	0.0056818184	0.0007776765	0.058196317	12.724481	12.726078	0.28013438	-10.272037	-24.401558	2.2870548	2.292209	0.029602543	3.5224156	22.520061	4.408208	31.378063	4.5404334	1.8155681	0.7008574	4.2551866	0.9076359	22.630682	78998	296000.0	18286.30333018303
75	8.378836	0.0056497175	0.0007038645	0.058916666	12.89742	12.8974085	0.2765274	-10.500408	-25.105934	2.4653785	2.4711561	0.02956231	3.6985369	22.16607	4.0275755	31.033201	7.4295206	1.7987438	0.7108679	4.81145	0.663414	22.485876	79998	300000.0	18539.541065454483
76	8.476096	0.011363637	0.0006396552	0.056733742	12.836093	12.836126	0.27759212	-10.205096	-24.507862	2.179457	2.1867657	0.02884279	3.8834634	22.41651	4.0869827	30.177938	1.705637	1.8524631	0.70230883	4.3789177	0.90767294	22.977272	80999	304000.0	18799.675531864166
77	8.57212	0.0056497175	0.0005774949	0.0573865	13.29623	13.297091	0.26765394	-11.146501	-27.456938	2.7365785	2.7461324	0.029471967	4.0776353	22.268847	4.154082	30.239897	8.837256	1.7542844	0.6301221	4.954465	0.9101678	22.367231	81999	308000.0	19059.482382774353
78	8.668305	0.0	0.00052373006	0.05681243	13.215823	13.215692	0.26573274	-10.798969	-26.30528	2.4213789	2.4291904	0.027966434	4.2815175	22.276823	3.9412827	29.799662	1.9245098	1.7705289	0.5855633	4.3215446	0.89813906	22.446928	82998	312000.0	19311.588462352753
79	8.765973	0.0	0.00047673212	0.056032553	13.009144	13.010501	0.2717344	-10.137533	-24.334265	1.976846	1.9854727	0.027094027	4.4955935	21.970018	3.6833386	29.373676	11.813045	1.8203728	0.6138132	4.958638	0.9219239	22.661016	83998	316000.0	19565.719956874847
80	8.863074	0.016949153	0.00043211487	0.056558684	13.29773	13.298441	0.2641411	-10.741918	-26.779716	2.2287562	2.2331622	0.027209343	4.720374	22.456495	4.812683	32.279003	-2.4101045	1.8289169	0.6401298	4.33018	0.90800375	22.519773	84998	320000.0	19820.415068149567
81	8.959273	0.005586592	0.00039138098	0.0561569	13.437291	13.436374	0.26085046	-10.886782	-27.120598	2.3291235	2.3354597	0.027242873	4.9563932	22.418062	3.6217365	30.667881	5.167254	1.7571836	0.5587435	4.165378	0.90796936	22.217876	85998	324000.0	20072.516488552094
82	9.0556345	0.005586592	0.00035461868	0.05375048	13.56928	13.568444	0.25749332	-11.009029	-26.84641	2.5206773	2.529445	0.02701084	5.2042117	22.21319	3.9124644	28.30522	4.41435	1.80071	0.671947	4.0355287	0.894854	22.480448	86998	328000.0	20322.41605114937
83	9.152479	0.011235955	0.00032167547	0.055982355	13.603659	13.603457	0.25770587	-10.99226	-28.002863	2.4521515	2.4601424	0.0267647	5.4644217	22.017918	4.3061023	30.560717	-1.1933324	1.8113364	0.65964746	4.2803664	0.9083563	22.477528	87998	332000.0	20570.88727903366
84	9.249381	0.016853932	0.00029140562	0.054466516	13.721256	13.721998	0.2556406	-11.101359	-28.12407	2.5240688	2.5302432	0.02703686	5.7376437	21.424582	5.244818	30.27041	-6.538679	1.8532523	0.7524045	5.094187	0.66588193	22.404495	88998	336000.0	20825.50514316559
85	9.346746	0.011111111	0.00026448735	0.05618945	13.539215	13.53876	0.25685167	-10.561627	-27.234743	2.0030868	2.0119946	0.025540521	6.024525	21.72993	4.511021	30.7432	1.6562357	1.7895896	0.6825713	4.2746143	0.89320636	22.2	89998	340000.0	21076.452278852463
86	9.443977	0.0	0.00024016156	0.0550754	13.84309	13.844238	0.25202686	-11.152856	-29.214941	2.4672344	2.4756405	0.026206795	6.325751	22.62787	3.8211381	31.82109	12.361208	1.7620097	0.52602816	3.6041927	0.8935926	22.474861	90998	344000.0	21321.5182056427
87	9.540761	0.011235955	0.0002176477	0.055065766	13.802401	13.802056	0.25257745	-10.901606	-28.293303	2.3092794	2.3202455	0.025858875	6.6420403	22.44382	4.2089705	31.653807	0.73413664	1.7894316	0.67134446	4.9676394	0.663297	22.404495	91998	348000.0	21578.19904255867
88	9.637933	0.0054644807	0.00019751763	0.054073136	13.902981	13.904191	0.2510613	-11.035295	-28.824377	2.3022916	2.3129926	0.025419282	6.974141	22.18892	4.096254	29.710094	3.3916216	1.7402223	0.58945096	3.8002694	0.9070635	21.92896	92998	352000.0	21830.948521375656
89	9.735068	0.005586592	0.00017902997	0.0537834	14.0548935	14.05476	0.2492734	-11.206337	-29.149796	2.4469116	2.4553592	0.025714494	7.3228474	22.71986	3.7834127	31.317015	-1.5282882	1.8200814	0.7268918	5.6081886	0.90937066	22.363129	93998	356000.0	22090.038084745407
90	9.831925	0.0	0.0001625241	0.053849723	14.043353	14.043109	0.24597631	-11.137944	-29.482615	2.2031288	2.209988	0.024908595	7.6889906	22.281181	4.1035895	32.099724	11.698732	1.7640051	0.5843186	4.041144	0.66452026	22.217876	94998	360000.0	22344.832847595215
91	9.928494	0.005586592	0.00014717173	0.05482943	14.150217	14.15013	0.24579751	-11.162424	-30.044039	2.3237495	2.3358364	0.024942173	8.073441	22.288603	4.515552	31.620745	-3.3473616	1.8655915	0.6655413	4.7793818	0.6646121	22.418995	95998	364000.0	22609.373509645462
92	10.025741	0.0	0.00013340483	0.054812692	14.259719	14.261621	0.24316074	-11.319895	-31.052591	2.4031415	2.4148345	0.02456873	8.47711	23.006384	3.7441037	30.654148	10.733124	1.7654355	0.5930896	3.968692	0.9085174	22.307262	96998	368000.0	22887.62742137909
93	10.122881	0.005586592	0.00012090023	0.05466066	14.208674	14.208116	0.24514407	-11.047408	-30.034523	2.2029843	2.2111647	0.024444584	8.900968	22.891678	3.5282044	29.700867	8.51342	1.7651149	0.5920214	3.92456	0.89814246	22.474861	97998	372000.0	23165.685872793198
94	10.218979	0.0055555557	0.000109373585	0.054776434	14.547933	14.548772	0.23627985	-11.746633	-33.101086	2.560615	2.5707905	0.024321062	9.346017	22.286999	4.1635437	30.561237	7.5404425	1.7545419	0.6583056	4.5988164	0.6658239	22.222221	98998	376000.0	23450.32062458992
95	10.315248	0.0056497175	9.894031e-05	0.0551927	14.575252	14.576656	0.23564726	-11.710949	-33.469288	2.5354083	2.5451078	0.024212033	9.813014	22.4133	4.1898537	31.549707	-0.19460306	1.7925558	0.65138066	4.5446186	0.66547465	22.480227	99998	380000.0	23731.015719652176
96	10.412533	0.011173184	9.000644e-05	0.05450842	14.523528	14.522993	0.23689939	-11.442003	-31.950329	2.4536645	2.4631546	0.02368068	10.0	21.736177	4.439291	31.524284	1.6142418	1.7574753	0.6013229	4.330428	0.90912366	22.407822	100998	384000.0	23999.43168067932
97	10.510047	0.0056179776	8.182327e-05	0.05588211	14.481875	14.48283	0.23749493	-11.212157	-31.1113	2.202709	2.2133896	0.02343094	10.0	22.088528	4.379152	31.529537	-0.6917719	1.8363253	0.71060115	5.8612905	0.90850765	22.314608	101998	388000.0	24285.079774856567
98	10.607178	0.0	7.4203606e-05	0.053525772	14.624659	14.624074	0.23350607	-11.528883	-32.59755	2.3222437	2.333183	0.023191223	10.0	22.5148	3.6076958	31.6678	13.856623	1.7139201	0.60628647	4.485832	0.9076562	22.18232	102998	392000.0	24553.84752035141
99	10.704214	0.011299435	6.741494e-05	0.054205894	14.548907	14.550934	0.23486671	-11.274679	-31.739695	2.115272	2.1225464	0.02256962	10.0	22.405605	4.3331795	29.900639	-0.43474957	1.7961181	0.6196817	5.0712485	0.90761787	22.548023	103998	396000.0	24831.17093348503
100	10.801008	0.016666668	6.089474e-05	0.05468482	14.8861685	14.885988	0.23120221	-12.016656	-35.22912	2.601315	2.611424	0.023257043	10.0	21.944014	4.534627	31.10224	0.95246124	1.7364944	0.5445935	4.5398974	0.66589546	22.283333	104998	400000.0	25116.754482746124
101	10.89799	0.0055555557	5.5183737e-05	0.054236963	14.696854	14.697244	0.23151948	-11.483171	-33.37547	2.1622953	2.1709986	0.022760702	10.0	22.493082	4.17089	29.67089	-0.57067704	1.7614361	0.6319067	4.5353613	0.66445416	22.316668	105998	404000.0	25396.181201696396
102	10.994651	0.011173184	5.0057835e-05	0.05454841	14.92711	14.926225	0.22797048	-11.9724455	-35.20426	2.402451	2.4134164	0.022441149	10.0	22.301466	4.2661705	31.450035	-1.1320382	1.8442594	0.73100036	4.565662	0.9076539	22.217876	106998	408000.0	25688.548784017563
103	11.09218	0.0055555557	4.541195e-05	0.05410766	14.852537	14.853767	0.23009159	-11.696746	-34.544033	2.3526528	2.3595824	0.022886327	10.0	22.529625	3.828571	31.415535	-0.020216828	1.7384415	0.60768455	4.203706	0.90773124	22.355556	107998	412000.0	25969.762697458267
104	11.18881	0.016759777	4.1093637e-05	0.0537547	14.985511	14.985997	0.22704127	-11.996496	-36.14096	2.3798292	2.3909638	0.022426208	10.0	22.044111	4.836579	30.077583	-6.647318	1.7607005	0.60527873	4.0102825	0.90723133	22.379889	108998	416000.0	26241.95254468918
105	11.285921	0.0	3.7339418e-05	0.052639022	15.010203	15.010686	0.22497891	-11.974175	-34.950317	2.3213093	2.3339086	0.02213046	10.0	22.56386	3.9458222	31.986778	9.985173	1.7945698	0.5839914	4.91423	0.90774643	22.451977	109998	420000.0	26518.1655023098
106	11.383064	0.010989011	3.391163e-05	0.05222131	14.896543	14.897415	0.2277645	-11.580902	-33.726578	2.096032	2.1025782	0.02185979	10.0	22.5605	3.9749436	30.231657	1.5892909	1.7296486	0.65131766	4.774886	0.6646966	22.087912	110998	424000.0	26789.92969107628
107	11.480035	0.011111111	3.074282e-05	0.053442445	15.230306	15.230753	0.22136796	-12.363481	-37.703587	2.4572597	2.4634454	0.022072507	10.0	22.295666	4.278177	31.2932	2.5582807	1.8162086	0.71463615	4.568803	0.66528916	22.133333	111998	428000.0	27079.344452619553
108	11.576525	0.016666668	2.7808364e-05	0.053119704	15.23748	15.235203	0.2217529	-12.241041	-36.486923	2.4720724	2.481812	0.021820873	10.0	22.037878	3.8848617	31.21919	7.7028327	1.8432046	0.7597302	5.946409	0.9092901	22.216667	112998	432000.0	27425.466275930405
109	11.673765	0.0055555557	2.5239886e-05	0.053167604	15.195682	15.196058	0.22285156	-12.091183	-37.090084	2.3341	2.3425992	0.021794625	10.0	22.434864	4.028359	31.767841	1.8964952	1.7292632	0.5715824	4.0211606	0.9093241	22.177778	113998	436000.0	27707.061782360077
110	11.771141	0.011173184	2.2884167e-05	0.05077268	15.180742	15.180209	0.22267678	-11.932129	-36.33388	2.1442206	2.1490133	0.021383224	10.0	22.297688	4.155589	30.727116	-0.11238131	1.8586189	0.6489642	4.393026	0.91850823	22.491621	114998	440000.0	27988.09529519081
111	11.868238	0.0056179776	2.0798288e-05	0.051372413	15.287254	15.287707	0.2192068	-12.233687	-37.206993	2.3340394	2.338647	0.021203617	10.0	22.21982	4.1935396	30.85989	2.2851534	1.8818763	0.7123172	6.0317535	0.6655048	22.426966	115998	444000.0	28278.753878593445
112	11.964752	0.0	1.8843499e-05	0.051260117	15.37232	15.370518	0.21876386	-12.325859	-38.092407	2.3593943	2.3696191	0.021157246	10.0	21.898476	4.2812386	32.769154	0.4822476	1.7859633	0.5910198	4.042735	0.9081131	22.223463	116998	448000.0	28554.59454870224
113	12.061373	0.005586592	1.704635e-05	0.052213944	15.605313	15.607636	0.21274194	-12.933719	-41.200726	2.5404136	2.541049	0.021037562	10.0	22.725859	4.0679674	31.990635	3.9797065	1.7450724	0.5971348	4.4264603	0.90771836	22.547485	117999	452000.0	28810.37693977356
114	12.158291	0.0	1.5477512e-05	0.050993025	15.26778	15.267137	0.21888258	-11.942521	-36.56579	2.070955	2.0752962	0.02086562	10.0	22.438341	3.6208055	29.343834	12.436103	1.7879846	0.62477964	4.1906056	0.66545516	22.548023	118998	456000.0	29056.692895889282
115	12.25523	0.0	1.4056863e-05	0.051129714	15.38134	15.380174	0.21449445	-12.211698	-38.27677	2.1861455	2.190626	0.020605342	10.0	22.553736	4.1369023	29.597126	0.93870527	1.818619	0.6818169	4.9394603	0.69613206	22.333334	119998	460000.0	29300.160762548447
116	12.352338	0.0054644807	1.2760346e-05	0.05197192	15.481834	15.482482	0.21465191	-12.302153	-38.618603	2.3183506	2.3197467	0.020849343	10.0	22.219484	4.245495	30.976757	1.8712677	1.8055323	0.66996753	4.584991	0.908497	22.10929	120998	464000.0	29540.95741057396
117	12.449348	0.011363637	1.1563709e-05	0.05126035	15.551849	15.549617	0.21361929	-12.454747	-39.514713	2.3231094	2.329481	0.020512188	10.0	21.710747	3.9745762	30.900967	0.51273316	1.907933	0.674628	4.295156	0.6602208	22.52841	121998	468000.0	29786.917846679688
118	12.547088	0.011111111	1.0518432e-05	0.049671505	15.361627	15.361149	0.21541248	-11.911687	-37.54141	1.9544077	1.9570768	0.020396743	10.0	22.480675	4.437253	32.044033	0.90475357	1.7639904	0.5587431	4.634478	0.90839946	22.272223	122998	472000.0	30030.405032873154
119	12.643296	0.010869565	9.5256455e-06	0.049243692	15.587536	15.588055	0.2096345	-12.562903	-40.17126	2.3210971	2.3225806	0.01989069	10.0	22.36756	4.1781335	32.041485	4.601534	1.7910173	0.6997163	4.7216043	0.7350449	21.875	123999	476000.0	30281.73667526245
120	12.73985	0.005524862	8.622473e-06	0.05003639	15.589128	15.589102	0.2094409	-12.468532	-40.23225	2.2857864	2.2901142	0.020352447	10.0	22.125168	4.4740243	31.12273	0.79400736	1.8291023	0.7455998	6.01532	0.6645877	22.121548	124998	480000.0	30527.096915960312
121	12.837272	0.022222223	7.817753e-06	0.05027699	15.531075	15.530756	0.21086523	-12.280267	-40.28178	2.1783774	2.181614	0.020150669	10.0	21.914015	4.507972	32.737255	0.6012398	1.8377321	0.6559912	3.9146361	0.90811336	22.044445	125998	484000.0	30781.677885055542
122	12.933844	0.016483517	7.0908154e-06	0.049060665	15.654821	15.656296	0.2071442	-12.573187	-40.900486	2.22514	2.2290788	0.01986943	10.0	22.075598	4.414661	31.319689	-0.5738699	1.8673565	0.6682118	4.667094	0.90983737	22.252747	127000	488000.0	31032.219618082047
123	13.030264	0.011111111	6.4132405e-06	0.04943577	15.775789	15.7769	0.20504516	-12.821035	-42.73917	2.34785	2.342609	0.019872265	10.0	21.910385	4.5395875	31.151394	0.14606728	1.7364779	0.5733059	4.1940465	0.6654752	21.977777	127998	492000.0	31269.974030971527
124	13.127166	0.022099448	5.825876e-06	0.050583467	15.512539	15.51315	0.20826633	-12.072418	-39.7845	1.9261593	1.9317827	0.019370798	10.0	21.760313	4.6374164	31.141792	1.7450954	1.7816879	0.6704774	4.041454	0.90920115	22.165747	128998	496000.0	31513.371768951416
125	13.225485	0.011049724	5.296313e-06	0.050060246	15.552473	15.55198	0.20916452	-12.1439	-40.399853	1.9855642	1.9877832	0.019615207	10.0	22.15259	4.2357364	29.852156	0.87017417	1.8221024	0.63780314	4.322121	0.89465135	22.088398	129998	500000.0	31752.37278652191
