Epoch	AveragePenalty	StdPenalty	AverageCrash_counter	StdCrash_counter	Crash_ratio	AverageEpRet	StdEpRet	MaxEpRet	MinEpRet	AverageEpCost	StdEpCost	MaxEpCost	MinEpCost	EpLen	AverageVVals	StdVVals	MaxVVals	MinVVals	TotalEnvInteracts	LossPi	LossV	LossVC	DeltaLossPi	DeltaLossV	DeltaLossVC	Entropy	KL	ClipFrac	StopIter	Time
0	1.05	0.0	129.0	0.0	0.6753927	-6.4254923	8.83818	18.896406	-21.950132	4.5928617	1.2555661	8.022996	1.1672205	16.670156	0.035153307	0.025685929	0.08943659	-0.083577886	4000	1.8626451e-08	164.46399	10.268448	-0.010671128	-63.46486	-9.140303	1.6075671	0.012622512	0.2805	7.0	157.03053092956543
1	1.1000615	0.0	127.0	0.0	0.6614583	-5.211148	8.956369	16.54146	-21.227093	4.93662	1.547008	9.229944	1.8283812	17.890625	-5.06253	5.1694174	6.2256227	-16.601683	8000	3.7252903e-09	92.65213	1.5796968	-0.007004451	-4.1370525	-0.117427126	1.5872633	0.01271206	0.27275002	11.0	310.76754784584045
2	1.1499381	0.0	125.0	0.0	0.5707763	-2.882194	8.823959	23.690018	-21.187647	4.420651	1.4080119	8.157849	1.1842507	17.995434	-3.247657	3.7793999	6.664955	-11.82713	12000	-1.6763806e-08	95.30003	1.7526107	-0.0061882846	-44.85251	-0.2253024	1.5595002	0.014636479	0.26275	8.0	461.0171217918396
3	1.1996	0.0	68.0	0.0	0.48920864	-0.68467134	10.718362	20.733437	-27.885626	4.202092	1.4584554	8.506062	0.864404	18.94964	2.6386585	3.6808996	11.64982	-5.0464964	16000	4.4703484e-08	325.57898	1.1456002	-0.008584537	-195.29834	-0.12617247	1.5298069	0.01215969	0.282	10.0	620.7149348258972
4	1.2490605	0.0	92.0	0.0	0.4509804	0.43202603	9.932978	21.170683	-18.193415	4.0724096	1.44215	8.413505	0.9412967	19.32353	-0.58667415	6.2063866	10.932078	-15.386869	20000	3.0733645e-08	132.77533	1.6160591	-0.0071778577	-76.635796	-0.09134072	1.4151096	0.01207921	0.0335	16.0	776.6396155357361
5	1.2982963	0.0	98.0	0.0	0.47115386	0.6005302	10.459743	26.435503	-19.22341	3.926769	1.5293597	9.357353	1.1484306	19.086538	3.355057	2.725158	8.463277	-4.257844	24000	7.450581e-09	60.734367	1.5848076	-0.016968843	-4.587862	-0.0762133	1.3244017	0.01203721	0.13174999	43.0	930.8481559753418
6	1.3472264	0.0	76.0	0.0	0.3838384	3.2237525	10.406665	24.824812	-21.810064	3.7203972	1.4639285	7.8420963	0.9295654	19.989899	3.8662794	3.606926	9.891667	-4.3631487	28000	-1.1175871e-08	57.41845	1.495681	-0.008095536	-4.9973583	-0.13907592	1.3059237	0.013030931	0.15175	11.0	1082.873452425003
7	1.3955933	0.0	63.0	0.0	0.32474226	5.7207146	10.280602	25.232367	-17.345371	3.3193438	1.4793956	7.1175933	0.9138426	20.402061	5.7436104	2.9027815	9.84047	-5.882631	32000	3.7252903e-09	50.46777	1.3646891	-0.016433666	-3.6011581	-0.11624384	1.1710693	0.0084219165	0.124	79.0	1238.421957731247
8	1.4435426	0.0	64.0	0.0	0.32820514	6.1545024	10.233622	24.64607	-17.615599	3.3154998	1.4380611	7.6843705	0.9218594	20.225641	6.682893	2.6734955	10.126458	-3.2049916	36000	3.7252903e-09	50.52579	1.2673525	-0.01564148	-3.7804632	-0.027711809	1.1382504	0.010467386	0.122	79.0	1394.5196669101715
9	1.4909307	0.0	62.0	0.0	0.31632653	7.51753	10.183919	27.415785	-13.751937	3.0587442	1.3918505	7.7458215	0.8984054	20.234694	7.6865487	2.3645275	11.360162	-5.669201	40000	-1.1175871e-08	44.991684	1.0487156	-0.016288165	-3.333396	-0.06787458	1.138273	0.012074765	0.15175	37.0	1548.0245904922485
10	1.5377034	0.0	49.0	0.0	0.2606383	9.914716	9.520385	27.81019	-14.342805	2.884133	1.1584463	6.259928	0.9349966	21.021276	8.3061285	3.164152	13.106141	-8.283029	44000	9.313226e-09	42.90405	0.8392851	-0.013353065	-4.561658	-0.086008415	1.0893383	0.012037841	0.10825	43.0	1700.538160085678
11	1.5839353	0.0	48.0	0.0	0.25668448	11.453289	9.97646	25.151009	-10.472439	2.8339465	1.2617134	6.6371617	0.93154997	21.06417	9.404684	2.1207585	13.696477	-2.8973417	48000	1.0244548e-08	42.73983	0.8535845	-0.014209976	-2.4987116	-0.051913798	1.0270599	0.010641833	0.10699999	79.0	1853.307222366333
12	1.6297876	0.0	56.0	0.0	0.28865978	11.858718	9.788567	26.337547	-11.899312	2.8830366	1.1486526	6.661852	0.90888125	20.350515	10.073963	2.416871	14.875934	-2.5645437	52000	3.7252903e-09	41.413383	0.8074236	-0.011129016	-2.9181633	-0.034125566	0.9517312	0.008479694	0.087	79.0	2004.1356937885284
13	1.675124	0.0	44.0	0.0	0.23404256	13.466165	9.296551	28.724848	-9.767229	2.6863463	1.1605575	6.0923157	0.93837464	21.015957	10.85687	2.418083	15.6711235	-0.004715834	56000	1.4901161e-08	37.29462	0.73417735	-0.00826804	-1.357172	-0.016511738	0.88045925	0.012299724	0.1315	16.0	2155.506367444992
14	1.7199184	0.0	44.0	0.0	0.24043716	14.021311	9.195723	28.379429	-8.165817	2.5793676	1.1138827	5.33329	0.90846545	21.612022	11.318305	2.5859048	16.593225	3.3554907	60000	-9.313226e-09	36.453537	0.6788181	-0.008315792	-1.6990762	-0.024501681	0.82761544	0.005245079	0.07	79.0	2312.3501319885254
15	1.7643267	0.0	46.0	0.0	0.24468085	13.990991	9.434421	29.200294	-5.079732	2.6324384	1.1915208	7.2338457	0.90867233	21.079786	11.182795	2.2703943	15.960789	3.7062654	64000	-7.450581e-09	37.31894	0.7312541	-0.010405589	-4.364347	-0.026287287	0.811441	0.012686808	0.085250005	24.0	2465.5300619602203
16	1.8083072	0.0	53.0	0.0	0.27319586	14.6102915	9.656312	27.981195	-5.176015	2.535417	1.1651102	5.7855153	0.67097074	20.407217	11.774565	2.906905	18.989622	2.033461	68000	-1.21071935e-08	36.49934	0.7116689	-0.011138586	-4.7305417	-0.019245058	0.7638035	0.0079501765	0.072500005	79.0	2618.9160594940186
17	1.8516251	0.0	34.0	0.0	0.18085106	16.670465	8.408307	28.263784	-4.3803344	2.2803133	1.0377014	6.0252175	0.65500695	21.138298	11.868326	3.4170182	18.411673	2.7207336	72000	1.8626451e-09	27.925642	0.5665896	-0.011057747	-4.243254	-0.03402283	0.70673835	0.007180726	0.0775	79.0	2770.1180448532104
18	1.8944436	0.0	34.0	0.0	0.1827957	17.025211	8.786213	27.80245	-3.5976772	2.3306935	0.9333102	5.3069887	0.67686063	21.188171	12.77635	3.2560358	19.290768	2.6538868	76000	-9.313226e-10	27.715008	0.42685777	-0.010241354	-3.0847502	-0.025468864	0.6668901	0.009234317	0.067	79.0	2919.4896535873413
19	1.9369153	0.0	44.0	0.0	0.22916667	16.025679	9.253487	29.353834	-7.311685	2.389283	1.0299555	5.5087214	0.9246134	20.692709	12.745082	3.272015	19.850344	2.6600878	80000	-1.8626451e-09	28.294258	0.546422	-0.004265381	-3.9881997	-0.01960937	0.6496978	0.012882911	0.13525	12.0	3065.538780927658
20	1.9792002	0.0	39.0	0.0	0.20855615	16.33522	8.9734535	28.905771	-6.393163	2.469986	1.0207072	5.4771204	0.91109663	21.171124	12.663711	3.7751167	19.793264	-1.8850334	84000	3.7252903e-09	24.659317	0.4885385	-0.009391516	-3.2727165	-0.014325626	0.6948517	0.0071044643	0.052	79.0	3212.557149887085
21	2.0213141	0.0	39.0	0.0	0.21081081	16.692396	9.3916	29.778986	-8.535975	2.450477	1.1080226	5.7897882	0.915297	21.367567	12.784562	4.026866	20.01387	-0.3466051	88000	1.1175871e-08	25.478878	0.56715274	-0.010166578	-4.128707	-0.036028042	0.6601984	0.008612976	0.06075	79.0	3362.896630048752
22	2.0632021	0.0	35.0	0.0	0.19125684	17.369247	8.746466	28.333681	-3.5800328	2.3779678	1.0649861	6.242985	0.92011154	21.590164	13.030303	4.32602	20.751629	-6.669001	92000	-7.450581e-09	23.468391	0.548639	-0.009846272	-2.5359392	-0.06083215	0.63850427	0.004205417	0.111	79.0	3511.3375997543335
23	2.1048546	0.0	45.0	0.0	0.23316061	16.754179	9.269261	29.07841	-4.89675	2.3371358	1.107348	5.628161	0.89648914	20.585493	13.0140915	4.5343175	20.181889	-0.6234266	96000	3.7252903e-09	25.796375	0.54489803	-0.0092436755	-3.3037505	-0.060745113	0.6343535	0.0049015395	0.043250002	79.0	3661.772878408432
24	2.1463761	0.0	38.0	0.0	0.2054054	16.96697	9.318986	33.932686	-10.401454	2.3845828	1.1398596	6.126212	0.6675578	21.35135	13.334178	4.176541	20.198793	-4.2983136	100000	-1.8626451e-09	22.726788	0.51828766	-0.009166138	-2.837237	-0.06004695	0.62613314	0.006813209	0.07075	79.0	3812.6480729579926
25	2.1878958	0.0	41.0	0.0	0.21693122	16.808247	9.348012	30.522633	-4.184674	2.4597135	1.134184	6.147017	0.9229403	20.94709	12.454094	5.1002703	20.733034	-3.5689247	104000	4.656613e-10	22.815197	0.4596911	-0.01055627	-4.286233	-0.07042771	0.60176647	0.0049780156	0.058750004	79.0	3960.942584991455
26	2.2292833	0.0	29.0	0.0	0.160221	17.745502	8.367924	28.667265	-4.6629696	2.3486726	1.1191522	6.135061	0.9007166	21.895027	13.143723	4.8628817	21.070059	-2.912441	108000	1.0011718e-08	23.271912	0.4535369	-0.009419572	-4.206491	-0.09654734	0.5785177	0.0051474045	0.062000003	79.0	4110.152977228165
27	2.2706208	0.0	39.0	0.0	0.20855615	17.049017	9.360202	29.165125	-4.904944	2.387601	1.1100698	5.7005963	0.9149331	21.181818	13.398574	4.186994	19.682964	-3.9618523	112000	-7.450581e-09	22.920586	0.3800226	-0.008704046	-3.550641	-0.051946044	0.55929756	0.006549394	0.06725	79.0	4259.252852678299
28	2.3121676	0.0	53.0	0.0	0.2746114	15.280997	9.629454	29.121778	-4.125309	2.5682592	1.1637731	5.936079	0.9232862	20.564766	12.932691	4.8678727	20.362429	-3.1429389	116000	-1.3038516e-08	25.320635	0.41776	-0.005553963	-4.321066	-0.050921485	0.56772155	0.012117299	0.1015	12.0	4406.752093076706
29	2.3534844	0.0	27.0	0.0	0.14917128	18.167835	8.24147	31.16588	-7.1297956	2.2476077	1.0171645	5.2705226	0.8904119	21.889503	12.798062	4.810731	20.038256	-5.2399836	120000	-7.450581e-09	21.992882	0.36073673	-0.009334158	-4.4379563	-0.06843678	0.49624306	0.003547994	0.06025	79.0	4556.311851739883
30	2.3945534	0.0	26.0	0.0	0.1420765	18.895327	8.082174	29.286013	-2.1535747	2.2066493	0.9257359	4.9435773	0.92207164	21.688524	13.483973	4.1391625	20.669249	-2.9585989	124000	-1.3969839e-09	18.412407	0.26117128	-0.009209491	-2.035546	-0.023674253	0.4940961	0.0063831815	0.059750002	79.0	4705.3937292099
31	2.4355507	0.0	29.0	0.0	0.15934066	18.03077	8.611254	28.352858	-4.5824957	2.3039038	1.0376992	5.511875	0.6677923	21.71978	14.089096	4.273563	21.370127	-3.0626748	128000	5.5879354e-09	18.388935	0.29387766	-0.008995397	-2.990034	-0.05535503	0.4716605	0.0052863183	0.051	79.0	4855.568218708038
32	2.4766166	0.0	40.0	0.0	0.21052632	17.520435	9.219892	31.954245	-4.545205	2.3889897	1.103524	5.785698	0.6668341	20.968422	13.419825	5.144477	21.058035	-7.082691	132000	1.2572855e-08	18.838383	0.28467396	-0.008431938	-2.7127159	-0.0443736	0.50961924	0.0059564086	0.05525	79.0	5005.355826854706
33	2.5179534	0.0	45.0	0.0	0.23809524	16.309664	9.469259	31.178837	-6.5221124	2.5309286	1.1789857	5.9971614	0.9128662	20.957672	13.218799	5.103458	21.013922	-4.986277	136000	-1.8626451e-09	20.28067	0.41275865	-0.010868106	-3.2844527	-0.08324577	0.49695054	0.012036726	0.074750006	72.0	5157.491273641586
34	2.5591416	0.0	29.0	0.0	0.15934066	18.315207	8.327185	29.480127	-2.611878	2.2432764	1.0745618	5.4810805	0.9092365	21.708792	13.509742	4.6692095	21.616377	-7.737411	140000	-7.450581e-09	18.539484	0.31024563	-0.0091881305	-3.8334663	-0.044489536	0.43362987	0.006517281	0.103	79.0	5310.2076716423035
35	2.600206	0.0	37.0	0.0	0.1957672	18.40553	8.767538	29.83507	-3.8728483	2.2401476	1.0399936	4.839838	0.9098123	21.005291	13.129169	5.015566	22.457863	-7.1119075	144000	-1.3038516e-08	22.686298	0.2981984	-0.0049809795	-4.755004	-0.04823708	0.44978723	0.0030435112	0.026250001	79.0	5461.840373754501
36	2.6410758	0.0	31.0	0.0	0.16847827	18.009398	8.504691	30.649456	-13.16018	2.173785	1.0827619	6.7207203	0.6673628	21.581522	14.182535	4.6569004	22.627047	-4.0995755	148000	8.381903e-09	16.087444	0.2723272	-0.011078649	-3.3219414	-0.057594817	0.39322203	0.0070984513	0.05025	79.0	5614.441025495529
37	2.6819222	0.0	26.0	0.0	0.14444445	18.894537	7.943452	33.168705	-4.5440526	2.2679498	1.0547712	6.209242	0.6673615	21.933332	13.528238	4.854544	21.56096	-7.752789	152000	2.7939677e-09	17.190893	0.31244987	-0.009049877	-3.3948383	-0.055857833	0.41166556	0.0057326322	0.0485	79.0	5765.13024687767
38	2.7226696	0.0	23.0	0.0	0.12849163	19.535727	7.9959188	30.223656	-6.8866158	2.2061925	0.96913683	5.5619006	0.9103262	22.206703	14.116752	4.3907585	21.073154	-6.0301156	156000	-4.656613e-09	18.942568	0.30239815	-0.0090708975	-2.3467658	-0.059910562	0.37844253	0.005338587	0.056	79.0	5915.177060127258
39	2.7635217	0.0	39.0	0.0	0.20855615	17.380661	9.167798	30.883974	-5.812358	2.3288412	1.1357183	6.1608686	0.66717446	21.203209	13.614706	5.0388017	21.65184	-5.3329573	160000	1.8626451e-08	16.682516	0.30749154	-0.006917279	-3.7616687	-0.076608375	0.39433393	0.0031880322	0.03825	79.0	6065.722774982452
40	2.804361	0.0	29.0	0.0	0.160221	18.815697	8.373491	31.173605	-4.7680225	2.2486587	0.9963358	7.334221	0.9095364	21.922651	13.8092575	5.09102	21.825186	-5.628202	164000	6.519258e-09	16.461288	0.32552993	-0.0072757853	-2.7680037	-0.10603734	0.35545897	0.001685137	0.04225	79.0	6215.7164306640625
41	2.8451786	0.0	44.0	0.0	0.23280424	17.75617	9.504702	29.217558	-7.885398	2.233445	1.0035236	4.7983236	0.81164014	20.761906	14.091827	4.8698335	21.52109	-6.0096097	168000	8.381903e-09	18.622799	0.2077465	-0.007679673	-4.526335	-0.050986573	0.33836722	0.012384355	0.042499997	19.0	6365.208789587021
42	2.8859003	0.0	39.0	0.0	0.20634921	18.027111	9.153409	31.05543	-4.3802137	2.1751153	1.0248016	5.8784304	0.66705614	20.915344	13.3851795	5.4493556	22.062178	-5.6416125	172000	-3.7252903e-09	19.239698	0.2654781	-0.008935635	-5.313262	-0.059531305	0.37241176	0.0023028445	0.046499997	79.0	6516.213140010834
43	2.9266393	0.0	38.0	0.0	0.20320855	17.614323	9.114638	31.39061	-3.7859595	2.2353544	1.0427405	4.883948	0.9095863	21.13369	13.504068	5.135947	22.563738	-5.9038568	176000	-1.8626451e-09	19.408798	0.24549441	-0.007913124	-3.3185382	-0.053377565	0.3348611	0.009760572	0.09325	79.0	6667.911895513535
44	2.9675038	0.0	42.0	0.0	0.22580644	17.168657	9.160314	29.383001	-3.7228358	2.2995095	1.0654316	5.5141654	0.8793356	21.215054	13.575428	4.957178	22.192053	-7.18846	180000	-3.7252903e-09	16.443058	0.22741903	-0.00817816	-3.2703774	-0.038933884	0.3416214	0.006787925	0.042000003	79.0	6820.790154457092
45	3.008429	0.0	36.0	0.0	0.19354838	17.505066	8.72617	29.207413	-3.994464	2.258694	1.0256814	5.6221323	0.91242754	21.198925	13.30428	5.0624557	21.723116	-6.7226186	184000	-9.313226e-09	19.388147	0.24096668	-0.008532893	-2.7273746	-0.040480703	0.35139683	0.0038062595	0.042999998	79.0	6975.41287446022
46	3.04937	0.0	32.0	0.0	0.17391305	18.16062	8.169552	29.121826	-1.5323051	2.2261918	0.96543914	4.851492	0.9091238	21.505434	13.42042	4.489045	23.333132	-6.2186847	188000	4.656613e-09	15.4962845	0.21406266	-0.006851955	-3.4039714	-0.045368083	0.3263254	0.001782113	0.03825	79.0	7128.576247215271
47	3.0904198	0.0	38.0	0.0	0.20652173	17.187487	9.001905	29.547255	-3.0888832	2.2801723	1.0118556	5.2170253	0.67232794	21.467392	13.403265	4.9144297	22.750067	-5.194336	192000	1.8626451e-09	18.529556	0.22233102	-0.0074836425	-3.1248558	-0.048269667	0.35299897	0.0033183761	0.046499997	79.0	7285.609600543976
48	3.1313286	0.0	27.0	0.0	0.14917128	18.466251	8.352031	30.349993	-3.5909448	2.1212516	0.9075721	4.5641994	0.89653546	21.889503	13.46993	4.520995	20.478312	-5.936736	196000	-8.381903e-09	16.851679	0.19852787	-0.0069813584	-3.405355	-0.04654379	0.32535574	0.0034331821	0.04075	79.0	7438.745135545731
49	3.1723063	0.0	30.0	0.0	0.16574585	17.7499	8.472948	29.588717	-12.202741	2.2380166	1.0693692	6.718697	0.9115732	21.839779	13.737784	4.7175164	22.193052	-4.825145	200000	-1.8626451e-09	18.283413	0.23838423	-0.008633193	-4.2971	-0.049675204	0.32291615	0.006771018	0.0475	79.0	7591.855768918991
50	3.2133381	0.0	38.0	0.0	0.2054054	17.93444	8.947971	31.357666	-2.7257257	2.2265618	1.0353596	5.8725634	0.87285167	21.32973	13.367985	4.730893	22.34361	-6.5651836	204000	-1.4901161e-08	16.735336	0.24345821	-0.0076213786	-3.7021277	-0.04326677	0.30735946	0.0061019342	0.086500004	79.0	7748.208511590958
51	3.2543864	0.0	42.0	0.0	0.22340426	16.869865	9.053175	27.685745	-2.3243785	2.2000108	0.9924721	5.2952642	0.6677571	21.047873	13.657758	5.18904	22.559717	-5.533782	208000	-1.1175871e-08	15.073005	0.21073845	-0.0073616123	-4.7265387	-0.039715588	0.33254808	0.008011345	0.04475	79.0	7903.0913417339325
52	3.295469	0.0	30.0	0.0	0.16759777	18.415684	8.540771	29.20779	-3.919679	2.2058604	1.0188823	5.113668	0.91239107	22.162012	13.133733	5.0681663	22.434912	-8.813371	212000	1.0244548e-08	16.235962	0.19922598	-0.007338335	-4.5162683	-0.04998587	0.34809345	0.0057255886	0.037	79.0	8059.962873697281
53	3.3363807	0.0	24.0	0.0	0.13483146	19.650448	7.8444767	28.574959	-2.8109605	2.0747747	0.94197536	5.193666	0.6676068	22.320225	14.294665	4.8396397	23.356014	-6.3437634	216000	5.5879354e-09	12.888004	0.19745126	-0.0065182084	-2.7436516	-0.034941383	0.3246709	0.006198073	0.045250002	79.0	8215.582658052444
54	3.37746	0.0	31.0	0.0	0.16666667	18.580887	8.755028	30.303476	-3.4108434	2.266525	0.98442584	5.227252	0.9120494	21.301075	14.020112	4.6207767	22.12001	-6.1227527	220000	-1.21071935e-08	21.16677	0.24511819	-0.008171635	-6.6248765	-0.063506275	0.35068575	0.00610604	0.0505	79.0	8368.85176897049
55	3.4186075	0.0	36.0	0.0	0.19354838	18.46794	8.844215	29.635891	-1.8661606	2.2099438	0.9738619	5.5489254	0.91151625	21.344086	14.060607	4.798724	22.999636	-7.123495	224000	-1.8626451e-09	17.865059	0.23373106	-0.008777358	-5.577529	-0.0633294	0.3260306	0.006796855	0.04325	79.0	8520.027033805847
56	3.459878	0.0	32.0	0.0	0.17297298	18.005447	8.668859	28.420687	-6.039621	2.242128	1.0042593	5.5408626	0.91049135	21.416216	13.651134	5.2836027	24.258266	-8.453077	228000	-3.7252903e-09	16.860344	0.24050464	-0.006527384	-4.2679443	-0.03921875	0.3516255	0.0026868246	0.039750002	79.0	8677.287429332733
57	3.5012228	0.0	30.0	0.0	0.16393442	18.352678	8.495465	31.679373	-4.192196	2.2144146	0.9625318	4.7719746	0.6677865	21.73224	13.468687	4.927368	23.39588	-6.344122	232000	-5.5879354e-09	15.758065	0.19431296	-0.0076050907	-4.6236544	-0.04509349	0.34302944	0.0020107308	0.044	79.0	8830.447554588318
58	3.5428152	0.0	35.0	0.0	0.19021739	17.625704	8.666381	28.875713	-2.7572541	2.3192003	0.9403991	4.824845	0.9097616	21.445652	13.607755	4.958418	23.975359	-7.6959667	236000	-7.450581e-09	14.815898	0.1851457	-0.007081254	-3.8540282	-0.042807877	0.3234343	0.0050139823	0.044749998	79.0	8982.683608055115
59	3.584309	0.0	33.0	0.0	0.17741935	18.638775	8.826193	29.377325	-3.401053	2.119721	0.97392005	4.78582	0.66658425	21.338709	13.783416	4.980343	23.549116	-7.006371	240000	-5.122274e-09	16.36323	0.16963896	-0.007105719	-4.983126	-0.036617853	0.30434486	0.00675312	0.049	79.0	9136.094101428986
60	3.6258142	0.0	26.0	0.0	0.1452514	19.073187	8.345922	33.35669	-5.9833374	2.174224	0.9910354	6.6213684	0.89660615	22.167597	13.799646	5.000694	22.508076	-6.6546226	244000	-3.7252903e-09	17.187634	0.23942071	-0.0072738947	-5.825445	-0.07009137	0.30941954	0.0066195596	0.039	79.0	9290.189722776413
61	3.6672866	0.0	30.0	0.0	0.16216215	18.53938	8.704516	30.711323	-3.17326	2.1433918	0.97673887	4.8188653	0.6675781	21.383783	14.023252	4.917203	25.081701	-6.6700015	248000	7.450581e-09	14.936312	0.21416558	-0.0036133924	-5.1368837	-0.091256715	0.2996661	0.012164343	0.09425	9.0	9443.848632335663
62	3.7090478	0.0	37.0	0.0	0.20108695	17.536816	9.013085	29.455538	-3.9748774	2.328526	1.0169455	5.605654	0.6653495	21.516304	13.66566	5.4011016	23.951744	-7.4026504	252000	-1.6763806e-08	15.232003	0.20938402	-0.007880791	-4.4783516	-0.057187393	0.30566442	0.0123044485	0.185	60.0	9598.328074455261
63	3.7509136	0.0	39.0	0.0	0.20967741	17.270514	9.384193	29.014753	-5.328402	2.231548	1.0241971	5.0384808	0.6839001	21.290323	13.314561	5.174819	24.9618	-7.283822	256000	-1.4901161e-08	18.174603	0.23729244	-0.0065035652	-6.0565405	-0.059137873	0.31193453	0.0033695637	0.09774999	79.0	9752.431904792786
64	3.7929657	0.0	32.0	0.0	0.17679559	17.710789	8.396996	29.771904	-4.1051707	2.2818198	1.0478826	5.6958084	0.66994023	21.900553	13.742582	4.8663883	24.760077	-5.3051057	260000	1.21071935e-08	14.913684	0.2391303	-0.0067938827	-4.485402	-0.063983425	0.31428316	0.0072521293	0.039499998	79.0	9909.242090463638
65	3.8349185	0.0	25.0	0.0	0.14124294	18.42407	8.135519	28.215935	-4.459695	2.1194975	0.8921642	5.269135	0.66765064	22.231638	13.532848	4.7649856	24.605213	-5.8884206	264000	6.9849193e-09	15.454325	0.16282219	-0.0065427353	-4.2601557	-0.03165442	0.3025132	0.004955201	0.029	79.0	10063.87546467781
66	3.8767645	0.0	19.0	0.0	0.10982659	19.67338	7.3043537	28.695435	-4.115299	2.1045718	0.9047098	5.9316373	0.91205734	22.924856	14.03609	4.354496	25.20729	-6.1739287	268000	-7.450581e-09	16.98922	0.17477095	-0.0077465177	-7.6956224	-0.05197671	0.2889142	0.0073835505	0.03675	79.0	10220.763377666473
67	3.9186094	0.0	28.0	0.0	0.1521739	18.055168	8.175396	28.429674	-12.426767	2.1550417	0.94491875	6.809417	0.9136977	21.51087	14.19842	4.392756	23.729605	-6.3424296	272000	-3.259629e-09	17.781841	0.1947394	-0.010524431	-7.4595394	-0.05364015	0.28450054	0.009737538	0.04375	79.0	10376.732069730759
68	3.9604182	0.0	30.0	0.0	0.16393442	18.392105	8.734961	29.121588	-6.0302043	2.1300268	1.0075898	5.759781	0.6633323	21.693989	13.668047	4.686555	24.382988	-8.063349	276000	-8.8475645e-09	16.113667	0.23154698	-0.009844716	-7.3816547	-0.09064311	0.27125332	0.009044576	0.10625	79.0	10530.418386936188
69	4.0023932	0.0	34.0	0.0	0.18681319	18.02825	8.7789955	29.723349	-6.702541	2.241074	1.0070918	5.398402	0.91516984	21.813187	13.231984	5.6036267	25.379972	-7.766194	280000	7.450581e-09	20.875534	0.282923	-0.007037619	-10.05931	-0.10878682	0.2783267	0.006116396	0.031	79.0	10684.519945144653
70	4.0446153	0.0	37.0	0.0	0.19786096	18.022238	8.766667	28.757982	-2.7196608	2.2938623	1.022697	5.235254	0.6676567	21.192513	13.939868	5.1238694	23.12878	-6.463565	284000	1.1175871e-08	13.568081	0.20220083	-0.008217362	-5.0667996	-0.049257558	0.24753708	0.00844355	0.048249997	79.0	10837.744818687439
71	4.0868564	0.0	30.0	0.0	0.16574585	18.176455	8.605943	30.440617	-4.249667	2.1723073	0.9637419	5.119314	0.66768134	21.961327	13.543084	5.3326526	23.145098	-6.152835	288000	-1.5366822e-08	16.449701	0.1985451	-0.007963553	-5.5915146	-0.06639202	0.29079556	0.006203938	0.0475	79.0	10992.735074520111
72	4.1289015	0.0	23.0	0.0	0.12921348	18.968317	8.096314	29.257095	-2.2110882	2.0458727	0.86566114	4.7624216	0.91064423	22.2809	13.91037	4.8527813	24.100683	-5.4392147	292000	0.0	12.326569	0.19391978	-0.008858015	-4.409145	-0.07721575	0.27748805	0.0060774563	0.045	79.0	11145.775419712067
73	4.1709747	0.0	35.0	0.0	0.19021739	17.867529	8.799952	30.55343	-3.2804995	2.1582465	1.0335057	5.5886602	0.6670397	21.402174	13.675539	5.1717467	23.765738	-7.574147	296000	-1.8626451e-09	13.282423	0.21220788	-0.00714039	-4.1442842	-0.05568565	0.2689286	0.0072345054	0.03525	79.0	11300.384103536606
74	4.213138	0.0	38.0	0.0	0.2010582	17.726694	8.820275	29.397509	-4.844223	2.191092	0.9069451	4.745234	0.6666982	20.957672	13.645182	5.4401736	23.474222	-7.172958	300000	5.5879354e-09	17.885109	0.24555159	-0.008282805	-6.5079923	-0.08758567	0.297705	0.0047074086	0.0365	79.0	11453.399525403976
75	4.255399	0.0	35.0	0.0	0.1891892	18.264437	9.170387	30.568169	-4.882044	2.1966994	1.0282913	5.2829103	0.66359544	21.275675	13.601947	5.020083	22.619703	-6.522273	304000	0.0	14.345877	0.19311696	-0.0072964043	-5.541486	-0.069018856	0.2694036	0.0057968274	0.039499998	79.0	11603.814329624176
76	4.297732	0.0	37.0	0.0	0.2	17.787142	9.13404	29.735216	-3.6859639	2.1837585	0.9372421	4.760602	0.6664478	21.291891	13.208797	5.985237	23.932152	-6.4495454	308000	-1.1175871e-08	14.927355	0.18769112	-0.008524973	-5.7076597	-0.059237428	0.28697398	0.004239902	0.040250003	79.0	11755.916983127594
77	4.3399863	0.0	30.0	0.0	0.16304348	18.68248	8.408296	29.091045	-2.787303	2.0993466	0.9138459	4.8362913	0.6754258	21.413044	14.311949	4.99605	24.475262	-7.0056567	312000	-5.122274e-09	13.151727	0.15774176	-0.005036408	-4.4246097	-0.04033284	0.26098263	0.0025835726	0.0235	79.0	11906.129403114319
78	4.3822017	0.0	27.0	0.0	0.14754099	18.61569	8.069454	28.412561	-3.9436216	2.1127446	0.9909583	5.637506	0.90873194	21.622952	13.99927	4.861469	23.540695	-6.457665	316000	3.7252903e-09	15.006538	0.22837381	-0.006783615	-5.6741314	-0.061864763	0.2605301	0.005365614	0.035	79.0	12059.190749645233
79	4.4245944	0.0	41.0	0.0	0.21925133	17.341646	8.965103	30.855518	-6.261729	2.2287881	0.9531132	5.1483436	0.6676951	21.2246	13.518072	5.0252004	23.362598	-7.8770843	320000	-7.450581e-09	17.256153	0.21314546	-0.009215489	-6.7218084	-0.045824997	0.28294563	0.008229691	0.043750003	79.0	12213.61553144455
80	4.4670215	0.0	36.0	0.0	0.19354838	17.354752	9.007382	30.652584	-2.6281338	2.1549025	0.8790527	4.3614855	0.6648134	21.462366	13.34697	5.4062605	22.852707	-8.481437	324000	-1.1175871e-08	17.864841	0.15803434	-0.00841229	-6.9928217	-0.05140435	0.26581657	0.0056130076	0.043250002	79.0	12366.991488695145
81	4.5093555	0.0	29.0	0.0	0.15846995	18.714823	8.158647	29.590288	-6.257142	2.0820177	0.9966017	6.894582	0.90904444	21.562841	14.103693	4.6205993	23.388224	-5.8143153	328000	-3.7252903e-09	14.690893	0.22800118	-0.008120631	-5.3242598	-0.06345628	0.24434859	0.009532347	0.039499998	79.0	12518.882474899292
82	4.55168	0.0	28.0	0.0	0.15384616	18.852415	8.156944	30.586226	-3.9741964	2.1195529	0.902433	4.901751	0.90888953	21.879122	13.509899	5.577728	23.937477	-9.440433	332000	0.0	18.391293	0.23473951	-0.008145979	-10.554777	-0.09947115	0.26510224	0.003840603	0.0855	79.0	12673.759338378906
83	4.593854	0.0	27.0	0.0	0.14754099	18.371952	8.149813	28.998648	-2.6574292	2.0370467	0.9111203	4.8681045	0.667137	21.63388	14.021462	4.9960833	25.670229	-6.4770365	336000	9.313226e-10	15.767398	0.161798	-0.0073812837	-6.023349	-0.05256723	0.24151273	0.006092979	0.038999997	79.0	12828.740656614304
84	4.63601	0.0	22.0	0.0	0.125	19.490267	7.8622413	29.763378	-8.743781	2.0983684	0.9820825	6.154803	0.67491436	22.431818	13.947543	4.5571566	24.58808	-9.1512165	340000	5.5879354e-09	15.786776	0.19398817	-0.0064679873	-6.3352804	-0.059404254	0.2408551	0.0042697284	0.036250003	79.0	12984.504403591156
85	4.678118	0.0	26.0	0.0	0.14285715	18.775377	7.8676715	29.530542	-4.142084	2.0771132	0.9551221	5.0739927	0.66767526	21.697802	14.460743	4.6120954	28.568836	-7.4337277	344000	1.1175871e-08	13.850388	0.15348357	-0.008356575	-6.3001146	-0.031740796	0.23579499	0.0067561725	0.0855	79.0	13138.026135206223
86	4.7206936	0.0	41.0	0.0	0.2228261	17.38455	9.509302	29.911545	-4.9452343	2.3560102	1.0821251	5.7417226	0.66621715	21.51087	13.392125	5.243307	22.831718	-7.3988156	348000	1.8626451e-09	18.937004	0.28747898	-0.009610289	-7.8503494	-0.1074242	0.26455778	0.0070636394	0.044	79.0	13294.509883642197
87	4.7633934	0.0	33.0	0.0	0.17837837	18.137234	8.690628	30.327362	-2.9504366	2.1900306	0.95873886	5.237126	0.9123804	21.502703	13.444632	5.3264546	23.873455	-9.702886	352000	7.450581e-09	17.608381	0.19455303	-0.008661702	-7.086973	-0.06882779	0.25077707	0.008320905	0.047250003	79.0	13451.924753904343
88	4.8058486	0.0	22.0	0.0	0.12021858	18.944418	7.615021	30.260761	-4.1151876	1.9913747	0.8637488	4.661883	0.8903502	21.628416	14.033304	4.847975	24.238663	-5.4762077	356000	0.0	15.497935	0.16572532	-0.009339997	-7.452058	-0.05349891	0.25241798	0.0045781126	0.03575	79.0	13607.72800564766
89	4.8483706	0.0	27.0	0.0	0.14917128	19.124744	8.169886	29.415995	-4.1237645	2.1442537	0.9432784	5.0056744	0.6727668	21.81768	13.652404	5.0197473	23.713629	-7.395409	360000	-1.1175871e-08	18.364311	0.22015902	-0.007695649	-7.9563923	-0.049866136	0.2571458	0.0039011412	0.03925	79.0	13762.700038194656
90	4.8910246	0.0	34.0	0.0	0.18478261	18.3313	8.78166	29.041224	-3.205215	2.1806922	1.0116673	5.5204105	0.6668974	21.608696	14.25117	4.784199	26.652617	-7.4702973	364000	-7.450581e-09	16.403366	0.21593133	-0.0071329726	-7.9706364	-0.06419413	0.22966486	0.0058981245	0.03275	79.0	13918.272713661194
91	4.93356	0.0	26.0	0.0	0.14444445	19.196522	8.031128	29.234514	-2.2742324	2.0480509	0.898588	5.294804	0.6693704	22.01111	14.193049	5.064749	25.335289	-6.7134905	368000	1.8626451e-09	20.41132	0.20148009	-0.008450426	-10.638854	-0.08264039	0.23556331	0.0069190664	0.096	79.0	14074.26460814476
92	4.975973	0.0	28.0	0.0	0.15555556	18.71413	8.422102	29.84728	-4.800388	2.0367072	0.9504583	5.3490252	0.89818686	21.944445	13.995026	4.8212657	26.432377	-7.4566493	372000	5.5879354e-09	14.702316	0.17114799	-0.009330704	-5.9063206	-0.0508136	0.22735457	0.006975528	0.1095	79.0	14232.35655283928
93	5.0182543	0.0	35.0	0.0	0.18716578	17.880468	8.946661	30.879349	-6.3777018	2.0213542	0.9483564	5.070245	0.66995686	21.128342	13.502231	4.9588556	25.778017	-5.154892	376000	1.3038516e-08	18.385618	0.21714291	-0.0093471715	-8.765293	-0.075978085	0.24740241	0.009416609	0.0375	79.0	14388.391989946365
94	5.0607915	0.0	36.0	0.0	0.19565217	17.665268	8.844333	29.707232	-2.0591578	2.2203887	0.9289508	4.6017923	0.6539002	21.331522	13.343236	5.4066744	27.617163	-8.892108	380000	0.0	16.78242	0.20823239	-0.007861	-7.2620363	-0.08162277	0.24885449	0.006956792	0.094749995	79.0	14543.469235897064
95	5.103277	0.0	24.0	0.0	0.13333334	18.481361	7.897278	28.778128	-3.4727328	2.0658495	0.837464	4.8662257	0.6677815	22.01111	13.849308	4.7192125	24.061022	-5.1665635	384000	1.8626451e-09	13.724533	0.19296876	-0.007487937	-6.5862083	-0.082171515	0.22933672	0.00227998	0.032250002	79.0	14702.826747894287
96	5.145873	0.0	35.0	0.0	0.18716578	18.466127	9.029651	32.68556	-3.3291535	2.1466699	0.94074506	4.9090447	0.91122186	21.128342	13.631842	5.268995	23.660952	-7.499576	388000	-3.7252903e-09	16.8017	0.19051167	-0.0077834586	-7.035865	-0.056283765	0.22531335	0.009267524	0.04575	79.0	14858.722704172134
97	5.188582	0.0	33.0	0.0	0.18232045	17.534725	8.586457	29.504957	-4.620021	2.1515183	0.98359275	5.386478	0.6667287	21.801105	13.826786	5.032539	24.697544	-6.8476334	392000	0.0	17.163769	0.20369315	-0.0075686066	-7.913006	-0.080712914	0.2214829	0.005326474	0.0355	79.0	15013.725619792938
98	5.23125	0.0	29.0	0.0	0.160221	18.385855	8.159295	30.52998	-1.8027811	2.0722773	0.9413265	4.961777	0.66654277	21.740332	13.44589	4.705403	26.37285	-8.0606165	396000	9.778887e-09	17.072859	0.2252883	-0.008566258	-8.916983	-0.0936888	0.21093176	0.0071201837	0.038000003	79.0	15167.29920721054
99	5.273776	0.0	20.0	0.0	0.11235955	20.214012	7.125455	30.309809	-3.6293824	2.0133615	0.874926	5.0044947	0.6802114	22.258427	14.113577	4.443794	25.80868	-5.641709	400000	3.7252903e-09	16.182878	0.1927776	-0.0062860018	-7.889066	-0.06277339	0.19326183	0.0062847286	0.07325	79.0	15322.177863836288
100	5.3163447	0.0	33.0	0.0	0.17934783	18.399488	8.986171	30.624744	-5.327553	2.100846	0.9459622	5.652103	0.66415656	21.516304	14.452457	5.0006065	25.570993	-6.2509775	404000	-7.450581e-09	15.38069	0.15392661	-0.008364266	-7.987833	-0.06523379	0.20161915	0.0073817368	0.03825	79.0	15479.37041592598
101	5.358901	0.0	29.0	0.0	0.15934066	18.413517	8.229017	28.074492	-3.1950607	2.0709949	0.89122766	4.8599753	0.91189736	21.73077	14.235585	5.1317925	25.02449	-6.2648244	408000	3.7252903e-09	16.87659	0.18610276	-0.0071570165	-7.6487274	-0.06727344	0.20702985	0.0013866893	0.030000001	79.0	15636.878212928772
102	5.40138	0.0	26.0	0.0	0.1436464	18.84395	8.197734	30.7217	-5.4516315	2.0330439	0.85370916	5.0706987	0.66764045	21.79558	13.755104	4.7880573	25.002302	-10.0371065	412000	-3.7252903e-09	16.200672	0.20000851	-0.008064073	-7.3108616	-0.080200434	0.21461926	0.0051430548	0.0375	79.0	15791.836753606796
103	5.443908	0.0	33.0	0.0	0.18032786	18.02876	8.698612	29.861946	-2.7615402	2.0928543	0.8713997	4.1012506	0.67034006	21.5847	13.729496	5.076492	24.658873	-7.1998787	416000	-4.656613e-10	15.922024	0.14474103	-0.0096511	-8.484957	-0.054098073	0.2187517	0.008949462	0.09275	79.0	15946.323862552643
104	5.4862914	0.0	22.0	0.0	0.12087912	19.129307	7.5674877	28.143278	-1.5139414	1.9904561	0.9053434	5.3918104	0.6677117	21.747253	14.218925	4.5983996	27.534916	-5.877255	420000	1.8626451e-09	18.92918	0.19672683	-0.008395433	-10.133724	-0.07576325	0.21182767	0.0053145234	0.038000003	79.0	16100.168072938919
105	5.5285406	0.0	23.0	0.0	0.12777779	18.831104	7.8690014	29.166819	-3.709454	1.9855692	0.8440687	4.592567	0.6669615	21.88889	13.985134	4.6900945	24.022268	-13.226873	424000	5.5879354e-09	16.655481	0.19782378	-0.007755011	-8.570417	-0.09480995	0.22489373	0.0034295921	0.0365	79.0	16256.404294729233
106	5.57096	0.0	33.0	0.0	0.17837837	18.523445	8.716972	28.69202	-3.380601	2.1355233	0.97201186	5.1641717	0.6676141	21.394594	13.769416	5.3058343	23.483915	-8.376535	428000	3.7252903e-09	14.804797	0.18323621	-0.008032792	-7.35124	-0.06184076	0.2200697	0.0030775853	0.0405	79.0	16411.920887231827
107	5.613504	0.0	33.0	0.0	0.17934783	17.781546	8.7605715	29.284922	-4.788436	2.1177454	0.9361789	5.190491	0.64768386	21.440218	13.6634035	5.221343	26.414684	-8.437138	432000	2.7939677e-09	15.150197	0.16540837	-0.0077029536	-7.666665	-0.06319386	0.23188227	0.004200618	0.04025	79.0	16565.38195872307
108	5.656072	0.0	23.0	0.0	0.12849163	19.145266	8.207777	33.57991	-6.566343	2.069186	0.9571697	5.4715843	0.6662205	22.17877	13.880364	5.0148754	24.155565	-9.766525	436000	7.450581e-09	12.792154	0.15708582	-0.009314308	-6.660876	-0.06215269	0.22586966	0.004368866	0.0345	79.0	16723.943841934204
109	5.6989274	0.0	34.0	0.0	0.18579236	18.218962	8.45971	29.615545	-1.3308805	2.2058947	0.94850665	5.133209	0.90872294	21.57377	14.300201	5.2869635	26.792454	-6.575759	440000	-5.122274e-09	18.708775	0.2367208	-0.00689748	-10.196638	-0.08778387	0.22111942	0.0026534926	0.028	79.0	16882.93023777008
110	5.7417483	0.0	30.0	0.0	0.16304348	17.969711	8.729502	29.970572	-4.222054	2.0504873	0.97912693	5.000796	0.90868413	21.440218	13.361691	4.83628	24.04049	-6.6128917	444000	-3.7252903e-09	15.966614	0.17095147	-0.0076233847	-7.7640076	-0.06719511	0.22523631	0.0063699	0.03325	79.0	17039.407954454422
111	5.784392	0.0	21.0	0.0	0.11731844	19.154608	7.8992386	29.713636	-2.9652417	1.9718884	0.9746627	5.692007	0.9125183	22.17877	13.841328	5.048177	26.807335	-9.351295	448000	-9.313226e-09	13.679937	0.16877212	-0.008007867	-7.6751547	-0.06638895	0.21346363	0.008414827	0.03175	79.0	17197.293249368668
112	5.8272705	0.0	36.0	0.0	0.19251336	18.261877	8.483359	30.821905	-1.7078328	2.174397	0.98091924	4.76541	0.91076946	21.117647	14.1974	5.066689	26.60194	-9.088612	452000	1.8626451e-09	16.930706	0.19646525	-0.006616515	-9.406217	-0.07496463	0.20631799	0.0068655554	0.022750001	79.0	17349.22318339348
113	5.870214	0.0	22.0	0.0	0.12087912	19.204432	7.8706336	29.419119	-4.1843657	2.09575	0.93872845	5.842922	0.6722637	21.714285	13.888337	5.0959888	26.4765	-8.608002	456000	3.7252903e-09	16.245522	0.17635116	-0.006821704	-8.860942	-0.058584526	0.1945008	0.005890713	0.038999997	79.0	17500.10150885582
114	5.913253	0.0	30.0	0.0	0.15957446	18.441397	8.637	29.560362	-5.1813183	2.112903	0.9769381	5.5008993	0.6548151	21.175531	13.263655	5.23128	24.374884	-11.876091	460000	9.313226e-10	17.50076	0.22702265	-0.009125451	-10.08786	-0.12117624	0.2244494	0.004651753	0.04625	79.0	17651.103667020798
115	5.9563756	0.0	32.0	0.0	0.171123	18.331974	8.555688	30.047594	-6.1453505	2.1094122	0.9819925	5.1476994	0.66763824	21.240643	14.512666	4.9787707	24.526033	-7.313019	464000	-1.4901161e-08	16.78677	0.24045973	-0.007981004	-9.035825	-0.123049	0.18381369	0.0076660425	0.05575	79.0	17801.39230942726
116	5.999453	0.0	24.0	0.0	0.13043478	19.281616	7.597196	28.787186	-0.56220305	2.0448463	0.8289277	4.48279	0.66767395	21.456522	13.936816	5.066823	24.21346	-8.487148	468000	-3.7252903e-09	16.314938	0.16274078	-0.008620694	-9.594423	-0.0687944	0.19460444	0.0010958943	0.032	79.0	17951.788770914078
117	6.0428133	0.0	32.0	0.0	0.17297298	17.703543	8.187804	28.405172	-3.3169916	2.209891	1.0333288	5.1315174	0.6576874	21.324324	13.943537	4.611093	27.641167	-9.053572	472000	-1.1175871e-08	17.756432	0.25344434	-0.008761028	-9.068115	-0.0941982	0.20695859	0.010517169	0.040749997	79.0	18104.172201871872
118	6.0859456	0.0	16.0	0.0	0.08938547	19.67328	7.1267195	28.821043	-4.6783524	1.9591913	0.82511735	4.958307	0.66675496	21.988827	14.05775	4.694344	23.63546	-8.518474	476000	-1.5832484e-08	14.459995	0.17110734	-0.008481187	-7.932102	-0.0862496	0.19572952	0.0050811907	0.032750003	79.0	18255.71347427368
119	6.129374	0.0	36.0	0.0	0.19251336	17.811625	8.808714	31.101526	-4.137835	2.214825	0.93583906	6.1507483	0.9099506	21.31016	14.002273	5.1537642	24.083601	-6.311494	480000	-7.450581e-09	16.623245	0.16560249	-0.0073675644	-8.595211	-0.064170726	0.19418389	0.0024995655	0.031	79.0	18409.205127239227
120	6.172989	0.0	32.0	0.0	0.17391305	18.222181	8.807386	30.724087	-3.4661121	2.1717494	0.97413206	4.890893	0.66641873	21.483696	13.591159	5.157644	24.149567	-8.016181	484000	-7.916242e-09	15.970498	0.19232348	-0.007346534	-7.564986	-0.08035058	0.2056112	0.00446656	0.0805	79.0	18561.578368663788
121	6.2164497	0.0	23.0	0.0	0.12777779	19.490908	7.7778764	30.388016	-2.9512508	2.004666	0.88034505	5.208082	0.66761917	21.916666	14.49248	4.9888883	26.729486	-7.688759	488000	-9.313226e-09	13.195734	0.17903659	-0.008817218	-7.2768803	-0.06621152	0.1964036	0.0064131077	0.038999997	79.0	18712.969997882843
122	6.2598476	0.0	29.0	0.0	0.15343915	18.891836	8.313673	29.503315	-2.0264397	2.0409172	0.92460597	5.055057	0.66423666	20.984127	14.116781	5.0714207	26.140902	-7.420287	492000	7.450581e-09	15.662472	0.17962793	-0.0061585233	-8.627241	-0.07234665	0.19379064	0.0034601493	0.02425	79.0	18864.623425245285
123	6.3033576	0.0	28.0	0.0	0.1521739	18.70924	7.718242	29.962568	-0.4090048	2.1251545	0.928598	5.0719013	0.6635015	21.548914	13.8230095	5.3197412	24.319256	-5.644099	496000	2.7939677e-09	13.283981	0.18366796	-0.0071679507	-6.9510994	-0.07245354	0.19343716	0.0044756723	0.024999999	79.0	19015.56925868988
124	6.346862	0.0	28.0	0.0	0.1521739	19.180893	7.9693394	30.559805	-3.4395516	2.0686953	0.93908596	4.7999783	0.6665231	21.402174	14.044343	4.8923645	24.493547	-7.964287	500000	-1.3969839e-08	12.8780155	0.17544568	-0.008038087	-5.705058	-0.06052026	0.1908986	0.0069172895	0.039	79.0	19168.261761188507
