Epoch	penalty	Crash_ratio	alpha	entropy	critic1	critic2	cost	LossPi	alpha_loss	critic1_loss	critic2_loss	cost_loss	sigma	AverageEpRet	StdEpRet	MaxEpRet	MinEpRet	AverageEpCost	StdEpCost	MaxEpCost	MinEpCost	EpLen	Buffer_size	TotalEnvInteracts	Time
1	0.99242264	0.35897437	0.9538649	1.1895835	0.4269882	0.432391	0.079639494	-1.6463017	-0.22797453	1.657709	1.6499764	0.057457857	2.0000203e-05	4.8481107	8.274963	21.81972	-27.05077	0.97230774	1.104839	4.1	0.0	20.076923	5998	4000.0	259.88497376441956
2	0.97971964	0.33333334	0.86226845	1.2593249	0.6590922	0.6579247	0.09310868	-1.9411775	-0.7801779	1.9826335	1.986251	0.05015734	2.0200201e-05	5.9591875	22.20966	21.444862	-252.2361	0.8202614	1.0785102	3.1	0.0	26.457516	6998	8000.0	475.82119941711426
3	0.9672538	0.2375	0.7810591	1.1418973	0.69912344	0.698361	0.100896604	-1.862861	-1.2337207	2.2372756	2.2390983	0.047245864	2.0402204e-05	11.539998	7.351385	23.048182	-8.5424	0.56875	0.9611964	3.1	0.0	20.475	7998	12000.0	688.0369145870209
4	0.9549692	0.2044199	0.7097771	1.0120152	0.78212476	0.7817195	0.107186384	-1.8595008	-1.5969148	2.5042887	2.5057285	0.043352928	2.0606221e-05	11.80974	21.014244	27.193499	-251.27936	0.4685083	0.8822076	2.7	0.0	26.104973	8998	16000.0	894.3426413536072
5	0.94333285	0.29411766	0.64672285	0.886987	0.92101234	0.92072976	0.11815033	-1.994445	-2.0266345	2.7851493	2.7863061	0.040572483	2.081229e-05	12.630512	7.9967813	26.420547	-5.6532464	0.6642157	0.998157	2.7	0.0	19.602942	9998	20000.0	1095.0218896865845
6	0.93289286	0.17098446	0.59001905	0.6674623	1.0311704	1.0313083	0.1251837	-2.0247126	-2.0964882	3.0355365	3.0356233	0.036634658	2.1020413e-05	15.767525	7.0640674	27.779827	-3.1085386	0.39430052	0.8262022	2.4	0.0	20.673574	10998	24000.0	1294.7751536369324
7	0.9238117	0.20512821	0.5377042	0.54484487	1.2047143	1.2047266	0.13589096	-2.2990496	-2.5573208	3.1261582	3.1256416	0.032563034	2.1230615e-05	15.538695	7.3659763	27.127365	-2.6561415	0.468718	0.9061589	3.2	0.0	20.553846	11998	28000.0	1489.6583409309387
8	0.91700494	0.21717171	0.4889506	0.4410815	1.3878433	1.387562	0.1441784	-2.4538286	-2.8007655	3.190574	3.1900165	0.029421521	2.1442926e-05	15.142558	7.6520414	26.786837	-2.32132	0.5065657	0.9313872	2.6	0.0	20.318182	13000	32000.0	1678.2537953853607
9	0.912303	0.1875	0.44536614	0.38402873	1.583823	1.5844297	0.1518262	-2.6201417	-3.0219364	3.1822414	3.1818023	0.026987758	2.1657346e-05	16.533957	7.1690016	27.126842	-5.0502844	0.421875	0.8547908	2.5	0.0	20.651041	13998	36000.0	1867.8949613571167
10	0.9105886	0.2	0.4052104	0.34240642	1.8048911	1.8051751	0.15958111	-2.8046975	-3.2690408	3.1143403	3.1132374	0.024906132	2.1873928e-05	16.806807	7.458315	27.710615	-1.8180376	0.46820515	0.9128228	2.7	0.0	20.66154	14998	40000.0	2060.229939699173
11	0.9121964	0.21761657	0.36683893	0.31295002	2.0765722	2.076522	0.1705197	-3.1478732	-3.9462917	3.0873091	3.087174	0.023596333	2.2092669e-05	17.403183	7.7411795	28.626312	0.738098	0.49896374	0.92579556	2.7	0.0	20.57513	15998	44000.0	2250.721658706665
12	0.9174242	0.171875	0.33242363	0.29108837	2.3247895	2.3251739	0.17573126	-3.39835	-4.31742	3.0197732	3.0188944	0.022554783	2.2313585e-05	18.10872	7.6863556	31.301323	-4.762932	0.40572917	0.8808841	3.0	0.0	20.802084	16998	48000.0	2443.0079913139343
13	0.92532355	0.21717171	0.30117688	0.26618648	2.5677261	2.5682256	0.18280807	-3.62159	-4.738531	2.9320478	2.9308355	0.021405334	2.253672e-05	17.30095	7.8735714	29.551088	-1.0814832	0.50656563	0.946662	2.7	0.0	20.348484	17998	52000.0	2634.8193769454956
14	0.93483365	0.18324608	0.27359644	0.23547496	2.7290697	2.729843	0.18305527	-3.6374211	-4.715173	2.818128	2.8159049	0.02086638	2.2762097e-05	18.00731	7.337396	29.768457	-0.8645965	0.44188482	0.9077472	2.9	0.0	20.82199	18998	56000.0	2823.498179912567
15	0.9451521	0.17021276	0.24910669	0.20755494	2.9544208	2.9545107	0.18590559	-3.7786334	-4.771444	2.7389736	2.7356293	0.020483905	2.2989716e-05	19.076336	7.4244037	30.326744	-1.257575	0.38882974	0.85036457	2.6	0.0	21.281916	19998	60000.0	3010.0738487243652
16	0.9568811	0.15873016	0.22677043	0.19040415	3.199921	3.2002666	0.19178627	-4.051719	-5.33637	2.6824393	2.678868	0.019664261	2.3219614e-05	18.800169	7.2391853	30.71037	-0.2546329	0.37777779	0.8469886	2.9	0.0	21.137566	20998	64000.0	3200.876378297806
17	0.9698824	0.1875	0.20525594	0.17248917	3.4243782	3.4246747	0.19191065	-4.241529	-5.660446	2.5607789	2.5586767	0.018896133	2.3451808e-05	19.006964	7.854856	30.073004	-0.96218467	0.44687498	0.90155566	3.3	0.0	20.885416	21998	68000.0	3387.0352942943573
18	0.9834823	0.18848167	0.18604594	0.15964065	3.6611388	3.661177	0.1966943	-4.4599543	-6.2047977	2.4895072	2.4877822	0.019041924	2.368633e-05	19.251768	7.779464	31.306536	0.052061424	0.45130888	0.9145054	2.7	0.0	21.047121	22998	72000.0	3573.060352563858
19	0.9982901	0.15343915	0.16871631	0.13656308	3.7853317	3.7859368	0.19728385	-4.4150977	-6.027459	2.357646	2.3549933	0.017829876	2.3923189e-05	19.489067	7.3870792	30.052536	0.828255	0.3825397	0.8618068	2.9	0.0	21.042328	23998	76000.0	3758.076434612274
20	1.0137689	0.12765957	0.15320511	0.12895386	4.0798697	4.080017	0.19986925	-4.7856007	-6.7144027	2.3584232	2.3562982	0.01843725	2.4162418e-05	20.638275	7.1214457	32.26077	2.199187	0.30265957	0.77187485	2.6	0.0	21.377659	25000	80000.0	3943.754737854004
21	1.0301236	0.20207255	0.13874328	0.117499255	4.2902803	4.290125	0.20190014	-4.951512	-7.097322	2.2813628	2.2790067	0.017941335	2.4404042e-05	19.35811	7.928591	32.03377	0.780262	0.4818653	0.9340605	2.9	0.0	20.751295	26000	84000.0	4131.951004743576
22	1.0471267	0.13513513	0.12606655	0.1047318	4.4646764	4.464503	0.20502453	-5.0506105	-7.2128563	2.1810665	2.1797657	0.01761821	2.4648085e-05	20.702845	7.1581607	31.60554	0.8047398	0.34216216	0.81966084	3.2	0.0	21.432432	26998	88000.0	4318.893246412277
23	1.0650096	0.19371727	0.11410809	0.099500366	4.6731815	4.673829	0.20486969	-5.2475386	-7.700567	2.129981	2.131187	0.017342182	2.4894562e-05	19.052105	8.1099415	32.3978	1.1028857	0.4748691	0.9190804	2.8	0.0	20.994764	27998	92000.0	4507.8870594501495
24	1.0837109	0.17553191	0.10383063	0.08698677	4.8108897	4.810902	0.20988736	-5.255917	-7.5574923	2.0159044	2.0169494	0.017316883	2.5143516e-05	19.493044	7.3549027	29.271318	2.126839	0.43404254	0.91947645	3.4	0.0	21.287233	28998	96000.0	4694.37855052948
25	1.1035084	0.14893617	0.094208255	0.08477307	5.107857	5.1074996	0.20991798	-5.6635733	-8.410074	2.0508842	2.0531635	0.017796988	2.5394946e-05	20.443317	7.3947625	30.133104	1.0835962	0.36117023	0.8345802	2.9	0.0	21.345745	30000	100000.0	4883.078464746475
26	1.1232824	0.16402116	0.0853292	0.08237383	5.302934	5.302913	0.21142732	-5.8308635	-8.695894	2.0053375	2.008828	0.017806435	2.5648904e-05	20.126333	7.461434	30.68422	-0.3440789	0.39894176	0.892413	3.3	0.0	21.010582	30998	104000.0	5070.190786600113
27	1.1433253	0.18421052	0.077314086	0.076182425	5.478296	5.47809	0.21300726	-5.945319	-9.096704	1.9438437	1.9471565	0.01746274	2.5905381e-05	19.592848	7.7437806	30.988153	1.3678532	0.45789474	0.9373623	3.3	0.0	21.126316	31998	108000.0	5255.715801715851
28	1.16343	0.21243523	0.069983445	0.07599247	5.7404933	5.7397685	0.21319129	-6.2852254	-9.912156	1.9274021	1.928235	0.017641904	2.6164438e-05	18.689571	7.7576084	28.75464	-2.2011757	0.5181347	0.96559066	3.2	0.0	20.735752	32998	112000.0	5445.006155967712
29	1.1846731	0.25128207	0.06356141	0.06952954	5.835425	5.834651	0.21894412	-6.220953	-9.635526	1.8451272	1.846399	0.01728495	2.6426076e-05	18.211285	8.460555	30.789707	-3.0834157	0.6189744	1.0615417	3.1	0.0	20.548717	33998	116000.0	5634.550466537476
30	1.2062072	0.14361702	0.05755712	0.07135308	6.0953918	6.095465	0.21747933	-6.5423126	-10.481058	1.8669698	1.8657154	0.017446263	2.6690344e-05	20.353552	7.542475	31.261255	-2.9489083	0.4031915	0.9359774	3.4	0.0	21.367022	34998	120000.0	5821.660905599594
31	1.228774	0.16042781	0.052180726	0.06920761	6.268128	6.2673407	0.22337158	-6.6854377	-10.762399	1.86	1.8540503	0.018187815	2.6957256e-05	20.375961	7.503869	30.289833	0.8344837	0.42139038	0.91999316	3.4	0.0	21.326202	35998	124000.0	6010.318696975708
32	1.2512577	0.16129032	0.047334954	0.06540666	6.434889	6.4353924	0.22328368	-6.792925	-10.716146	1.7611738	1.7550781	0.0171702	2.722682e-05	20.134533	7.2900085	31.360199	1.6994823	0.41075268	0.9246868	3.3	0.0	21.413979	36998	128000.0	6196.22913146019
33	1.2744358	0.20942408	0.042930443	0.06849051	6.720873	6.721159	0.22342594	-7.191074	-11.940468	1.8644406	1.8528787	0.018239496	2.749909e-05	19.357235	7.9287987	30.003477	1.0475615	0.5507853	1.0378628	3.4	0.0	21.099476	37998	132000.0	6383.1200177669525
34	1.2984102	0.19148937	0.038953092	0.06251927	6.755169	6.7555146	0.2298393	-7.0595675	-11.566231	1.7570837	1.7401528	0.017907329	2.7774084e-05	19.737312	7.983221	31.183407	0.06375266	0.48085102	0.9746005	3.3	0.0	21.106382	38998	136000.0	6569.978917837143
35	1.322865	0.1576087	0.03536351	0.06191085	6.9470177	6.947285	0.23076898	-7.2693214	-11.8193865	1.7370455	1.721002	0.017975258	2.8051825e-05	20.277552	7.422331	30.248293	1.4862212	0.45652175	1.0070733	3.6	0.0	21.722826	39998	140000.0	6767.854309082031
36	1.3476069	0.19473684	0.032107573	0.060513955	7.1007314	7.1005716	0.23112726	-7.3704333	-12.155715	1.715437	1.6971452	0.017469479	2.8332337e-05	19.943077	7.773562	31.095327	1.5753858	0.5215789	1.0420161	3.5	0.0	21.094736	40998	144000.0	6962.316931009293
37	1.3722441	0.18518518	0.029095933	0.064399846	7.421291	7.4207745	0.22667782	-7.8928723	-13.233619	1.8293284	1.8099339	0.018504845	2.8615665e-05	19.840275	7.586433	30.567205	-1.6105642	0.5169312	1.0671275	3.5	0.0	21.285715	41999	148000.0	7155.2877151966095
38	1.3967671	0.12972973	0.026375476	0.059179615	7.423121	7.4239573	0.23418231	-7.6297817	-12.761391	1.6852729	1.6620867	0.017585512	2.8901819e-05	21.360992	6.7954054	30.941504	-0.32480174	0.3454054	0.877954	3.4	0.0	21.610811	42998	152000.0	7347.549965620041
39	1.4223086	0.14754099	0.023957886	0.060471937	7.65376	7.6537275	0.23221673	-7.920041	-13.198153	1.7471602	1.7250085	0.017761879	2.9190844e-05	20.815825	7.285836	30.376469	0.9655946	0.37978137	0.8902483	3.2	0.0	21.808743	43998	156000.0	7537.067601442337
40	1.4476177	0.16129032	0.021721004	0.058501426	7.7615824	7.7618465	0.23380196	-7.946806	-13.149084	1.693724	1.6741347	0.018042423	2.9482737e-05	20.498093	7.164568	30.172363	0.52630144	0.42741936	0.952332	3.4	0.0	21.32258	44998	160000.0	7728.572833299637
41	1.4736567	0.17368421	0.019721096	0.05971413	7.94212	7.94238	0.23322695	-8.153613	-13.876459	1.6738806	1.6561104	0.017757887	2.9777568e-05	20.334896	7.431086	31.302439	3.1677172	0.47473684	1.0034119	3.4	0.0	21.152632	45998	164000.0	7919.508848190308
42	1.4998055	0.1764706	0.017908348	0.059163637	8.086638	8.08696	0.23416866	-8.271592	-13.924957	1.6892654	1.6663414	0.017957287	3.0075353e-05	20.249224	7.5097866	31.073008	0.60645735	0.46417114	1.0015227	3.5	0.0	21.459892	46998	168000.0	8116.682743310928
43	1.5263507	0.093406595	0.016225865	0.061132673	8.250242	8.249974	0.23379987	-8.431969	-14.374929	1.7377434	1.7165401	0.018194562	3.0376095e-05	21.507341	6.159295	30.338213	2.1898177	0.24670331	0.72790915	3.4	0.0	22.021978	47998	172000.0	8312.020245552063
44	1.5525752	0.113513514	0.014697676	0.06144244	8.37757	8.377329	0.2318001	-8.496889	-14.605859	1.6698673	1.6492634	0.017919403	3.0679872e-05	21.24082	6.582313	31.33896	1.4426343	0.31513512	0.8368461	3.5	0.0	21.616217	48998	176000.0	8507.896584510803
45	1.5786272	0.14594595	0.013306066	0.06274413	8.716744	8.716336	0.22432522	-9.066876	-16.366602	1.905304	1.8835155	0.01906907	3.098666e-05	20.481829	7.016341	33.098595	1.8225102	0.39027026	0.90399253	3.3	0.0	21.686487	49998	180000.0	8701.195421218872
46	1.6026286	0.14673913	0.012027029	0.063048564	8.908734	8.910006	0.22076643	-9.303372	-16.635626	1.9527684	1.9321334	0.019606117	3.1296535e-05	20.65496	6.7629533	31.374458	1.9689275	0.43532607	0.9989136	3.5	0.0	21.673914	50998	184000.0	8891.744114160538
47	1.6279273	0.12087912	0.010942402	0.061680745	8.829828	8.8284645	0.22875133	-8.92609	-15.292612	1.7154789	1.6924961	0.018152364	3.1609492e-05	21.237284	6.3850484	29.601418	-0.85342455	0.3434066	0.88524866	3.5	0.0	21.807692	51998	188000.0	9080.927412033081
48	1.6531469	0.094444446	0.00993136	0.06462142	9.101098	9.10162	0.22034448	-9.33123	-16.785395	1.805194	1.7861319	0.018820835	3.192559e-05	21.990356	6.372102	31.748873	0.40008032	0.26722223	0.8012372	3.5	0.0	22.4	52998	192000.0	9266.508451223373
49	1.6778702	0.12154696	0.009000892	0.0648089	9.230547	9.230138	0.21943675	-9.413803	-16.787376	1.8489501	1.8255501	0.018777004	3.2244843e-05	21.421545	6.6736536	32.989998	0.88013124	0.3359116	0.8775801	3.3	0.0	21.944752	53998	196000.0	9457.62688779831
50	1.7036178	0.082417585	0.0081870705	0.06095958	9.313264	9.313883	0.22045241	-9.423178	-16.510622	1.838089	1.8171656	0.018553682	3.2567285e-05	21.754677	6.0778136	30.722122	2.9597347	0.21593408	0.69828594	3.3	0.0	22.153847	55000	200000.0	9653.704158306122
51	1.7282251	0.0989011	0.007414156	0.064243786	9.656135	9.656972	0.20900805	-10.027056	-18.590391	2.04295	2.0188289	0.019302199	3.289296e-05	21.189053	6.02689	31.277916	0.91186833	0.26868132	0.7976321	3.5	0.0	21.884615	55998	204000.0	9847.786877632141
52	1.7500923	0.06629834	0.0067131137	0.0631591	9.821103	9.820056	0.20417792	-10.188333	-18.340794	2.0613341	2.0373194	0.01946537	3.322189e-05	22.400633	5.636483	30.922863	2.364429	0.18508287	0.67557925	3.3	0.0	22.149172	56998	208000.0	10040.30638885498
53	1.7722124	0.06666667	0.006099034	0.06475299	9.722104	9.722846	0.21077444	-9.788365	-17.163328	1.7932655	1.772358	0.018738031	3.3554115e-05	22.089235	5.7782145	34.114468	3.8003726	0.18444444	0.6303281	3.3	0.0	22.144444	57998	212000.0	10231.109637737274
54	1.7942649	0.094444446	0.0055412673	0.06112083	9.986697	9.986623	0.20349392	-10.21402	-17.98566	1.9763474	1.9550598	0.01942847	3.388965e-05	21.635517	6.2176514	31.95283	1.8243521	0.24166666	0.7063895	3.2	0.0	22.283333	58998	216000.0	10422.214770317078
55	1.8154862	0.08743169	0.005029204	0.06312809	10.065859	10.065217	0.20122167	-10.209063	-18.331526	1.9259123	1.9016038	0.018946564	3.422855e-05	21.488176	5.929806	31.30445	2.3639035	0.25846997	0.7253579	3.3	0.0	21.8306	59998	220000.0	10611.407238006592
56	1.8349258	0.071428575	0.004550087	0.06545343	10.351575	10.352064	0.19325516	-10.667589	-19.904446	2.1457353	2.1189697	0.019563574	3.4570836e-05	21.65064	5.8084917	31.364874	1.3182454	0.21868134	0.682821	3.2	0.0	21.928572	60998	224000.0	10799.170250177383
57	1.8513715	0.10869565	0.0041135433	0.06415488	10.612597	10.613421	0.1851528	-11.082139	-20.678347	2.2113352	2.1838508	0.020344477	3.4916542e-05	20.814621	6.533631	31.327345	0.03368883	0.29021737	0.80346525	3.2	0.0	21.793478	61998	228000.0	10993.55659198761
58	1.8677568	0.06703911	0.0037339088	0.06440759	10.500099	10.500907	0.19024014	-10.675544	-19.647892	2.0114377	1.9900659	0.019557979	3.5265708e-05	21.948887	6.010881	30.022375	2.326491	0.17988828	0.6436089	3.3	0.0	22.273743	62998	232000.0	11191.049618959427
59	1.8836902	0.07103825	0.003387322	0.06629955	10.681297	10.682502	0.184863	-10.900852	-20.55974	2.0362058	2.00821	0.019330489	3.5618374e-05	21.74944	6.008323	30.992899	1.2310833	0.19945355	0.7013256	3.5	0.0	22.01093	64000	236000.0	11382.61997961998
60	1.9000525	0.04494382	0.0030848405	0.065640934	10.738361	10.737027	0.1826441	-10.891555	-20.186464	2.0071867	1.9843851	0.019238226	3.5974554e-05	22.105341	5.081484	30.094038	3.2711244	0.12808989	0.5415311	3.3	0.0	22.404495	64999	240000.0	11574.647775173187
61	1.9127685	0.07065217	0.0027905656	0.06558895	11.057985	11.055877	0.17327236	-11.443714	-21.855595	2.2344859	2.2071671	0.019586753	3.633429e-05	21.672865	6.1242113	29.999521	-2.564811	0.19836956	0.6413704	3.1	0.0	21.706522	65999	244000.0	11763.643321990967
62	1.9226626	0.039106146	0.0025290074	0.06436853	11.070314	11.070642	0.17234592	-11.31136	-21.16343	2.1311963	2.1068835	0.019375984	3.6697642e-05	22.764143	5.094727	32.01293	3.0393114	0.11061452	0.50122654	3.0	0.0	22.513966	67000	248000.0	11951.771542072296
63	1.9335957	0.039106146	0.0022990627	0.06527113	11.13665	11.13757	0.172519	-11.298572	-21.361637	2.0857797	2.0650868	0.019197954	3.706462e-05	22.381289	4.900682	30.458252	1.7903018	0.11731844	0.5292363	3.3	0.0	22.156425	67998	252000.0	12140.200370073318
64	1.942038	0.028409092	0.002082893	0.0666513	11.360649	11.360935	0.16396739	-11.650871	-22.331915	2.231767	2.208499	0.019217411	3.7435264e-05	22.133375	4.5971165	30.168774	4.034067	0.091477275	0.44871798	3.1	0.0	22.8125	68998	256000.0	12328.368344068527
65	1.9486234	0.039325844	0.0018905737	0.06247685	11.355324	11.3552685	0.1659751	-11.482562	-21.24019	2.0468655	2.024386	0.019228848	3.7809627e-05	22.072596	4.9715304	29.850445	1.7044015	0.121348314	0.5010039	3.1	0.0	22.404495	69998	260000.0	12525.418249368668
66	1.9549675	0.033707865	0.0017185052	0.0635016	11.520453	11.520666	0.16268371	-11.714264	-22.211063	2.1888661	2.166012	0.01897992	3.818771e-05	22.393045	4.758376	31.118187	2.8672676	0.0994382	0.46850196	3.3	0.0	22.432585	70998	264000.0	12722.552620887756
67	1.9586978	0.05	0.0015583942	0.06206206	11.648825	11.650833	0.15688705	-11.875024	-22.380764	2.171067	2.150857	0.018943673	3.8569593e-05	22.12522	5.4376845	29.221964	1.5272145	0.1461111	0.5716802	3.5	0.0	22.288889	71998	268000.0	12914.862852573395
68	1.9616479	0.027777778	0.0014148386	0.061978295	11.687225	11.687255	0.15624918	-11.838705	-22.224562	2.1285014	2.107311	0.018796548	3.8955288e-05	22.047928	4.9654512	30.481686	1.6926645	0.08722222	0.39805505	3.0	0.0	22.133333	72998	272000.0	13106.5622112751
69	1.96429	0.028089888	0.001286327	0.06260895	11.6490555	11.647545	0.15730208	-11.652653	-22.05784	1.8868679	1.8658808	0.0182181	3.9344835e-05	22.285236	4.5876875	30.59384	2.0642598	0.09382023	0.4587673	3.3	0.0	22.522472	73998	276000.0	13298.042782783508
70	1.9646329	0.016853932	0.0011647324	0.061075866	11.884359	11.883179	0.15047222	-12.063135	-22.877834	2.112916	2.0877812	0.018459447	3.9738294e-05	23.292624	4.411083	31.018831	3.3101575	0.044943817	0.26415488	2.1	0.0	22.398876	74998	280000.0	13485.292489767075
71	1.9610897	0.016853932	0.0010543196	0.061192855	12.066103	12.066572	0.14453487	-12.320912	-24.072805	2.2097335	2.1901014	0.018238971	4.0135666e-05	22.847588	4.4294	30.778427	2.3459089	0.050561797	0.31125826	2.9	0.0	22.488764	75998	284000.0	13673.916842460632
72	1.9578208	0.033519555	0.0009570996	0.060045503	11.989466	11.988528	0.14891407	-12.045588	-23.015886	1.9215416	1.9029571	0.017662602	4.053703e-05	22.346567	4.921715	30.572325	3.054844	0.09273743	0.46014667	3.2	0.0	22.469275	76998	288000.0	13864.53997850418
73	1.9507402	0.03954802	0.00086555403	0.06065728	12.2468	12.248114	0.13969153	-12.482058	-24.57562	2.0870674	2.0733578	0.017776517	4.0942392e-05	22.223427	5.0701165	32.320457	3.058131	0.116949156	0.52015394	3.3	0.0	22.463276	77998	292000.0	14063.180263757706
74	1.9430823	0.0056179776	0.00078599725	0.061311327	12.282499	12.281252	0.13775463	-12.471629	-24.927551	2.1655388	2.1479287	0.017876899	4.1351825e-05	22.557444	4.1542425	30.533966	6.062643	0.025280898	0.24167295	3.2	0.0	22.522472	78998	296000.0	14259.940230607986
75	1.9335726	0.033333335	0.0007135194	0.05832769	12.173428	12.173143	0.14087106	-12.12909	-23.429346	1.823468	1.8025688	0.017135743	4.176534e-05	21.974283	4.651556	28.886326	1.4689851	0.09111111	0.45598346	3.5	0.0	22.144444	79998	300000.0	14453.52615737915
76	1.9213891	0.033519555	0.0006457396	0.05835301	12.694918	12.695652	0.12690707	-13.1664295	-27.0636	2.5422976	2.5187588	0.018411282	4.218299e-05	22.402512	4.928538	30.682522	2.4231849	0.085474856	0.434685	3.4	0.0	22.547485	80998	304000.0	14644.546891450882
77	1.906098	0.011173184	0.000584129	0.058364745	12.604236	12.602809	0.12865005	-12.856662	-25.751877	2.2059717	2.188443	0.017764062	4.2604817e-05	22.241196	4.5788226	31.124195	0.53489727	0.045810055	0.31092188	3.0	0.0	22.335196	81998	308000.0	14835.750390529633
78	1.8892437	0.027624309	0.0005299938	0.058130447	12.742443	12.7436	0.12258106	-13.034129	-26.845081	2.2589447	2.2375715	0.017419962	4.303087e-05	22.458254	4.538805	30.687567	3.5847497	0.06629834	0.3674943	2.8	0.0	22.243093	83000	312000.0	15022.317784786224
79	1.8694625	0.017045455	0.00048003288	0.057704303	12.832848	12.83336	0.12295017	-13.118451	-26.423605	2.3622324	2.3432686	0.01747358	4.3461183e-05	22.857756	4.454074	30.26588	3.3401408	0.04659091	0.28681195	2.4	0.0	22.5	83998	316000.0	15210.106409788132
80	1.848384	0.044198897	0.0004358291	0.059068717	12.9990835	12.999195	0.11757826	-13.363236	-27.547571	2.459255	2.4401817	0.017172227	4.3895787e-05	22.386517	5.312719	30.941732	3.1898854	0.10662983	0.47832605	3.3	0.0	22.176796	84998	320000.0	15404.283851385117
81	1.8266912	0.016949153	0.00039485973	0.05891312	12.921019	12.922527	0.12154984	-13.088692	-27.105385	2.187777	2.1682403	0.016914753	4.4334753e-05	22.204792	4.2243953	30.92869	3.0334852	0.051977396	0.32085523	3.2	0.0	22.440678	85998	324000.0	15601.800802230835
82	1.803956	0.02793296	0.00035882945	0.05640663	13.0791855	13.080547	0.11491145	-13.325857	-27.42067	2.3237333	2.3050597	0.017017944	4.4778095e-05	22.495184	4.666644	30.80477	0.16217773	0.06759776	0.3630417	2.3	0.0	22.413408	86998	328000.0	15800.606765270233
83	1.7773974	0.049723756	0.00032486976	0.056788307	13.236377	13.23767	0.11245667	-13.578719	-28.9685	2.3375273	2.3134856	0.016715545	4.5225883e-05	21.939663	5.5391245	31.060867	1.1428788	0.13701656	0.55265296	3.4	0.0	22.01105	87998	332000.0	15995.053927898407
84	1.7491826	0.0056497175	0.00029441903	0.058268245	13.295328	13.296064	0.10958644	-13.604113	-29.129934	2.3775887	2.354548	0.016600708	4.567814e-05	23.216063	4.2681317	30.95645	2.0460353	0.017514123	0.15901724	2.0	0.0	22.638418	88998	336000.0	16188.188107967377
85	1.7206553	0.043956045	0.00026740975	0.056519117	13.325301	13.325398	0.11011632	-13.572511	-28.434292	2.2893457	2.2726693	0.016564636	4.613492e-05	22.20285	5.3566413	34.303207	2.5397263	0.117582425	0.49360603	3.5	0.0	22.054945	89998	340000.0	16379.181388378143
86	1.6919029	0.011235955	0.0002431379	0.057340533	13.404936	13.4035	0.10545921	-13.659617	-28.983349	2.328568	2.310646	0.016288826	4.6596273e-05	22.490929	4.4606996	30.30274	3.1692154	0.03483146	0.28088984	3.1	0.0	22.353933	90998	344000.0	16568.726771354675
87	1.6617208	0.0055555557	0.00022051345	0.055468347	13.46575	13.466932	0.10569552	-13.726873	-29.31165	2.3049257	2.2823007	0.015981115	4.7062233e-05	22.914022	4.050934	30.700548	2.7302728	0.012777777	0.15635802	2.1	0.0	22.377777	91998	348000.0	16760.869495630264
88	1.6276433	0.011173184	0.00019958457	0.055225823	13.595298	13.595379	0.10173674	-13.894943	-29.864914	2.4358335	2.4147842	0.01586357	4.753285e-05	22.930916	4.473819	31.419994	4.0197697	0.03687151	0.24100173	2.4	0.0	22.351955	92998	352000.0	16954.968730688095
89	1.5939176	0.005586592	0.00018121785	0.053620987	13.628707	13.632112	0.10313089	-13.911393	-29.329199	2.2741966	2.255401	0.015767874	4.800818e-05	22.692606	4.0202994	30.285156	7.252513	0.02067039	0.22414976	3.0	0.0	22.368715	93998	356000.0	17147.28168821335
90	1.5582134	0.011235955	0.00016411884	0.05306256	13.7921505	13.79209	0.09725262	-14.12907	-30.747406	2.4702322	2.4483275	0.015700018	4.8488262e-05	22.813885	4.581792	31.599808	1.860048	0.032584272	0.22399606	2.2	0.0	22.35955	94998	360000.0	17345.435526132584
91	1.5214195	0.017045455	0.00014898028	0.054635085	13.804642	13.806313	0.09701306	-14.056306	-30.003172	2.3514004	2.3318934	0.015137051	4.897315e-05	22.489113	4.6381073	32.638157	4.695513	0.043181818	0.26726535	2.1	0.0	22.670454	95998	364000.0	17543.051211357117
92	1.4839822	0.016574586	0.00013531776	0.05610759	13.746387	13.747223	0.10042173	-13.871194	-29.674925	2.255643	2.2321107	0.01510668	4.9462862e-05	21.872408	4.670335	31.004614	2.6397927	0.055248618	0.3238879	3.0	0.0	22.21547	96998	368000.0	17737.53230381012
93	1.445709	0.022099448	0.0001224806	0.0533725	14.009236	14.010805	0.09374294	-14.327275	-32.235367	2.5267837	2.5003626	0.015297388	4.9957514e-05	22.565226	4.5126767	30.779947	-2.6137297	0.058563538	0.36970368	3.0	0.0	22.187845	97998	372000.0	17929.630182266235
94	1.406145	0.02793296	0.00011090238	0.055014558	14.029552	14.029438	0.0943796	-14.293727	-32.145363	2.4565914	2.433189	0.015037136	5.0457074e-05	22.297398	4.6881356	29.981703	1.9321086	0.06424581	0.35034835	2.4	0.0	22.189943	98998	376000.0	18120.707404136658
95	1.3662354	0.0	0.000100665435	0.055576652	14.0477295	14.046568	0.092801124	-14.302207	-32.498684	2.3449898	2.3272455	0.014673088	5.096165e-05	23.106422	3.9676042	30.654213	11.523674	0.0056818184	0.029610941	0.2	0.0	22.704546	99998	380000.0	18313.715784311295
96	1.3255327	0.03314917	9.1493675e-05	0.05437681	13.942635	13.943104	0.09666966	-13.996636	-30.730648	2.0547042	2.0261855	0.014237806	5.1471274e-05	22.318705	5.0601153	30.91588	-0.3958929	0.092265196	0.4696841	3.4	0.0	22.176796	100998	384000.0	18507.933149576187
97	1.2834443	0.011173184	8.298014e-05	0.0539104	14.17212	14.171076	0.09069082	-14.424554	-32.9273	2.4256558	2.4032655	0.014457038	5.198597e-05	22.711386	4.302165	31.761732	2.037903	0.029050278	0.21674252	2.1	0.0	22.335196	101998	388000.0	18697.810936927795
98	1.2400278	0.005586592	7.510969e-05	0.05425994	14.329961	14.328504	0.0872026	-14.650549	-33.753628	2.4408767	2.4208326	0.014260492	5.2505828e-05	23.084763	3.9598315	31.91489	9.8452015	0.029608937	0.21368112	2.0	0.0	22.363129	102998	392000.0	18891.772277116776
99	1.1951252	0.027624309	6.806334e-05	0.05229436	14.496367	14.49493	0.084533386	-14.933083	-35.04992	2.5295732	2.5110073	0.014134913	5.3030908e-05	22.197927	4.8167133	31.01568	3.626051	0.08121547	0.45937824	3.2	0.0	22.165747	103999	396000.0	19092.158149003983
100	1.149552	0.016853932	6.177815e-05	0.053236827	14.274101	14.276656	0.08877896	-14.404821	-32.505825	2.2066948	2.1849065	0.013500113	5.35612e-05	22.298914	4.268456	30.81472	4.451313	0.055056177	0.35632685	3.5	0.0	22.505617	104999	400000.0	19287.851217508316
101	1.1037815	0.016853932	5.6037796e-05	0.053518012	14.506994	14.508549	0.084023684	-14.821438	-35.28261	2.4591749	2.4348912	0.013820184	5.4096818e-05	21.99048	4.573475	31.191643	3.9845028	0.05280898	0.3112461	2.6	0.0	22.438202	105998	404000.0	19481.202956676483
102	1.0574028	0.0056818184	5.0772152e-05	0.054331463	14.344175	14.343371	0.0896194	-14.416217	-33.41443	2.1937575	2.162604	0.0135881165	5.4637792e-05	22.844244	3.5836458	31.396103	5.0738378	0.016477272	0.18125533	2.4	0.0	22.676136	106998	408000.0	19672.01133608818
103	1.0114971	0.0	4.616601e-05	0.0520836	14.520597	14.520133	0.08475608	-14.753433	-34.466072	2.372435	2.34664	0.013476878	5.5184155e-05	22.434986	3.8479397	30.626822	9.966458	0.0067796614	0.037722178	0.3	0.0	22.548023	107998	412000.0	19864.42833352089
104	0.9628882	0.011049724	4.1869436e-05	0.050346695	14.613229	14.612639	0.082818024	-14.861654	-34.282276	2.4722803	2.4463072	0.013403921	5.5736014e-05	22.134188	4.806202	31.57563	0.88500863	0.04640884	0.31227347	3.0	0.0	22.21547	108998	416000.0	20059.772320747375
105	0.9134171	0.022222223	3.793555e-05	0.05202959	14.553951	14.556955	0.08427203	-14.695085	-35.13932	2.287985	2.2623398	0.0132710375	5.6293364e-05	21.72502	4.9865656	30.640537	-2.8653982	0.05166667	0.31454992	2.4	0.0	22.122223	109998	420000.0	20250.598009824753
106	0.86344105	0.011111111	3.4439785e-05	0.051415153	14.706945	14.705331	0.0799344	-14.948619	-35.728	2.532442	2.5071173	0.0134452	5.6856297e-05	22.541182	4.6756663	32.105015	1.5962962	0.036111113	0.2659916	2.9	0.0	22.372223	110998	424000.0	20439.892507076263
107	0.8121027	0.0	3.125457e-05	0.051431745	14.654586	14.656418	0.080016814	-14.798124	-34.771454	2.2581074	2.2399502	0.01283218	5.7424873e-05	22.531603	4.1971087	30.304123	11.515522	0.0062146895	0.026378797	0.2	0.0	22.446327	111998	428000.0	20636.690922498703
108	0.7604276	0.017045455	2.8319973e-05	0.052123915	14.792555	14.792508	0.07690217	-15.054781	-36.945507	2.451171	2.4266005	0.012779973	5.7999103e-05	22.681921	4.751021	30.468168	-0.08355602	0.04488636	0.29614377	2.6	0.0	22.664772	112998	432000.0	20836.65234684944
109	0.706871	0.005586592	2.566592e-05	0.050524965	14.67466	14.673893	0.08083412	-14.714508	-34.359642	2.1647332	2.1435888	0.012614777	5.8579095e-05	22.898132	4.095661	31.882101	2.6123488	0.018435752	0.15976873	2.1	0.0	22.441341	113998	436000.0	21032.854173898697
110	0.6534328	0.005586592	2.326737e-05	0.049717993	14.990223	14.990269	0.07297834	-15.368158	-38.941822	2.529527	2.503957	0.012690386	5.9164893e-05	22.485106	4.4854712	30.481148	0.5375893	0.026815644	0.22709341	2.3	0.0	22.26257	114998	440000.0	21228.16822576523
111	0.5985988	0.005586592	2.1043346e-05	0.049288835	14.951792	14.956144	0.07514013	-15.251333	-37.95709	2.4521806	2.4332087	0.012557629	5.9756538e-05	22.570269	3.8317513	32.469357	5.265915	0.013407821	0.15000598	2.0	0.0	22.374302	115998	444000.0	21420.516088724136
112	0.5427611	0.011299435	1.9036248e-05	0.049640656	15.102785	15.103868	0.0711096	-15.455156	-40.210304	2.5455165	2.5246856	0.012459672	6.0354098e-05	22.436605	4.2539353	30.164198	3.5565958	0.028248586	0.2331164	2.3	0.0	22.559322	116998	448000.0	21616.66962337494
113	0.4856058	0.0056179776	1.7263288e-05	0.049392227	15.116864	15.120693	0.070646316	-15.423233	-39.74714	2.5405502	2.513465	0.012315787	6.095765e-05	23.345549	4.291917	32.17959	1.7785596	0.013483145	0.15004945	2.0	0.0	22.398876	117998	452000.0	21809.617110729218
114	0.4282882	0.011173184	1.5684087e-05	0.048721816	15.22239	15.222048	0.06879932	-15.561819	-39.819866	2.5810108	2.5603046	0.012490442	6.156721e-05	22.43598	4.2890043	32.2603	3.0850914	0.034078214	0.28541967	2.9	0.0	22.463688	118998	456000.0	22001.237442970276
115	0.37000918	0.0	1.4205551e-05	0.04919856	15.143136	15.143107	0.070229985	-15.33724	-39.334072	2.316344	2.2882502	0.011913681	6.2182895e-05	23.153557	3.7951207	31.473162	11.712832	0.002259887	0.014862087	0.1	0.0	22.717514	119998	460000.0	22190.900856018066
116	0.31102496	0.0056497175	1.29240225e-05	0.047581896	15.278516	15.276634	0.066454545	-15.561988	-40.50401	2.5792902	2.5528023	0.011955696	6.280471e-05	22.814617	4.222951	31.265911	4.4515843	0.017514125	0.15285803	2.0	0.0	22.497175	120998	464000.0	22387.387544631958
117	0.2504841	0.016759777	1.1690847e-05	0.048798982	15.261153	15.263014	0.06699899	-15.507559	-40.870914	2.4612517	2.4361153	0.011946898	6.343277e-05	22.723322	4.702195	32.11003	2.474142	0.041340783	0.2847529	2.5	0.0	22.385475	121998	468000.0	22585.090601682663
118	0.18974587	0.0	1.0606861e-05	0.049511984	15.344098	15.345401	0.065795645	-15.6301	-41.80589	2.5146265	2.4895494	0.011913024	6.406709e-05	23.00874	3.510422	31.220367	12.66064	0.0039772727	0.022260837	0.2	0.0	22.53409	122998	472000.0	22783.029310941696
119	0.12826715	0.0	9.6385575e-06	0.0490484	15.240028	15.239719	0.06843848	-15.34818	-39.551712	2.3732746	2.3485248	0.011485823	6.470777e-05	23.267426	4.1610146	30.429882	2.1743753	0.014444444	0.15170227	2.0	0.0	22.311111	123998	476000.0	22976.542298316956
120	0.06606219	0.021978023	8.743584e-06	0.048565514	15.296905	15.29636	0.06731432	-15.449647	-40.74818	2.3825018	2.3608372	0.011887943	6.5354834e-05	22.430584	4.6533833	30.98906	0.56256765	0.047802195	0.3082574	2.2	0.0	21.956043	124998	480000.0	23173.41362786293
121	0.003608078	0.005524862	7.947016e-06	0.047649886	15.362047	15.361701	0.066454105	-15.537247	-39.900856	2.387791	2.3642318	0.011589525	6.600839e-05	22.876413	3.914485	30.146933	8.29709	0.020441988	0.16035806	2.1	0.0	22.154696	125998	484000.0	23367.399519443512
122	-0.06011746	0.011173184	7.2006774e-06	0.048927248	15.410473	15.409644	0.06463555	-15.585582	-41.72728	2.4534755	2.4321246	0.011145932	6.666848e-05	22.646198	4.6884084	31.31118	2.0103815	0.038547486	0.2705676	2.2	0.0	22.396648	126998	488000.0	23559.204456329346
123	-0.12430734	0.022346368	6.541855e-06	0.047961414	15.293498	15.294906	0.06784691	-15.317372	-40.268265	2.1335108	2.1082022	0.010928434	6.7335175e-05	22.063992	5.0571523	30.1288	1.758698	0.05698324	0.35688576	2.7	0.0	22.307262	127998	492000.0	23752.517122745514
124	-0.18902886	0.005524862	5.9354934e-06	0.048889954	15.290509	15.289709	0.06753128	-15.260195	-40.30465	2.1170113	2.0928404	0.010800669	6.800853e-05	22.886992	3.6823888	31.57094	3.5694692	0.0160221	0.16626434	2.2	0.0	22.19337	128998	496000.0	23942.28474330902
125	-0.2549229	0.0	5.365585e-06	0.047257736	15.677281	15.679201	0.05907143	-16.014786	-44.259827	2.603203	2.5763545	0.011578283	6.868859e-05	22.639345	4.1568274	30.645615	0.56901664	0.016759777	0.15115422	2.0	0.0	22.346369	129998	500000.0	24134.554713010788
