Epoch	penalty	Crash_ratio	alpha	entropy	critic1	critic2	cost	LossPi	alpha_loss	critic1_loss	critic2_loss	cost_loss	sigma	AverageEpRet	StdEpRet	MaxEpRet	MinEpRet	AverageEpCost	StdEpCost	MaxEpCost	MinEpCost	EpLen	Buffer_size	TotalEnvInteracts	Time
1	1.0550337	0.47685185	0.95053923	1.1360413	0.7424806	0.73014486	0.23595785	-1.5807447	-0.22292507	2.211456	2.2145834	0.14292596	0.100005016	6.259023	8.751291	23.906925	-8.239445	3.5835862	1.2937794	7.353957	0.9203512	18.342592	5998	4000.0	263.06527829170227
2	1.1610454	0.39267015	0.8620745	1.1881422	0.97169983	0.97147995	0.27034932	-1.79017	-0.70772094	2.557961	2.5613863	0.12187117	0.105005264	8.545065	8.598763	25.08569	-7.514579	3.379484	1.2411482	7.1519	0.9413016	19.3089	6998	8000.0	519.4355783462524
3	1.2659961	0.295858	0.7810653	1.0888623	1.0118289	1.0113461	0.28021935	-1.692005	-1.1266114	2.8338244	2.8335047	0.112458624	0.110255525	9.531708	22.82374	22.78514	-265.98972	3.0781603	1.2703164	6.143934	0.0	25.680473	7998	12000.0	765.5064556598663
4	1.3707429	0.28787878	0.71024805	1.0101628	1.1169853	1.1170938	0.29683965	-1.716919	-1.5277112	3.0496993	3.0462506	0.10368928	0.11576826	12.565977	8.227136	26.07176	-4.6105957	3.0408492	1.3130782	6.4362884	0.9109806	20.161615	8998	16000.0	998.9913845062256
5	1.4761223	0.29381442	0.64450693	0.89912754	1.2475444	1.2471397	0.3187608	-1.803133	-1.9428364	3.275782	3.2701044	0.09527014	0.12155673	13.26331	8.815802	26.989397	-8.43826	2.9673789	1.3639717	6.4412885	0.9105993	20.51031	9999	20000.0	1237.4000141620636
6	1.5811008	0.24742268	0.58703136	0.7222776	1.3601798	1.3603647	0.33837298	-1.822202	-2.180944	3.4257684	3.418728	0.086440615	0.12763457	15.016853	8.277829	26.754147	-4.0797086	2.8699968	1.3586209	6.149177	0.6627762	20.62371	10998	24000.0	1466.829021692276
7	1.686219	0.2994924	0.5338414	0.6377815	1.5350374	1.5347632	0.35991484	-2.007408	-2.608813	3.4205024	3.4127789	0.07765449	0.13401628	14.425389	8.341186	27.303848	-3.4302003	2.9051929	1.3609314	5.9109554	0.67784196	20.350254	12000	28000.0	1698.7829232215881
8	1.7903472	0.16483517	0.48687795	0.5315711	1.697144	1.6975005	0.37424782	-2.0259712	-2.7057788	3.376475	3.369893	0.071652465	0.14071707	17.666473	6.779153	27.745777	-1.8013973	2.7155397	1.2336786	5.7914243	0.89153033	21.478022	12998	32000.0	1935.3920998573303
9	1.8947496	0.25165564	0.44129664	0.5202552	1.9568645	1.9566219	0.3998632	-2.2747192	-3.39016	3.3644376	3.3564935	0.0655766	0.14775296	15.990248	8.275591	26.761003	-14.236537	2.7465975	1.3036915	6.679142	0.0	27.086092	13998	36000.0	2190.396144390106
10	1.9980562	0.24352331	0.4000646	0.47008985	2.1167397	2.116731	0.41237748	-2.2528112	-3.6633203	3.2796552	3.2705445	0.062072262	0.15514056	16.809162	8.03034	28.542631	-1.0234149	2.7574608	1.2769046	6.589965	0.69918454	20.68912	15000	40000.0	2424.3014240264893
11	2.100668	0.17837837	0.36310983	0.4222597	2.354618	2.3539853	0.42833582	-2.4202402	-4.003204	3.2048323	3.1925683	0.058402415	0.16289762	18.40289	7.1715465	29.21637	0.27859804	2.5648322	1.1663996	5.253563	0.91445917	21.513514	15998	44000.0	2654.7146122455597
12	2.2034757	0.18947369	0.329575	0.38388646	2.559838	2.5601084	0.43851602	-2.476937	-4.2320223	3.0871236	3.0731168	0.05595562	0.17104249	18.907917	7.4232464	30.905918	1.2153012	2.554997	1.2176319	5.394978	0.91036826	21.263159	16998	48000.0	2883.348940849304
13	2.3054848	0.18478261	0.29922885	0.34312218	2.8281035	2.8285856	0.45605245	-2.695137	-4.67267	2.9971833	2.9785883	0.053218406	0.17959465	19.513569	7.665168	31.188513	0.89510465	2.5633001	1.2316252	5.577915	0.91270965	21.60326	17998	52000.0	3110.9015634059906
14	2.4074185	0.21761657	0.27135915	0.30759898	3.0148666	3.0145376	0.4603186	-2.6929643	-4.8346486	2.8842707	2.8629854	0.05118142	0.18857437	18.556671	7.999897	30.075045	-3.2920094	2.5378458	1.2432412	5.3591013	0.90890175	20.761658	18998	56000.0	3354.24373793602
15	2.5086129	0.2393617	0.24616717	0.2811781	3.317997	3.3170004	0.4794998	-3.0099292	-5.6221	2.797769	2.7711737	0.050267838	0.19800308	19.114338	8.2143955	30.350283	1.0169762	2.7332711	1.3220149	6.930979	0.9114391	21.18617	19998	60000.0	3608.4680683612823
16	2.6108975	0.14594595	0.222429	0.24293464	3.5541153	3.5534742	0.49202526	-3.1369658	-5.963486	2.7096748	2.6758494	0.04895212	0.20790324	20.914944	7.059287	30.391607	2.4336116	2.3602288	1.1718348	5.9230094	0.66677713	21.572973	20998	64000.0	3858.621550798416
17	2.7120047	0.1861702	0.20213757	0.21812811	3.742549	3.742456	0.49612898	-3.1369233	-5.9040146	2.607397	2.5678349	0.04773272	0.21829838	20.131414	7.6443796	30.992096	2.8128061	2.4797812	1.2422665	5.9496655	0.90988344	21.335106	21998	68000.0	4099.646026134491
18	2.8128235	0.1904762	0.18374728	0.19967963	4.003698	4.0029674	0.5088374	-3.3483486	-6.572143	2.5166843	2.470913	0.04712086	0.22921327	20.290958	7.959205	31.52383	1.2026066	2.4911897	1.2586806	5.707747	0.9100636	21.306879	22998	72000.0	4343.526500701904
19	2.9137266	0.18716578	0.1667023	0.17375243	4.187826	4.1880045	0.51398295	-3.3841627	-6.495253	2.4241924	2.373835	0.045699783	0.2406739	20.524376	7.5088906	31.972095	2.1253657	2.5038564	1.2759811	5.694974	0.9124106	21.390375	23998	76000.0	4589.625507354736
20	3.0146966	0.16847827	0.15080014	0.16212912	4.506603	4.5055413	0.5266796	-3.6780899	-7.4913883	2.411403	2.352624	0.046486843	0.2527077	21.187109	7.5418572	30.82573	3.29124	2.464876	1.2623161	6.0362625	0.66777813	21.625	24998	80000.0	4825.082432508469
21	3.115505	0.18716578	0.13666014	0.14602463	4.735237	4.735007	0.5338446	-3.829567	-7.85059	2.3511539	2.285632	0.045453984	0.26534307	20.761377	7.5478888	32.91367	2.8831713	2.4784186	1.1891773	5.58349	0.9122377	21.44385	25998	84000.0	5050.71911406517
22	3.2154484	0.13513513	0.12408237	0.13491186	4.86196	4.8609295	0.5332246	-3.7336752	-7.737083	2.2045698	2.1415226	0.043760963	0.27861014	21.303022	7.0248985	31.731178	2.7933397	2.3573358	1.1548481	6.056368	0.8963799	21.497297	26998	88000.0	5288.145090579987
23	3.315543	0.13586956	0.11308982	0.12145661	5.093132	5.0934134	0.54220754	-3.8998606	-7.7863946	2.164101	2.0960014	0.043624878	0.29254067	21.761063	6.6511707	30.318806	2.6806624	2.3502216	1.2838651	6.26453	0.6657782	21.804348	27998	92000.0	5512.0563843250275
24	3.4154603	0.17741935	0.10267662	0.11438945	5.280924	5.280832	0.5443438	-3.9434566	-8.287598	2.1026983	2.0352094	0.042989913	0.3071677	20.662516	7.4637923	31.976997	1.8309507	2.4327497	1.2558005	5.681694	0.667527	21.365591	28998	96000.0	5732.266856431961
25	3.5153604	0.15300547	0.092949405	0.10934467	5.48917	5.4894304	0.548932	-4.071328	-8.687245	2.0488162	1.9770284	0.04234169	0.32252607	21.353262	7.502303	33.438747	3.711302	2.3799686	1.2036985	5.916482	0.91040355	21.836065	29998	100000.0	5952.820708274841
26	3.6153178	0.12972973	0.08450659	0.10169551	5.7559705	5.7555647	0.5568113	-4.315077	-9.343687	2.0639951	1.9897151	0.043685026	0.3386524	21.51418	6.8826833	32.024216	2.5106077	2.3776531	1.1975583	6.2195663	0.9083948	21.891891	31000	104000.0	6183.2610721588135
27	3.7151327	0.083333336	0.07656182	0.099999875	5.854252	5.853783	0.554266	-4.192201	-9.127422	1.9251672	1.8587155	0.041851845	0.35558507	22.054476	6.160085	29.876865	-1.5424336	2.1229327	1.1050769	6.6159196	0.67820525	22.066668	31998	108000.0	6411.575412988663
28	3.8144784	0.13043478	0.06957991	0.09380977	6.061416	6.0607843	0.5574356	-4.3392773	-9.245907	1.9188305	1.8506218	0.041741643	0.3733644	21.363552	6.749067	31.607119	2.6762288	2.2633915	1.1215277	6.028834	0.90925765	21.809782	32998	112000.0	6637.810713768005
29	3.9135864	0.13513513	0.06320869	0.09184657	6.2120566	6.210084	0.55553114	-4.332797	-9.573371	1.8478589	1.7875445	0.041179154	0.39203253	21.281265	7.213828	30.553635	2.8351462	2.1357422	1.0509819	5.9599466	0.908706	21.497297	33998	116000.0	6874.241041183472
30	4.012923	0.11956522	0.057364464	0.089852735	6.5000157	6.4994955	0.5586633	-4.66571	-10.267672	1.9398848	1.8779337	0.041900285	0.4116341	22.08849	6.5243225	31.697372	4.0416183	2.2281291	1.1116701	5.4183903	0.91190636	21.880434	34999	120000.0	7098.029034852982
31	4.1123095	0.09836066	0.051884975	0.08992456	6.729384	6.7283554	0.5598431	-4.909103	-10.773558	1.9137822	1.852324	0.041356545	0.43221584	22.148296	6.497081	30.997545	3.0469732	2.1129632	1.0738991	5.025808	0.90857583	21.721312	35998	124000.0	7334.555704116821
32	4.211519	0.14673913	0.047110345	0.087922454	6.795376	6.7954698	0.5594635	-4.6878643	-10.508785	1.8235328	1.7710232	0.04048217	0.45382667	21.607838	7.6152005	31.623405	1.5181499	2.2582226	1.1255122	5.239406	0.9092687	21.809782	36998	128000.0	7567.4213144779205
33	4.3107777	0.08888889	0.042793952	0.086421736	6.970306	6.9699416	0.562343	-4.7788863	-10.914236	1.7898487	1.7376746	0.040755432	0.47651803	22.33019	6.272241	30.715952	3.2618332	2.1738625	1.0514101	6.3799253	0.6677631	22.244444	37998	132000.0	7804.63107085228
34	4.409344	0.08287293	0.038700838	0.08729242	7.2866254	7.2861695	0.5546505	-5.2325196	-11.829319	1.917889	1.8644295	0.04131907	0.5003439	21.752651	6.1989183	30.48191	1.2084322	2.1518223	0.9881749	5.470145	0.9115641	22.110497	38999	136000.0	8037.944059610367
35	4.5081315	0.07103825	0.03509031	0.08445657	7.3663354	7.365026	0.5570248	-5.0836024	-11.589162	1.8246369	1.7767903	0.040899664	0.525361	22.264341	5.8314657	32.13405	1.5983503	2.0120313	0.9243567	5.0042276	0.6676887	21.874317	39998	140000.0	8264.789286851883
36	4.6068583	0.0726257	0.031844523	0.08473811	7.568996	7.568838	0.55355096	-5.2762303	-12.093396	1.8400767	1.7940434	0.040772192	0.551629	22.427244	5.8824	31.603569	2.2833056	1.9296986	0.9511729	5.2704577	0.9114129	22.234636	40998	144000.0	8493.323217868805
37	4.70533	0.06666667	0.028861934	0.08644632	7.8663273	7.8660803	0.5475684	-5.68203	-12.889461	1.9615535	1.914429	0.041503947	0.5792106	22.303951	5.8820496	31.665571	1.4388429	1.9624488	0.9337895	5.386998	0.90835494	22.294445	41998	148000.0	8719.69233417511
38	4.8040032	0.06666667	0.02616816	0.08475263	7.9225197	7.922243	0.55062336	-5.4940186	-12.9710455	1.8849072	1.8418425	0.04092308	0.6081713	22.487087	5.854725	31.007812	2.298127	1.9778286	0.93376136	6.485402	0.66774166	22.233334	42998	152000.0	8957.032223463058
39	4.9026036	0.028089888	0.023769503	0.08512398	8.056861	8.05681	0.54255164	-5.532114	-12.753783	1.8502197	1.8112148	0.040415056	0.6385797	23.425035	4.7242103	30.651636	3.3947966	1.8753737	0.7929953	4.7237034	0.90878946	22.505617	43998	156000.0	9189.026897907257
40	5.0003605	0.02259887	0.021541853	0.08331584	8.395607	8.394689	0.5350372	-6.0939198	-13.853362	2.0150423	1.9749216	0.04139414	0.67050856	23.234756	4.9513154	31.463367	0.893428	1.9174794	0.7653039	4.3209043	0.91030616	22.59887	44998	160000.0	9421.419505119324
41	5.098136	0.01724138	0.019488363	0.086176984	8.497431	8.497521	0.5302109	-6.0364876	-14.220256	1.9207844	1.8861917	0.04077043	0.70403403	22.616287	4.5422206	31.301575	-1.3876612	1.8016422	0.757389	4.711057	0.6735364	22.908047	45998	164000.0	9646.725622415543
42	5.1965466	0.02793296	0.017712887	0.08498143	8.480151	8.481298	0.531373	-5.7011313	-13.553787	1.7357033	1.7029786	0.039682556	0.7392357	22.962275	4.433049	31.312601	2.4766226	1.8021846	0.7457554	4.494184	0.9103262	22.357542	46998	168000.0	9875.377634525299
43	5.2948265	0.03448276	0.01610128	0.084871955	8.726581	8.727172	0.5234157	-6.0356703	-14.080337	1.8476294	1.8124948	0.040691935	0.7761974	23.269163	5.385747	33.11973	-2.059881	1.7605383	0.6834492	4.181245	0.9115607	22.902298	47998	172000.0	10098.564651489258
44	5.3917346	0.011173184	0.01454257	0.0879836	9.043299	9.042939	0.5091988	-6.597424	-15.59999	1.988311	1.9527615	0.04044434	0.8150073	23.192654	4.523538	31.373198	0.43747783	1.7135266	0.6572261	4.3233933	0.89504486	22.502792	48998	176000.0	10326.018238306046
45	5.4890723	0.028089888	0.013186333	0.08340014	9.181219	9.180167	0.50488216	-6.6354327	-15.186962	2.029949	1.9965289	0.04071293	0.85575765	22.655643	4.883271	31.298346	-0.706324	1.722763	0.6925653	4.956665	0.91067845	22.398876	49998	180000.0	10553.147977113724
46	5.5872755	0.011428571	0.011984191	0.08216155	9.157342	9.156772	0.5060207	-6.2845087	-14.63128	1.8500249	1.8232536	0.0399408	0.8985457	22.792402	4.179002	30.668047	3.4159143	1.6742449	0.57741433	4.324632	0.6675463	22.914286	50998	184000.0	10784.006417036057
47	5.6848845	0.022857143	0.010871385	0.08724041	9.424996	9.425763	0.4915853	-6.760523	-16.103813	2.057572	2.027119	0.039730754	0.94347316	22.496584	4.674102	31.86894	-0.8564625	1.6519228	0.5408258	4.24818	0.66707027	22.828571	51998	188000.0	11015.933911323547
48	5.7820625	0.01724138	0.009858515	0.08264942	9.495543	9.496561	0.4877625	-6.656476	-15.856863	1.9399444	1.913544	0.039602514	0.99064654	22.4688	3.999005	32.428165	4.016929	1.6832647	0.6564245	5.7323627	0.9026218	22.965517	52998	192000.0	11245.401711940765
49	5.8790097	0.0057142857	0.008930791	0.08717149	9.704756	9.704843	0.47340184	-6.9938602	-16.807255	2.0362246	2.0087428	0.03921411	1.040179	23.01181	3.913706	31.521105	2.062826	1.6040353	0.539283	5.0672135	0.7296965	22.811428	53998	196000.0	11472.512505531311
50	5.976254	0.028248588	0.008111965	0.083940655	9.834102	9.833429	0.47129768	-7.081752	-16.295431	2.0373034	2.0135868	0.039927736	1.092188	22.122671	5.0058293	32.18254	1.5726954	1.6955057	0.63246626	4.100924	0.6697674	22.61582	54998	200000.0	11700.776647567749
51	6.0737567	0.0057471264	0.00737538	0.08223602	9.900127	9.90015	0.46571994	-7.0098257	-16.120594	1.9793316	1.9533653	0.03949174	1.1467974	22.76749	4.0241976	31.22471	-1.7593162	1.5973798	0.5723267	4.4280405	0.8259016	23.06322	55998	204000.0	11934.153368234634
52	6.1701255	0.017142856	0.0066572702	0.08805349	10.253424	10.254039	0.4471125	-7.744823	-18.861996	2.2722936	2.2475057	0.039492495	1.2041372	22.830387	4.406547	31.00577	4.587504	1.6107394	0.49568602	3.8203764	0.9097325	22.805714	56998	208000.0	12174.31531047821
53	6.2666645	0.011494253	0.0060249204	0.086483076	10.304151	10.304161	0.441977	-7.637166	-18.463646	2.1355493	2.1129184	0.038912274	1.2643437	22.242794	4.261034	30.823696	3.3189247	1.6130978	0.5187484	3.994967	0.67085797	22.948277	57998	212000.0	12406.14662194252
54	6.363546	0.01734104	0.0054741604	0.08461638	10.471826	10.4716015	0.4362575	-7.824574	-18.414371	2.2057195	2.1859763	0.03859147	1.3275613	22.171585	4.6158466	30.578259	-3.9300563	1.6133192	0.49432597	4.0304193	0.89801	23.196531	58999	216000.0	12637.447363853455
55	6.4597297	0.0	0.0049565667	0.08164784	10.637046	10.637498	0.42513946	-8.039322	-18.872131	2.2319708	2.2161121	0.03822483	1.3939393	22.744698	3.8945704	31.682268	11.605177	1.5470427	0.39000437	2.7865515	0.8964632	22.88	59998	220000.0	12861.921768426895
56	6.5577703	0.0	0.0045131	0.0770775	10.582991	10.583632	0.42668876	-7.6692715	-18.103878	2.0344226	2.016099	0.03833683	1.4636365	22.436268	4.0495787	32.051636	11.782654	1.5256993	0.41188177	2.8050265	0.91042006	22.727272	60998	224000.0	13088.451334476471
57	6.65466	0.028409092	0.0040968074	0.08054744	10.86883	10.869025	0.41207603	-8.244394	-19.412144	2.1619952	2.146088	0.03787877	1.5368181	22.201538	4.9433117	30.386717	-1.6817311	1.6119637	0.6056651	4.462991	0.9100476	22.761364	61998	228000.0	13316.871884346008
58	6.7498436	0.0	0.0036991425	0.07837607	11.217925	11.217461	0.39631364	-8.899373	-20.876524	2.5217617	2.5067277	0.038190447	1.6136594	22.746527	3.6857564	30.23566	11.573853	1.5694944	0.4307698	2.9565783	0.67200553	22.913296	62998	232000.0	13558.598502397537
59	6.84733	0.0	0.0033646007	0.0760101	10.990528	10.989144	0.40485469	-8.041965	-19.087166	2.0651011	2.0558863	0.03674622	1.6943423	22.918844	3.6211207	31.188482	12.631707	1.5390388	0.3988679	2.64026	0.63999784	22.994318	63998	236000.0	13795.614346504211
60	6.944502	0.0	0.003055861	0.07263112	11.187167	11.188404	0.3942481	-8.3533125	-19.09362	2.1413083	2.1321392	0.036169864	1.7790593	22.737465	4.3173275	30.430859	1.8439307	1.5725937	0.5012722	5.1326623	0.6663526	22.884394	64998	240000.0	14023.584915161133
61	7.04141	0.011235955	0.002773143	0.07364696	11.394173	11.392663	0.3850614	-8.697209	-20.74927	2.2036855	2.1943476	0.035701677	1.8680118	22.171877	4.3108635	32.014194	9.240632	1.6067125	0.56400526	4.257431	0.6677717	22.5	65998	244000.0	14250.946942567825
62	7.1372967	0.0056497175	0.002506317	0.072478704	11.692819	11.692728	0.37305337	-9.2542715	-22.300556	2.531484	2.525479	0.03702568	1.9614128	22.206228	4.08145	30.887838	4.632531	1.5905361	0.51302266	4.0295634	0.9018635	22.757063	66998	248000.0	14476.850512981415
63	7.2335815	0.016949153	0.002267661	0.07298887	11.699215	11.699664	0.369297	-9.06677	-21.913134	2.3808682	2.375986	0.03526587	2.0594828	22.324387	4.444282	31.182207	1.0518674	1.5178168	0.5035513	4.4645867	0.90565413	22.474577	67998	252000.0	14700.558972597122
64	7.3301187	0.016853932	0.0020577607	0.06997314	11.744178	11.7437105	0.3661411	-9.032183	-21.464636	2.2381065	2.2384229	0.03523581	2.1624575	22.408552	4.456762	30.712135	-1.4771701	1.5682713	0.5147407	4.1171284	0.88983244	22.511236	68998	256000.0	14927.486943244934
65	7.4272585	0.02259887	0.0018679533	0.06991292	11.999732	11.998552	0.35873187	-9.432097	-23.214193	2.5576534	2.557566	0.03529062	2.27058	21.684715	4.7078595	30.647257	2.774438	1.6714319	0.5603424	3.9557183	0.6856836	22.463276	69998	260000.0	15166.822601795197
66	7.524639	0.011299435	0.0016965341	0.06633136	11.990577	11.990078	0.3582205	-9.180709	-21.957182	2.3451784	2.348019	0.03460524	2.384109	22.398129	4.2736278	30.987566	4.627381	1.5789491	0.46395963	3.7627227	0.91131985	22.79661	70998	264000.0	15400.294122695923
67	7.620957	0.0055555557	0.0015403911	0.06604895	12.227494	12.227565	0.34666416	-9.622158	-22.774277	2.5092456	2.513113	0.034067467	2.5033145	22.485935	4.2149057	30.650124	2.6014214	1.5559148	0.44119895	3.907768	0.91306436	22.272223	71998	268000.0	15628.425744771957
68	7.716853	0.0	0.0013929197	0.06713681	12.471179	12.471961	0.3392431	-10.039525	-24.44512	2.6308618	2.6341746	0.034336608	2.6284804	22.736746	3.6709344	31.722338	12.296816	1.5483291	0.4464142	2.9911807	0.6383207	22.6875	72998	272000.0	15853.903960943222
69	7.81353	0.011299435	0.0012644732	0.06501128	12.514358	12.514434	0.33608168	-9.982591	-23.62503	2.408212	2.4093149	0.03323414	2.7599041	22.074242	4.6473584	30.825407	3.1993372	1.5729191	0.52106875	4.535201	0.9009986	22.502825	73998	276000.0	16079.089657783508
70	7.9101815	0.0	0.0011490351	0.064521	12.547434	12.547359	0.33025098	-9.846353	-23.623219	2.409805	2.4157915	0.032836348	2.8978996	22.3958	3.8518271	32.018013	11.897677	1.5105687	0.41968152	2.7943027	0.6677874	22.485876	74998	280000.0	16305.685834884644
71	8.006835	0.011049724	0.001043422	0.06490267	12.654373	12.652823	0.3293893	-9.920638	-23.617563	2.4721055	2.4804192	0.032787323	3.0427945	22.9256	4.0788503	30.893345	3.520852	1.5490088	0.58515036	6.019778	0.6675602	22.348066	75998	284000.0	16535.70189499855
72	8.1039095	0.0	0.0009468467	0.06393743	12.825896	12.824853	0.32107788	-10.232387	-24.470297	2.5267773	2.5317314	0.03248528	3.1949344	22.406857	3.8356478	30.567017	11.515604	1.5752329	0.47977072	4.4884806	0.91002774	22.827587	76998	288000.0	16771.387624025345
73	8.200543	0.0	0.00085736637	0.06358972	12.906934	12.907875	0.32116604	-10.19781	-24.989344	2.5088632	2.517506	0.03227372	3.3546817	22.411587	3.866383	34.85019	11.324422	1.5210992	0.4464128	3.024445	0.6738058	22.455555	77998	292000.0	17005.37476706505
74	8.296935	0.0	0.0007765766	0.06508092	13.146282	13.145201	0.31141675	-10.605983	-25.885735	2.6646147	2.6752248	0.032436255	3.5224156	21.833923	4.123819	30.674541	1.9484385	1.6203411	0.5694907	4.5501194	0.66681707	22.505682	78998	296000.0	17235.369820594788
75	8.393812	0.0056497175	0.000704598	0.0643679	13.247256	13.248547	0.30883887	-10.698961	-25.68988	2.7106588	2.7239017	0.031729072	3.6985369	22.44262	3.896126	31.707518	1.7015831	1.5521244	0.48214343	4.739516	0.909321	22.683617	79998	300000.0	17463.160613775253
76	8.490819	0.0	0.00064008555	0.06349368	13.10766	13.107951	0.31137678	-10.148035	-24.549852	2.3086832	2.318048	0.030951314	3.8834634	22.731236	3.867169	32.696037	12.4881115	1.5568154	0.43157807	3.4604454	0.9140723	22.782858	80998	304000.0	17688.21415901184
77	8.587738	0.011111111	0.0005809511	0.064228274	13.468471	13.466667	0.29923156	-10.87021	-26.749016	2.7737129	2.7875185	0.031089138	4.0776353	22.3495	4.163978	30.751049	0.9689279	1.550909	0.54451424	4.7596064	0.89446646	22.3	81998	308000.0	17914.46873140335
78	8.684367	0.0056497175	0.000526039	0.064193405	13.318634	13.318901	0.30361286	-10.3477	-25.210735	2.2948935	2.3027434	0.02962537	4.2815175	22.496645	4.0390244	31.928722	4.68632	1.5889093	0.44172755	3.5870807	0.67904294	22.531073	83000	312000.0	18143.702687501907
79	8.780549	0.0056179776	0.0004762926	0.0625564	13.883746	13.882046	0.2849183	-11.6571665	-29.361063	2.9270117	2.9385674	0.030295797	4.4955935	22.57341	4.1655207	30.950207	2.3642137	1.4987446	0.48827645	3.9516852	0.6530863	22.376404	83998	316000.0	18375.70412182808
80	8.876603	0.005586592	0.00043088465	0.0638356	13.593965	13.594566	0.29367438	-10.702349	-27.037855	2.4142354	2.4285846	0.029571306	4.720374	22.56669	4.147343	32.00397	1.4803072	1.6009914	0.5301694	4.739754	0.7606042	22.502792	84998	320000.0	18613.412991285324
81	8.974756	0.011235955	0.00039206774	0.060952026	13.69822	13.698831	0.29294157	-10.735099	-26.562078	2.4806108	2.492658	0.029468521	4.9563932	22.306292	4.2713866	31.218193	1.3666949	1.5400453	0.48850694	4.0367446	0.8952223	22.35955	85998	324000.0	18849.878257513046
82	9.0718	0.005586592	0.00035550518	0.062332805	13.983937	13.983926	0.28236255	-11.426814	-29.48915	2.703626	2.7126422	0.029263828	5.2042117	23.027098	4.227455	31.400152	4.5490594	1.5271971	0.41656125	3.6771193	0.90500575	22.418995	86998	328000.0	19080.030461788177
83	9.167905	0.0	0.00032193537	0.061969772	13.926924	13.926667	0.28405145	-10.996537	-28.446688	2.5839033	2.6008418	0.028831374	5.4644217	22.855003	4.081596	31.9019	1.3957695	1.5500236	0.52806205	4.9667854	0.67338675	22.379889	87998	332000.0	19308.314292430878
84	9.26548	0.0	0.00029259612	0.06141223	13.923754	13.924196	0.28302595	-10.889381	-27.967155	2.3711343	2.3871818	0.02789209	5.7376437	22.461994	3.8136287	32.435608	13.715511	1.5980583	0.5464119	5.6328316	0.6798848	22.497175	88998	336000.0	19538.52677488327
85	9.361585	0.0	0.00026477486	0.06329637	14.203307	14.20285	0.2761554	-11.4712515	-29.961948	2.6868672	2.7015493	0.028421395	6.024525	23.071348	3.4814007	29.885948	13.205029	1.5260986	0.44437602	3.1853864	0.67492956	22.211111	90000	340000.0	19770.92770433426
86	9.458781	0.0056179776	0.00024066254	0.062016435	14.235323	14.234207	0.27322465	-11.429386	-29.265213	2.576501	2.592015	0.027455414	6.325751	23.190813	3.846938	31.007946	0.36554635	1.5383598	0.5696599	4.4830747	0.6710701	22.58427	90998	344000.0	20004.842027187347
87	9.555396	0.0	0.00021818522	0.06180224	14.199303	14.201156	0.27615508	-11.116813	-28.758705	2.36481	2.383085	0.027173664	6.6420403	23.207506	3.512787	31.791372	9.305007	1.5087382	0.5087617	4.8838315	0.674513	22.33146	91998	348000.0	20246.367874145508
88	9.653383	0.0055555557	0.00019832286	0.060489092	14.427121	14.42556	0.27112842	-11.516498	-30.792564	2.753465	2.7685196	0.027755272	6.974141	22.699993	4.1570215	30.982128	2.0968056	1.5648682	0.4437556	3.8895679	0.66776097	22.405556	92998	352000.0	20493.976552009583
89	9.7498045	0.005586592	0.0001791564	0.06026773	14.4258175	14.42356	0.27099043	-11.351207	-30.064034	2.5093658	2.5285654	0.02638518	7.3228474	22.308678	4.036641	30.501244	1.7158505	1.5285188	0.4512765	3.8393214	0.9089919	22.201117	93998	356000.0	20736.797113656998
90	9.847574	0.0054945056	0.00016305174	0.059947647	14.48542	14.485731	0.2688043	-11.35453	-30.396944	2.4851298	2.5030463	0.026633682	7.6889906	22.720268	4.3102274	31.837698	9.010248	1.5191997	0.48531705	4.0407124	0.91002315	22.027473	94998	360000.0	20976.85029244423
91	9.944278	0.0	0.00014763023	0.062020425	14.69478	14.694312	0.2638944	-11.711947	-31.422707	2.671742	2.695907	0.026648333	8.073441	23.118103	3.4715207	31.890759	12.99765	1.5439981	0.40512872	2.9492319	0.8994514	22.672316	96000	364000.0	21219.960814237595
92	10.040754	0.0	0.0001338053	0.05895216	14.751359	14.750803	0.26083428	-11.779437	-32.19501	2.7047856	2.7249708	0.026268719	8.47711	22.617975	3.52018	30.534334	12.426498	1.5082315	0.44748178	3.1732621	0.66971534	22.363129	97000	368000.0	21456.386939048767
93	10.137516	0.005586592	0.000121228906	0.058619723	14.773689	14.772224	0.25981042	-11.637389	-32.096226	2.5803568	2.5997655	0.026236318	8.900968	22.730484	4.1405425	30.745195	1.8162938	1.554346	0.52920794	4.123307	0.8920331	22.312849	97998	372000.0	21685.85444498062
94	10.234779	0.0	0.00011007792	0.0583696	14.791824	14.791868	0.2608409	-11.505565	-31.524105	2.5564497	2.5851362	0.026250554	9.346017	22.511446	3.8499033	31.581083	10.200893	1.509784	0.43448845	3.2167864	0.9107599	22.402235	98998	376000.0	21932.9005317688
95	10.332209	0.0	9.998245e-05	0.0587951	14.798777	14.800615	0.25845692	-11.386197	-31.630283	2.4139102	2.4361572	0.025417633	9.813014	22.574766	3.9282217	30.985186	1.8699374	1.560197	0.49409175	4.9786177	0.91488516	22.184357	99998	380000.0	22177.869618177414
96	10.43008	0.0056497175	9.0826004e-05	0.05863449	14.80316	14.802077	0.2610204	-11.25576	-31.263184	2.3497553	2.3738885	0.025147885	10.0	22.739708	3.555742	29.683363	2.0613015	1.5454661	0.47231847	4.2675114	0.9086259	22.531073	100998	384000.0	22418.92347049713
97	10.527318	0.0	8.237749e-05	0.05868276	14.983885	14.982283	0.25411192	-11.732182	-32.536118	2.5598989	2.5842717	0.02533619	10.0	22.754349	3.9558678	31.061687	12.754787	1.4977697	0.3832349	2.6164982	0.9006138	22.35	101998	388000.0	22654.163489341736
98	10.622593	0.0	7.433558e-05	0.057033356	15.118574	15.1185465	0.25095475	-11.955822	-34.049335	2.588443	2.6130142	0.025012001	10.0	22.905272	3.4868777	31.628199	13.8625555	1.5535812	0.4979686	4.4092093	0.8917406	22.508474	102998	392000.0	22895.053215026855
99	10.72021	0.0056179776	6.745587e-05	0.05736322	15.094107	15.094398	0.25186092	-11.818797	-34.165092	2.476549	2.4969754	0.024656506	10.0	23.20221	3.6600373	30.85812	2.1879177	1.5254325	0.4320331	4.0328465	0.9068319	22.634832	103998	396000.0	23137.89436364174
100	10.816912	0.0	6.110357e-05	0.057759594	15.246654	15.248231	0.24790643	-12.156183	-35.247448	2.6341827	2.655109	0.025163902	10.0	22.835659	3.7882485	32.088024	13.186484	1.4487443	0.39582527	3.0674744	0.9086745	22.329609	104998	400000.0	23376.468782186508
101	10.915268	0.0	5.551385e-05	0.059345774	15.107616	15.10716	0.25375557	-11.62471	-33.162315	2.4098947	2.4397066	0.024547016	10.0	23.048565	4.0423217	31.732918	10.165255	1.5609056	0.479349	4.069049	0.90996504	22.370787	105998	404000.0	23606.749685764313
102	11.012209	0.005586592	5.0332652e-05	0.05816528	15.307245	15.306498	0.24619497	-12.118641	-35.211853	2.534487	2.5563145	0.024582816	10.0	22.570135	3.8229432	29.250542	4.506871	1.5288357	0.45651847	3.5866213	0.89105135	22.307262	106998	408000.0	23846.488693237305
103	11.1088085	0.0054945056	4.5577755e-05	0.05908538	15.496528	15.4967785	0.2427759	-12.561691	-36.325672	2.7126095	2.7388809	0.024255069	10.0	22.780743	3.6516337	31.135319	2.4939752	1.5597947	0.5244336	3.8461754	0.896553	22.04945	107998	412000.0	24094.632866859436
104	11.204567	0.0056179776	4.1191477e-05	0.059566177	15.663007	15.660838	0.23880313	-12.820837	-38.969822	2.810563	2.8351438	0.024270313	10.0	22.731813	3.6427011	29.627848	5.0188293	1.58523	0.54394144	5.8047585	0.90986264	22.41573	108998	416000.0	24337.40599298477
105	11.302745	0.0056497175	3.7409925e-05	0.057897065	15.390506	15.390469	0.24738672	-11.955307	-35.25003	2.3874042	2.4132247	0.023598038	10.0	22.895765	3.7242393	31.363903	1.3671668	1.6123728	0.51636153	4.5946555	0.91094667	22.58192	109998	420000.0	24580.226522922516
106	11.400802	0.0	3.4035027e-05	0.058099944	15.40844	15.407408	0.24524698	-11.923854	-35.32179	2.3434827	2.373876	0.023477554	10.0	22.874111	3.6097293	31.448927	10.930705	1.5591584	0.4688186	3.512282	0.6677334	22.542374	110998	424000.0	24826.755907297134
107	11.499234	0.0054945056	3.0975203e-05	0.057127982	15.410262	15.4091015	0.24604736	-11.795874	-34.342007	2.201987	2.232709	0.023199048	10.0	23.116777	3.3758366	29.622364	3.8077772	1.5325019	0.47133228	4.34426	0.9105755	22.115385	111998	428000.0	25065.81757569313
108	11.595972	0.0	2.808528e-05	0.05776176	15.4381485	15.438123	0.24467728	-11.827432	-34.931767	2.2601147	2.2869742	0.023335136	10.0	23.353477	3.6185794	31.272438	11.858587	1.5021249	0.38787866	2.8030312	0.9247117	22.398876	112998	432000.0	25305.544516324997
109	11.692207	0.0056179776	2.5372594e-05	0.057910588	15.815617	15.815059	0.2369779	-12.835686	-39.23768	2.6916413	2.719026	0.023376267	10.0	23.052753	3.7658634	30.492289	-0.14110363	1.5240331	0.47010025	3.7733173	0.66550624	22.60674	113998	436000.0	25551.608776807785
110	11.790088	0.0	2.3010733e-05	0.054956313	15.474977	15.475722	0.24611226	-11.721025	-35.02774	2.218067	2.2446408	0.022622403	10.0	22.684736	3.5139215	29.3615	12.005618	1.533679	0.47383374	4.4546585	0.9094328	22.460674	114998	440000.0	25804.971935749054
111	11.887598	0.011235955	2.086857e-05	0.0564595	15.746547	15.746229	0.23772043	-12.500777	-38.87067	2.464306	2.4897447	0.022575488	10.0	22.287209	4.1613035	32.830494	1.3331665	1.572419	0.4861643	3.5740442	0.6676934	22.39326	116000	444000.0	26050.441510915756
112	11.985946	0.0	1.8965948e-05	0.05605461	15.614845	15.617063	0.24523312	-11.920731	-35.95244	2.3395972	2.3654366	0.022991158	10.0	22.88885	3.6436746	31.686893	12.11845	1.5773066	0.40825936	3.1199074	0.90826875	22.452515	116998	448000.0	26298.060259103775
113	12.083517	0.011299435	1.7198816e-05	0.05646405	15.68992	15.689506	0.24057403	-12.143471	-36.82679	2.3562455	2.3814957	0.022313703	10.0	22.734211	4.1815414	31.005714	1.2044485	1.5984879	0.5305379	5.3554587	0.67508256	22.508474	117998	452000.0	26540.140310764313
114	12.179978	0.0055555557	1.5595637e-05	0.057439975	15.77319	15.773995	0.23747854	-12.307056	-37.719585	2.4105878	2.4389322	0.02277365	10.0	22.82261	3.9181168	30.182787	-1.9880592	1.5836643	0.5464876	4.2092123	0.7358301	22.183332	118998	456000.0	26785.714618444443
115	12.277512	0.0	1.4144814e-05	0.056324106	15.724823	15.724136	0.23918559	-12.0875635	-37.76253	2.2526467	2.275827	0.021914974	10.0	22.589869	3.4343517	30.849203	10.114828	1.5681441	0.5099885	3.7884486	0.91342276	22.516853	119998	460000.0	27028.116819620132
116	12.373633	0.0055555557	1.2792634e-05	0.05518888	15.912404	15.914441	0.23216888	-12.599674	-39.493538	2.4818974	2.5112388	0.02245504	10.0	22.851324	4.4337125	31.475283	0.6817403	1.6243536	0.55861133	3.9128795	0.66690415	22.25	120998	464000.0	27263.14851808548
117	12.468818	0.0	1.1544932e-05	0.058092814	16.186043	16.18226	0.2235955	-13.344945	-44.149727	2.7559497	2.7832131	0.02273438	10.0	22.694956	4.1169815	32.826588	2.3070168	1.5890825	0.45243385	3.5308278	0.6677567	22.398876	121998	468000.0	27497.946172952652
118	12.56594	0.0054945056	1.0467643e-05	0.056437973	15.973532	15.974496	0.23138385	-12.594404	-40.20911	2.394869	2.4228933	0.021691948	10.0	22.94004	4.122464	32.1005	1.8955057	1.608118	0.48970145	3.7679546	0.67322266	22.06044	122998	472000.0	27743.98756504059
119	12.663965	0.0	9.518858e-06	0.05654213	15.969408	15.968607	0.23180805	-12.485748	-40.255203	2.418302	2.4449668	0.022100402	10.0	22.580008	3.5623474	29.583542	12.736265	1.5923053	0.47640294	3.2752323	0.896472	22.755682	123998	476000.0	27990.1082239151
120	12.761706	0.016759777	8.645571e-06	0.05765871	16.055405	16.056454	0.22793035	-12.732021	-41.775665	2.4574583	2.4843252	0.021841519	10.0	22.640938	4.531695	28.856825	-1.3189	1.5988742	0.51018834	4.081623	0.6591785	22.351955	124998	480000.0	28243.398029327393
121	12.859146	0.0	7.836946e-06	0.0561101	15.905541	15.905533	0.23471433	-12.142312	-39.750076	2.1369927	2.1593294	0.02108242	10.0	22.700443	3.7982745	31.09624	11.519298	1.5466851	0.4468598	3.0059602	0.9053455	22.329609	125998	484000.0	28491.06285762787
122	12.957987	0.0056818184	7.131733e-06	0.05716917	15.845449	15.846525	0.23668519	-11.909621	-38.89688	2.046495	2.0753593	0.021066131	10.0	22.732237	3.521115	29.76482	5.4176297	1.6002544	0.5535855	5.7719555	0.66484594	22.681818	126998	488000.0	28738.330949544907
123	13.054513	0.0	6.4560763e-06	0.056574397	16.228191	16.229456	0.22378574	-13.054896	-43.698338	2.5943964	2.6213965	0.021761384	10.0	22.88148	3.8113225	31.723028	3.643641	1.5074251	0.39106882	2.6970067	0.9153491	22.13812	127998	492000.0	28980.758503198624
124	13.150595	0.0056179776	5.844746e-06	0.05689237	16.08218	16.0827	0.22671653	-12.583291	-42.25797	2.371	2.3991723	0.021305759	10.0	22.650755	3.606366	30.421541	3.0519078	1.5377218	0.4504344	4.1982446	0.90403193	22.376404	128998	496000.0	29212.575651168823
125	13.247111	0.016393442	5.2980445e-06	0.05691359	16.185087	16.186047	0.22406219	-12.850846	-42.602306	2.4086335	2.4348204	0.021272356	10.0	22.475073	4.418733	31.304064	-0.2684271	1.6051795	0.521172	4.1171885	0.9011687	21.972677	129998	500000.0	29457.54870724678
